#                   Germanium Detector Map
#----------------------------------------------------#
#           FEBEXID  FEBEXCHA  DetID  CrystalID
#----------------------------------------------------#
#----------------- Additional signals ---------------------#
#SCI
              0       0          4     0 
              0       1          4     1 
#Time machine
              0       2          4     2
              0       3          4     3
#--------------------------------------------------------------#
              0       4          4     -1
              0       5          4     -1
              0       6          4     -1
              0       7         -1     -1
              0       8         -1     -1
              0       9         -1     -1
              0       10        -1     -1
              0       11        -1     -1
              0       12        -1     -1
              0       13        -1     -1
              0       14        -1     -1
              0       15        -1     -1
#---------------------- Det 0 ---------------------------------#
              1       0         0     0
              1       1         0     1
              1       2         0     2
              1       3         0     3
              1       4         0     4
              1       5         0     5
              1       6         0     6
#Channel skipped
              1       7        -1     -1
#---------------------- Det 1 ----------------------------------#

              1       8         1     0
              1       9         1     1
              1       10        1     2
              1       11        1     3
              1       12        1     4
              1       13        1     5
              1       14        1     6
#Channel skipped
              1       15        -1     -1
#---------------------- Det 2 ---------------------------------#
              2       0         2     0
              2       1         2     1
              2       2         2     2
              2       3         2     3
              2       4         2     4
              2       5         2     5
              2       6         2     6
#Channel skipped
              2       7        -1     -1
#---------------------- Det 3 ---------------------------------#

              2       8         3     0
              2       9         3     1
              2       10        3     2
              2       11        3     3
              2       12        3     4
              2       13        3     5
              2       14        3     6
#Channel skipped
              2       15        -1     -1
#--------------------------------------------------------------#
