00  0	 4.557478E-11	 -4.884243E-07   1.296329E-01	 -1.257799
01  0	 4.119702E-11	 -6.985598E-07   1.328557E-01	 -1.603657
02  0	 2.947629E-11	 -6.689835E-07   1.349679E-01	 1.029869
03  0	 5.727859E-11	 -6.308376E-07   1.313189E-01	 0.848578
04  0	 2.048536E-11	 -5.991804E-07   1.326729E-01	 1.226349
05  0	 4.682707E-11	 -5.905306E-07   1.308316E-01	 0.725079
06  0	 2.805433E-11	 -4.737290E-07   1.338217E-01	 1.561421
07  0	 3.307706E-11	 -6.262870E-07   1.329416E-01	 2.010445
08  0	 3.135305E-11	 -4.395357E-07   1.319505E-01	 1.306835
09  0	 4.863571E-11	 -8.204915E-07   1.336307E-01	 1.171111
10  0	 3.025484E-11	 -6.391639E-07   1.338581E-01	 1.546279
11  0	 3.994982E-11	 -3.038323E-07   1.307930E-01	 1.775256
12  0	 1.370958E-10	 -1.230107E-06   1.368080E-01	 5.578519
13  0	 2.873724E-11	 -5.144096E-07   1.308106E-01	 7.060399
14  0	 2.937065E-11	 -2.118805E-07   1.282105E-01	 4.755455
15  0	 1.353535E-11	 -3.015773E-07   1.299055E-01	 4.128893
16  0	 3.157872E-11	 -2.000592E-07   1.273580E-01	 1.762015
17  0	 8.572955E-11	 -6.705951E-07   1.268818E-01	 -0.577355
18  0	 1.962634E-11	 -4.641828E-07   1.331751E-01	 2.758113
19  0	 9.047489E-11	 -4.209197E-07   1.261530E-01	 1.639334
20  0	 6.139744E-11	 -1.104772E-06   1.374363E-01	 0.661419
21  0	 1.246207E-10	 -1.550096E-06   1.336566E-01	 -1.105814
22  0	 5.004671E-11	 -3.558696E-07   1.298308E-01	 1.299566
23  0	 5.681122E-11	 -5.626221E-07   1.310290E-01	 -1.103228
24  0	 7.909022E-11	 -4.848092E-07   1.297349E-01	 5.180081
25  0	 2.534765E-11	 -5.856928E-07   1.341268E-01	 2.694365
26  0	 8.783098E-11	 -1.247496E-06   1.343974E-01	 -0.839905
27  0	 1.673113E-11	 -2.413487E-07   1.257413E-01	 0.179148
28  0	 3.659789E-11	 -2.186816E-07   1.316413E-01	 1.697677
29  0	 8.349148E-11	 -7.139090E-07   1.296865E-01	 0.175427
30  0	 6.446615E-11	 -3.654607E-07   1.278541E-01	 2.546452
31  0	 1.089538E-11	 -1.111873E-08   1.299432E-01	 3.085152
32  0	 2.885911E-11	 -5.506239E-07   1.318379E-01	 -0.022099
33  0	 1.852716E-11	 -6.205129E-07   1.353605E-01	 -0.228727
34  0	 4.291262E-11	 -6.017840E-07   1.329696E-01	 1.228718
35  0	 3.250709E-11	 -5.186339E-07   1.352585E-01	 -0.288213
36  0	 0		 0	     1  	     0
37  0	 0		 0	     1  	     0
38  0	 0		 0	     1  	     0
39  0	 0		 0	     1  	     0 
40  0	 0		 0	     1  	     0 
41  0	 0		 0	     1  	     0 
42  0	 0		 0	     1  	     0
43  0	 0		 0	     1  	     0 
44  0	 0		 0	     1  	     0
45  0	 0		 0	     1  	     0 
46  0	 0		 0	     1  	     0 
47  0	 0		 0	     1  	     0 
48  0	 0		 0	     1  	     0 
49  0	 0		 0	     1  	     0 
