1   0   0   60000
1   1   0   70000
1   2   0   78000
1   3   0   60000
1   4   0   60000
1   5   0   60000
1   6   0   60000
1   7   0   60000
1   8   0   65000
1   9   0   61000
1   10  0   6200
1   11  0   67000
1   12  0   60000
1   13  0   60000
1   14  0   60000
1   15  0   60000
2   0   10000   77200
2   1   10000   74000
2   2   10000   72000
2   3   10000   87000
2   4   10000   70000
2   5   10000   77000
2   6   10000   70000
2   7   10000   80000
2   8   10000   77000
2   9   10000   83500
2   10  10000   66700
2   11  10000   51000
2   12  10000   64000
2   13  10000   66500
2   14  10000   80000
2   15  10000   72000
