# Calibration file of tamex_id 1 @ channel 13
# fine_T bin		 Calibration value
1		0
2		0
3		0
4		0
5		0
6		0
7		0
8		0
9		0
10		0
11		0
12		0
13		0
14		0
15		0
16		0
17		0.00215285
18		0.00621015
19		0.0080732
20		0.0101432
21		0.0132069
22		0.0175954
23		0.0193757
24		0.0207833
25		0.023226
26		0.024054
27		0.0261654
28		0.0281527
29		0.0294361
30		0.0308438
31		0.0336176
32		0.0354807
33		0.0370125
34		0.0402004
35		0.0418564
36		0.0447959
37		0.0470729
38		0.0483978
39		0.0492672
40		0.0532831
41		0.0543181
42		0.0556844
43		0.058955
44		0.0606939
45		0.0621015
46		0.0630537
47		0.0674422
48		0.0689741
49		0.0700919
50		0.0707957
51		0.0755982
52		0.0763849
53		0.0796555
54		0.080732
55		0.0822638
56		0.0852447
57		0.0858243
58		0.0881428
59		0.091165
60		0.0922829
61		0.0946841
62		0.0953051
63		0.097251
64		0.0992796
65		0.101225
66		0.102385
67		0.105531
68		0.106194
69		0.108926
70		0.109671
71		0.112983
72		0.113646
73		0.117413
74		0.11849
75		0.119235
76		0.121553
77		0.12383
78		0.124451
79		0.126232
80		0.127971
81		0.130951
82		0.1324
83		0.133974
84		0.136996
85		0.139356
86		0.140681
87		0.142212
88		0.144076
89		0.146353
90		0.147843
91		0.148754
92		0.152439
93		0.15397
94		0.157282
95		0.158235
96		0.160926
97		0.161671
98		0.166059
99		0.16755
100		0.16933
101		0.170034
102		0.171938
103		0.174547
104		0.177279
105		0.178894
106		0.180715
107		0.182537
108		0.185849
109		0.186346
110		0.188168
111		0.191273
112		0.191562
113		0.194212
114		0.195744
115		0.199015
116		0.201333
117		0.201623
118		0.204066
119		0.206053
120		0.20862
121		0.210566
122		0.21305
123		0.215823
124		0.216403
125		0.217852
126		0.219053
127		0.223317
128		0.223979
129		0.224973
130		0.228244
131		0.229279
132		0.231639
133		0.232384
134		0.233377
135		0.235986
136		0.24025
137		0.24261
138		0.242983
139		0.245135
140		0.247123
141		0.249234
142		0.251097
143		0.253167
144		0.255693
145		0.258467
146		0.260454
147		0.260619
148		0.261903
149		0.266954
150		0.2701
151		0.270763
152		0.272253
153		0.273868
154		0.276931
155		0.277387
156		0.280657
157		0.281941
158		0.283473
159		0.285833
160		0.288648
161		0.290552
162		0.292829
163		0.295727
164		0.296721
165		0.298004
166		0.301855
167		0.303925
168		0.305084
169		0.306947
170		0.308396
171		0.310383
172		0.313281
173		0.315144
174		0.316055
175		0.320734
176		0.320899
177		0.322597
178		0.32624
179		0.327689
180		0.328641
181		0.331539
182		0.333858
183		0.336839
184		0.33866
185		0.339323
186		0.339695
187		0.344291
188		0.347354
189		0.348762
190		0.349673
191		0.350956
192		0.354931
193		0.356131
194		0.358864
195		0.361017
196		0.362217
197		0.364619
198		0.366689
199		0.368345
200		0.372402
201		0.375424
202		0.375673
203		0.37766
204		0.379606
205		0.384988
206		0.386147
207		0.388052
208		0.389625
209		0.393765
210		0.395048
211		0.396911
212		0.398319
213		0.400679
214		0.404446
215		0.405647
216		0.406889
217		0.411278
218		0.412188
219		0.413099
220		0.416577
221		0.418192
222		0.419723
223		0.421379
224		0.422415
225		0.424526
226		0.427548
227		0.430902
228		0.431192
229		0.432889
230		0.436035
231		0.437774
232		0.439182
233		0.442328
234		0.443405
235		0.445392
236		0.448042
237		0.44916
238		0.451188
239		0.457067
240		0.457605
241		0.457771
242		0.458351
243		0.462905
244		0.464975
245		0.465844
246		0.468287
247		0.47015
248		0.473379
249		0.473793
250		0.476194
251		0.478554
252		0.480417
253		0.483688
254		0.484268
255		0.486131
256		0.489815
257		0.4935
258		0.49379
259		0.494618
260		0.497102
261		0.501408
262		0.502236
263		0.504264
264		0.504844
265		0.508487
266		0.512752
267		0.513166
268		0.513787
269		0.517554
270		0.518879
271		0.520742
272		0.52364
273		0.524385
274		0.526414
275		0.527821
276		0.528153
277		0.530968
278		0.534777
279		0.535522
280		0.537841
281		0.538172
282		0.539579
283		0.543388
284		0.544589
285		0.548356
286		0.55349
287		0.554401
288		0.554898
289		0.556595
290		0.562019
291		0.563385
292		0.565662
293		0.565993
294		0.565993
295		0.567111
296		0.570175
297		0.572328
298		0.573652
299		0.575681
300		0.575971
301		0.57771
302		0.57949
303		0.581312
304		0.583796
305		0.587812
306		0.58864
307		0.590792
308		0.5922
309		0.595015
310		0.596547
311		0.598907
312		0.599776
313		0.602012
314		0.604248
315		0.605283
316		0.60727
317		0.610499
318		0.611327
319		0.613687
320		0.615302
321		0.616792
322		0.620518
323		0.62085
324		0.623458
325		0.623872
326		0.627971
327		0.630123
328		0.632069
329		0.632483
330		0.633974
331		0.636623
332		0.639977
333		0.640515
334		0.642005
335		0.642461
336		0.645856
337		0.647056
338		0.650493
339		0.652273
340		0.65306
341		0.654136
342		0.655585
343		0.658607
344		0.662582
345		0.6637
346		0.667922
347		0.669372
348		0.673719
349		0.674174
350		0.678231
351		0.679929
352		0.682082
353		0.684814
354		0.686305
355		0.687133
356		0.687174
357		0.687754
358		0.691687
359		0.692597
360		0.695289
361		0.695413
362		0.696655
363		0.699056
364		0.701664
365		0.702617
366		0.703113
367		0.705929
368		0.709282
369		0.710359
370		0.714209
371		0.715451
372		0.716403
373		0.71839
374		0.719632
375		0.72282
376		0.725636
377		0.726795
378		0.728327
379		0.729734
380		0.730148
381		0.735075
382		0.73553
383		0.738718
384		0.740498
385		0.743148
386		0.745011
387		0.747205
388		0.748654
389		0.752588
390		0.752919
391		0.754244
392		0.756065
393		0.75826
394		0.759626
395		0.761779
396		0.763807
397		0.767533
398		0.768858
399		0.770763
400		0.770845
401		0.773619
402		0.776228
403		0.779126
404		0.780492
405		0.781651
406		0.784508
407		0.785626
408		0.786702
409		0.790966
410		0.792084
411		0.793864
412		0.796887
413		0.798791
414		0.801358
415		0.801731
416		0.805374
417		0.807361
418		0.807817
419		0.810176
420		0.811791
421		0.813944
422		0.816511
423		0.818208
424		0.820568
425		0.821313
426		0.823922
427		0.825867
428		0.828641
429		0.830049
430		0.831415
431		0.835969
432		0.837128
433		0.839447
434		0.842014
435		0.842552
436		0.844498
437		0.845657
438		0.8481
439		0.850128
440		0.850874
441		0.853896
442		0.854393
443		0.856877
444		0.85816
445		0.862424
446		0.863956
447		0.864991
448		0.866937
449		0.869504
450		0.870663
451		0.874389
452		0.875176
453		0.877039
454		0.878778
455		0.880599
456		0.88209
457		0.88565
458		0.886768
459		0.887555
460		0.889915
461		0.892068
462		0.895338
463		0.897036
464		0.899271
465		0.901714
466		0.902666
467		0.905523
468		0.90751
469		0.9078
470		0.910325
471		0.913141
472		0.913223
473		0.915997
474		0.916618
475		0.919848
476		0.920883
477		0.923946
478		0.926513
479		0.928542
480		0.929701
481		0.930446
482		0.932972
483		0.935497
484		0.937277
485		0.939679
486		0.940134
487		0.943488
488		0.945433
489		0.947462
490		0.95036
491		0.952016
492		0.952968
493		0.955701
494		0.957605
495		0.959593
496		0.961497
497		0.96307
498		0.964726
499		0.967914
500		0.969653
501		0.971185
502		0.972593
503		0.974373
504		0.977312
505		0.978803
506		0.980707
507		0.981411
508		0.982529
509		0.987207
510		0.988987
511		0.989319
512		0.99172
513		0.993831
514		0.99408
515		0.994742
516		0.995404
517		0.99793
518		0.999213
519		0.99942
520		0.999752
521		0.999793
522		1
523		1
524		1
525		1
526		1
527		1
528		1
529		1
530		1
531		1
532		1
533		1
534		1
535		1
536		1
537		1
538		1
539		1
540		1
541		1
542		1
543		1
544		1
545		1
546		1
547		1
548		1
549		1
550		1
551		1
552		1
553		1
554		1
555		1
556		1
557		1
558		1
559		1
560		1
561		1
562		1
563		1
564		1
565		1
566		1
567		1
568		1
569		1
570		1
571		1
572		1
573		1
574		1
575		1
576		1
577		1
578		1
579		1
580		1
581		1
582		1
583		1
584		1
585		1
586		1
587		1
588		1
589		1
590		1
591		1
592		1
593		1
594		1
595		1
596		1
597		1
598		1
599		1
600		1
