# FRS gate for dE deg S2 vs Z1
#Fr1
85.8213 0.598138
85.8134 0.609628
86.2523 0.614907
86.7392 0.61087
86.7552 0.595964
86.2922 0.592083
85.8293 0.597828
85.8213 0.598138
#Fr2
85.7383 0.600964
85.7383 0.614409
86.1871 0.617853
86.6943 0.614409
86.6813 0.596536
86.2911 0.591289
85.7383 0.597684
85.7383 0.600964
#Fr3
85.8168 0.601173
85.8168 0.616613
86.2942 0.618405
86.7414 0.614545
86.7465 0.599932
86.2942 0.593867
85.8268 0.600897
85.8168 0.601173
#Rn1
85.383   52.3018
85.555   53.1733
86.2679 53.443
86.558   53.0073
86.2786 51.866
85.623   51.3265
85.3866 52.3433
85.383   52.3018
#Rn2
85.4511 50.2682
85.5944 51.1397
86.5401 52.0113
86.5258 49.625
86.232   49.4175
85.6624 49.293
85.4869 49.21
85.4511 50.2682
#Rn3
84.9831 0.602685
84.9831 0.614032
85.4399 0.617536
85.9569 0.614533
85.9509 0.603185
85.464  0.597678
84.9891 0.602518
84.9831 0.602685
#At0
84.2125 0.598643
84.5964 0.602109
85.0426 0.600301
85.0426 0.594724
84.7417 0.592464
84.2436 0.593971
84.2333 0.598794
84.2125 0.598643
#At1
84.2079 0.586825
84.2185 0.595236
84.6194 0.598435
85.1089 0.595236
85.1018 0.588379
84.6691 0.583991
84.2115 0.586734
84.2079 0.586825
#At2
84.2656 0.596477
84.2704 0.603998
84.7146 0.607089
85.1926 0.60338
85.1878 0.596683
84.676  0.592871
84.2656 0.596477
84.2656 0.596477

