#Z vs AoQ gate
#219Rn
#2.53878  86.41227
#2.540152 85.95519
#2.540152 85.71927
#2.536636 85.60132
#2.532862 85.73402
#2.532518 86.22059
#2.534834 86.44175
#2.53878  86.41227
#all
#2.596187 93.76401
#2.650111 92.75498
#2.657126 71.78471
#2.59794  72.17954
#2.593995 72.31116
#2.391888 80.33952
#2.494038 91.78982
#2.596187 93.76401
#Z 84
2.65672 83.575
2.61625 83.5921
2.61733 84.4297
2.665   84.3784
2.6578  83.575
2.65708 83.5579
2.65672 83.575
2.65672 83.575
#Z 85
2.66806 84.4297
2.61193 84.4297
2.61211 85.2844
2.67579 85.2331
2.67831 84.9767
2.67256 84.5152
2.66806 84.4297
2.66806 84.4297
#Z 86
2.67022 85.3357
2.61409 85.3357
2.61427 86.1904
2.67795 86.1391
2.68047 85.8827
2.67471 85.4212
2.67022 85.3357
2.67022 85.3357
#Z 87
2.65672 86.1562
2.6247  86.1904
2.62434 87.0622
2.65942 87.028
2.6641  86.5836
2.66266 86.2759
2.65672 86.1562
2.65672 86.1562
#Z 88
2.65043 87.1135
2.62506 87.1306
2.6256  87.934
2.65007 87.9169
2.65133 87.6092
2.65115 87.2674
2.65043 87.1135
2.65043 87.1135
#Z 89
2.71735 87.9682
2.64989 88.0195
2.65061 88.7546
2.68803 88.7546
2.72005 88.7033
2.72437 88.2417
2.71735 87.9682
2.71735 87.9682
#Z 90
2.71735 88.8059
2.64989 88.8571
2.65061 89.5922
2.68803 89.6093
2.72005 89.5409
2.72437 89.0794
2.71735 88.8059
2.71735 88.8059
#Z 91
2.72365 89.6777
2.65619 89.7289
2.65751 90.688
2.69658 90.7338
2.7278  90.5392
2.73066 89.9512
2.72365 89.6777
2.72365 89.6777
