#Z1 vs Z2 gate
#Rn1
85.5667 85.9443
85.754  86.323
86.2081 86.3304
86.3897 85.9369
86.1797 85.5806
85.7427 85.5806
85.5724 85.9369
85.5667 85.9443
#Rn2
85.5667 85.9443
85.754  86.323
86.2081 86.3304
86.3897 85.9369
86.1797 85.5806
85.7427 85.5806
85.5724 85.9369
85.5667 85.9443
#Rn3
85.5667 85.9443
85.754  86.323
86.2081 86.3304
86.3897 85.9369
86.1797 85.5806
85.7427 85.5806
85.5724 85.9369
85.5667 85.9443
#Fr1
86.5884 86.9837
86.7757 87.3623
87.2298 87.3697
87.4114 86.9763
87.2014 86.6199
86.7643 86.6199
86.5941 86.9763
86.5884 86.9837
#Fr2
86.5884 86.9837
86.7757 87.3623
87.2298 87.3697
87.4114 86.9763
87.2014 86.6199
86.7643 86.6199
86.5941 86.9763
86.5884 86.9837
#Fr3
86.5884 86.9837
86.7757 87.3623
87.2298 87.3697
87.4114 86.9763
87.2014 86.6199
86.7643 86.6199
86.5941 86.9763
86.5884 86.9837
#At0
83.3987 84.0071
83.4614 84.3272
83.6859 84.5489
83.9261 84.4873
83.8478 84.1425
83.6076 83.8716
83.4144 83.9455
83.3987 84.0071
#At1
83.3987 84.0071
83.4614 84.3272
83.6859 84.5489
83.9261 84.4873
83.8478 84.1425
83.6076 83.8716
83.4144 83.9455
83.3987 84.0071
#At2
83.3987 84.0071
83.4614 84.3272
83.6859 84.5489
83.9261 84.4873
83.8478 84.1425
83.6076 83.8716
83.4144 83.9455
83.3987 84.0071
