#Z1 vs Z2 gate
#Rn1
716.3   85.436
716.3   86.7185
987.109 86.6893
988.565 85.3195
716.3   85.2903
716.3   85.2903
716.3   85.436
716.3   85.436
#Rn2
716.3   85.436
716.3   86.7185
987.109 86.6893
988.565 85.3195
716.3   85.2903
716.3   85.2903
716.3   85.436
716.3   85.436
#Rn3
716.3   85.436
716.3   86.7185
987.109 86.6893
988.565 85.3195
716.3   85.2903
716.3   85.2903
716.3   85.436
716.3   85.436
#Fr1
747.526 86.4705
747.526 87.6313
1022.53 87.6066
1025.39 86.4705
748.958 86.4211
747.526 86.4705
747.526 86.4705
747.526 86.4705
#Fr2
747.526 86.4705
747.526 87.6313
1022.53 87.6066
1025.39 86.4705
748.958 86.4211
747.526 86.4705
747.526 86.4705
747.526 86.4705
#Fr3
747.526 86.4705
747.526 87.6313
1022.53 87.6066
1025.39 86.4705
748.958 86.4211
747.526 86.4705
747.526 86.4705
747.526 86.4705
#At0
627.468 80.5047
763.997 87.9864
809.507 88.2117
859.154 91.3666
981.892 93.7554
1515.6  93.7103
830.193 80.2343
632.984 80.4146
#At1
386.677 80.0718
386.677 93.8003
721.213 93.8421
830.611 90.6707
599.131 80.1553
386.677 80.0301
386.677 80.0718
386.677 80.0718
#At2
627.468 80.5047
763.997 87.9864
809.507 88.2117
859.154 91.3666
981.892 93.7554
1515.6  93.7103
830.193 80.2343
632.984 80.4146
