#Z1 vs Z2 gate
#Fr1
85.216  85.8172
85.2787 86.1373
85.5032 86.359
85.7434 86.2974
85.6651 85.9526
85.4249 85.6817
85.2317 85.7556
85.216  85.8172
#Fr2
85.216  85.8172
85.2787 86.1373
85.5032 86.359
85.7434 86.2974
85.6651 85.9526
85.4249 85.6817
85.2317 85.7556
85.216  85.8172
#Fr3
85.216  85.8172
85.2787 86.1373
85.5032 86.359
85.7434 86.2974
85.6651 85.9526
85.4249 85.6817
85.2317 85.7556
85.216  85.8172
#Rn1
84.37   84.9429
84.4327 85.2631
84.6572 85.4847
84.8974 85.4231
84.8191 85.0784
84.5789 84.8075
84.3857 84.8813
84.37   84.9429
#Rn2
84.37   84.9429
84.4327 85.2631
84.6572 85.4847
84.8974 85.4231
84.8191 85.0784
84.5789 84.8075
84.3857 84.8813
84.37   84.9429
#Rn3
84.37   84.9429
84.4327 85.2631
84.6572 85.4847
84.8974 85.4231
84.8191 85.0784
84.5789 84.8075
84.3857 84.8813
84.37   84.9429
#At0
83.3987 84.0071
83.4614 84.3272
83.6859 84.5489
83.9261 84.4873
83.8478 84.1425
83.6076 83.8716
83.4144 83.9455
83.3987 84.0071
#At1
83.3987 84.0071
83.4614 84.3272
83.6859 84.5489
83.9261 84.4873
83.8478 84.1425
83.6076 83.8716
83.4144 83.9455
83.3987 84.0071
#At2
83.3987 84.0071
83.4614 84.3272
83.6859 84.5489
83.9261 84.4873
83.8478 84.1425
83.6076 83.8716
83.4144 83.9455
83.3987 84.0071
