##FRS_tof5 shift value 
  1080    0	     	   
  1180    -10.8408879	   
  1280    65.8431526 	   
  1380    53.6410729 	   
  1480    24.7279198 	   
  1580    34.7637707 	   
  1680    21.9513178 	   
  1780    29.0730573 	   
  1880    6.7587418  	   
  2080    10.4303508 	   
  2180    41.2603651 	   
  2280    43.9362425 	   
  2380    41.0479718 	   
  2480    44.9130248 	   
  2580    41.9150204 	   
  2680    50.1547112 	   
  2780    41.9591261 	   
  2880    40.9924526 	   
  2980    26.7998444 	   
  3180    8.1898008  	   
  3280    16.8049574 	   
  3380    11.6383936 	     
  3480    10.3282107     
  3580    10.2160673        
  3680    11.4867379        
  3780    12.9877839 	     
  3880    16.4857732        
  3980    16.5900738       
  4080    18.6202412        
  4180    19.3388635 	   
  4280    13.6869599 	   
  4380    21.40509   	   
  4680    551.3926633     
  4780    31.2874674 	     
  4880    23.9170073       
  4980    20.0676269       
  5080    38.3093925 	     
  5180    42.0544551        
  5280    40.0400451        
  5380    36.0472308        
  5480    47.2022055 	     
  5580    44.084794        
  5680    44.6441299 	   
  5780    39.9558796 	   
  5880    47.9344171 	   
  6280    32.5254276      
  6380    36.341865         
  6480    36.0202383 	     
  6580    39.34286          
  6680    43.3346311        
  6780    46.3996021        
  6880    44.0577602        
  6980    43.1836857 	     
  7080    38.8689214        
  7180    41.5103006 	     
  7280    42.2336954        
  7380    38.104932         
  7480    45.5056331 	     
  7580    41.5172433        
  7680    34.3966201        
  7780    43.3758009        
  7880    51.1484773        
  7980    38.8551864        
  8080    57.96563          
  8180    59.0727869        
  8280    69.6605227        
  8380    76.4435431        
  8480    88.1220555        
  8580    99.8925715 	   
  8680    122.917555 	   
  8780    140.947251 	   
  8880    161.6524954	   
  8980    132.6159979	   
  9080    119.5662614	   
  9180    109.85549388       
  9280    111.90752623       
  9380    116.9497297	     
  9480    113.2082242	     
  9580    117.0187616	   
  9680    104.7049447	   
  9780    104.6331944	   
  9880    104.9819511	   
  9980    108.8983659	   
 10080    112.5806296	   
 10180    102.2508182	   
 10280    103.0563917	   
 10380    107.187864 	   
 10480    98.9525392 	   
 10580    98.6173346 	   
 10680    79.67072   	   
 10780    67.2242377 	   
 10880    74.8799038 	   
 10980    76.6547549 	   
 11080    80.9402662 	   
 11180    79.6919304 	   
 11280    75.9107824 	   
 11380    79.8666836 	   
 11480    69.3960204 	   
