##FRS_Z2 shift value 
  1080    1    0.2909930	
  1180    1    0.2783732	
  1280    1    0.8105851	
  1380    1    0.8459034	
  1480    1    0.9015125	
  1580    1    0.8954704	
  1680    1    0.8672111	
  1780    1    0.7509702	
  1880    1    0.7233639	
  2080    1    0.6208872	
  2180    1    0.6248889	
  2280    1    0.6670491	
  2380    1    0.7607598	
  2480    1    0.7846461	
  2580    1    0.7793094	
  2680    1    0.7964310	
  2780    1    0.7981098	
  2880    1    0.8136856	
  2980    1    0.8234368	
  3180    1    0.7140428	
  3280    1    0.6671120	
  3380    1    0.6177581
  3480    1    0.5479385
  3580    1    0.5170218
  3680    1    0.5158791
  3780    1    0.5280617
  3880    1    0.5544385
  3980    1    0.5850342
  4080    1    0.5934855
  4180    1    0.6109697	
  4280    1    0.6184950	
  4380    1    0.6272184	
  4680    1    0.4613672
  4780    1    0.4580072
  4880    1    0.4183387
  4980    1    0.4032072
  5080    1    0.4015015
  5180    1    0.4288821
  5280    1    0.4778998
  5380    1    0.5230791
  5480    1    0.5957981
  5580    1    0.6394789
  5680    1    0.6689954	
  5780    1    0.6889669	
  5880    1    0.6870243	
  6280    1    0.3158821
  6380    1    0.2575027
  6480    1    0.2183696
  6580    1    0.2021444
  6680    1    0.2438875
  6780    1    0.2806358
  6880    1    0.3363265
  6980    1    0.3624080
  7080    1    0.4144432
  7180    1    0.4717934
  7280    1    0.5151565
  7380    1    0.4891113
  7480    1    0.3946193
  7580    1    0.3212983
  7680    1    0.2615891
  7780    1    0.2080185
  7880    1    0.1867341
  7980    1    0.2109252
  8080    1    0.2466617
  8180    1    0.2927218
  8280    1    0.4042622
  8380    1    0.4569069
  8480    1    0.5587094
  8580    1    0.6360912	
  8680    1    0.7256020	
  8780    1    0.7645975	
  8880    1    0.7580595	
  8980    1    0.7153066	
  9080    1    0.6688618	
  9180    1    0.6134535
  9280    1    0.5525747
  9380    1    0.5377882
  9480    1    0.5696409
  9580    1    0.6421446	
  9680    1    0.7348110	
  9780    1    0.8077236	
  9880    1    0.8363940	
  9980    1    0.9401121	
 10080    1    1.0032909	
 10180    1    1.0480475	
 10280    1    1.0092786	
 10380    1    0.9283861	
 10480    1    0.8523442	
 10580    1    0.7813467	
 10680    1    0.7189174	
 10780    1    0.6738911	
 10880    1    0.6482908	
 10980    1    0.6814470	
 11080    1    0.7444328	
 11180    1    0.8061862	
 11280    1    0.8553884	
 11380    1    0.9090300	
 11480    1    0.9382897	
