##FRS_Z1 shift value 
  1080    1    0.2971668      
  1180    1    0.2645177      
  1280    1    0.2188000      
  1380    1    0.2635309      
  1480    1    0.2467735      
  1580    1    0.2638189      
  1680    1    0.2846234      
  1780    1    0.1794000      
  1880    1    0.1255222      
  2080    1    0.0271392      
  2180    1    0.0448930      
  2280    1    0.0720234      
  2380    1    0.1041743      
  2480    1    0.1239040      
  2580    1    0.1305649      
  2680    1    0.1421268      
  2780    1    0.1469851      
  2880    1    0.1627408      
  2980    1    0.1672177      
  3180    1    0.0820370      
  3280    1    0.0402441      
  3380    1    -0.0111923	
  3480    1    -0.0830141	
  3580    1    -0.1000000	
  3680    1    -0.0994612	
  3780    1    -0.0826349	
  3880    1    -0.0464028	
  3980    1    -0.0127218	
  4080    1    -0.0066641	
  4180    1    0.0070597      
  4280    1    0.0078649      
  4380    1    0.0146349      
  4680    1    -0.1412000	
  4780    1    -0.1363128	
  4880    1    -0.1907444	
  4980    1    -0.2169600	
  5080    1    -0.7635000	
  5180    1    -0.1745485	
  5280    1    -0.1215105	
  5380    1    -0.0790928	
  5480    1    -0.0264848	
  5580    1    -0.0018505	
  5680    1    0.0305268      
  5780    1    0.0342139      
  5880    1    0.0334969      
  6280    1    -0.3270024	
  6380    1    -0.3562115	
  6480    1    -0.3869870	
  6580    1    -0.3976852	
  6680    1    -0.3688550	
  6780    1    -0.3295361	
  6880    1    -0.2805676	
  6980    1    -0.2422473	
  7080    1    -0.2049623	
  7180    1    -0.1558983	
  7280    1    -0.1167160	
  7380    1    -0.1326760	
  7480    1    -0.2323292	
  7580    1    -0.2946541	
  7680    1    -0.3559205	
  7780    1    -0.4041048	
  7880    1    -0.4395385	
  7980    1    -0.3976946	
  8080    1    -0.3625718	
  8180    1    -0.3266542	
  8280    1    -0.2083324	
  8380    1    -0.1491689	
  8480    1    -0.0556224	
  8580    1    0.0249055      
  8680    1    0.1078160      
  8780    1    0.1499281      
  8880    1    0.1337527      
  8980    1    0.0716577      
  9080    1    0.0471179      
  9180    1    -0.0079858	
  9280    1    -0.0912303	
  9380    1    -0.0820256	
  9480    1    -0.0415151	
  9580    1    0.0256221      
  9680    1    0.1148927      
  9780    1    0.1920124      
  9880    1    0.2183028      
  9980    1    0.3034332      
 10080    1    0.3687980      
 10180    1    0.4170496      
 10280    1    0.3832025      
 10380    1    0.3002804      
 10480    1    0.2275901      
 10580    1    0.1699133      
 10680    1    0.0996306      
 10780    1    0.0557349      
 10880    1    0.0187358      
 10980    1    0.0590506      
 11080    1    0.1206326      
 11180    1    0.1762870      
 11280    1    0.2266709      
 11380    1    0.2673305      
 11480    1    0.2968368      
