##FRS_Z1 shift value 
  1080    0.7503044    22.4617563
  1180    0.4564643    48.0145710
  1280    0.6908093    28.0017099
  1380    0.6903096    27.7946291
  1480    0.7181152    25.3242284
  1580    0.5952970    36.7933722
  1680    0.6282242    33.4531976
  1780    0.5361432    42.1689324
  1880    0.4714396    47.5951692
  2080    0.6634813    30.0252728
  2180    0.8506242    13.3062092
  2280    0.8561543    12.8425349
  2380    0.6832095    28.2823128
  2480    0.7829746    19.3920909
  2580    0.8562463    12.8948165
  2680    0.8217222    15.9756055
  2780    0.8519172    13.3073059
  2880    0.8582092    12.7650520
  2980    0.6628794    30.3066767
  3180    0.7801117    20.3320109
  3280    0.8177617    16.2363496
  3380    0.8562375    12.7844176
  3480    0.8574077    12.6259628
  3580    0.6583928    30.2862055
  3680    0.8532091    12.9686590
  3780    0.8570422    12.6474695
  3880    0.8588353    12.5255447
  3980    0.8590137    12.5413822
  4080    0.6492357    31.3444377
  4180    0.8635584    12.1529053
  4280    0.8569059    12.7420902
  4380    0.8578099    12.6699525
  4680    0.6352542    32.8323527
  4780    0.8593219    12.3925706
  4880    0.7632800    20.8278213
  4980    0.8240266    15.4397184
  5080    0.6488672    31.2713608
  5180    0.8506041    13.1147108
  5280    0.8558282    12.7072184
  5380    0.8580269    12.5560334
  5480    0.8571264    12.6815736
  5580    0.8567083    12.7487153
  5680    0.8559159    12.8427329
  5780    0.8569539    12.7474466
  5880    0.8616631    12.3359210
  6280    0.8532353    12.7453143
  6380    0.8558741    12.4830600
  6480    0.8542095    12.5910453
  6580    0.8505411    12.9109404
  6680    0.8546057    12.5812847
  6780    0.8546614    12.6148500
  6880    0.8569277    12.4686524
  6980    0.8550459    12.6693306
  7080    0.8533159    12.8643000
  7180    0.8550349    12.7594620
  7280    0.8579166    12.5394519
  7380    0.8561172    12.6781856
  7480    0.8543614    12.7384525
  7580    0.8563846    12.4920037
  7680    0.8552065    12.5439519
  7780    0.8555207    12.4592304
  7880    0.7323694    23.3487403
  7980    0.6933630    26.8417302
  8080    0.8577298    12.3100873
  8180    0.8247918    15.2591744
  8280    0.8558634    12.6270382
  8380    0.8555727    12.7162296
  8480    0.8530286    13.0346478
  8580    0.8562272    12.8204089
  8680    0.8561313    12.9151518
  8780    0.8591143    12.6966762
  8880    0.8532920    13.1893319
  8980    0.8072819    17.9765953
  9080    0.8571872    12.7615126
  9180    0.8555489    12.8559612
  9280    0.8513766    13.1458660
  9380    0.8578517    12.5762629
  9480    0.8565259    12.7396756
  9580    0.8585575    12.6330452
  9680    0.8575545    12.7971850
  9780    0.8565370    12.9644320
  9880    0.8391623    15.3098945
  9980    0.8599000    12.7744222
 10080    0.8611667    12.7285350
 10180    0.8567904    13.1501272
 10280    0.8598792    12.8501998
 10380    0.8592131    12.8377512
 10480    0.8567703    12.9769798
 10580    0.8575025    12.8510800
 10680    0.8523804    13.2453537
 10780    0.8562898    12.8503015
 10880    0.8581837    12.6488808
 10980    0.8571466    12.7741442
 11080    0.8580315    12.7548759
 11180    0.8583775    12.7826144
 11280    0.8588302    12.7946270
 11380    0.8601423    12.7233461
 11480    0.8636939    12.4363154
