##FRS_Z1 shift value 
   710	  -0.2496
   920    -0.1788
   960    -0.1876
  1000    0.2969360 
  1100    0.2521744 
  1200    0.2204208
  1300    0.2296 
  1400    0.2310028 
  1500    0.2344666 
  1600    0.2453613 
  1700    0.2565460 
  1800    0.1058121 
  1900    0.0818939 
  2100    -0.0028458 
  2200    0.0258102 
  2300    0.0494385 
  2400    0.0838165 
  2500    0.0906219 
  2600    0.1049271 
  2700    0.1103363 
  2800    0.1221771 
  2900    0.1340561 
  3000    0.1613693 
  3200    0.0400543
  3240    -0.378
  3300    0.0535507 
  3400    -0.0658798 
  3500    -0.1264648
  3600    -0.1209412 
  3700    -0.1292648 
  3800    -0.0932388 
  3900    -0.0669861 
  4000    -0.0454254 
  4100    -0.0456619 
  4200    -0.0265884 
  4300    -0.0311966 
  4400    -0.0199966 
  4700    -0.1867294 
  4800    -0.1701736 
  4900    -0.2371826 
  5000    -0.2204056 
  5100    -0.2343750 
  5200    -0.2094803 
  5300    -0.1519623 
  5400    -0.1061630 
  5500    -0.0606079 
  5600    -0.0342941 
  5700    -0.0000687 
  5800    -0.0085526 
  5900    -0.0100555 
  6300    -0.3498688
  6400    -0.3831253
  6500    -0.4120712
  6600    -0.4111252
  6700    -0.3741302
  6800    -0.3408661
  6900    -0.2940369
  7000    -0.2528229
  7100    -0.2415085 
  7200    -0.1857986 
  7300    -0.1541595 
  7400    -0.1786346
  7500    -0.2496185
  7600    -0.3432999
  7700    -0.381813
  7800    -0.4356079
  7900    -0.4475479
  8000    -0.4237213
  8100    -0.3869095
  8200    -0.3478775 
  8300    -0.2348633 
  8400    -0.1774673 
  8500    -0.0876617 
  8600    0.0089951 
  8700    0.0870056 
  8800    0.1095047 
  8900    0.0939789 
  9000    0.0567 
  9100    0.0050583 
  9200    -0.0623856 
  9300    -0.1280441 
  9400    -0.1140976 
  9500    -0.0663071 
  9600    0.0090256 
  9700    0.0989532 
  9800    0.1677246 
  9900    0.1918411 
 10000    0.2849579 
 10100    0.3444901 
 10200    0.3676834 
 10300    0.3277512 
 10400    0.2555161 
 10500    0.1759415 
 10600    0.1176987 
 10700    0.0348663 
 10800    0.0092239 
 10900    -0.0188980 
 11000    0.0321426 
 11100    0.0968399 
 11200    0.1550598 
 11300    0.1967087 
 11400    0.2447128 
 11500    0.2670670 
