# Calibration file of tamex_id 1 @ channel 5
# fine_T bin		 Calibration value
0.125		0
0.25		0
0.375		0
0.5		0
0.625		0
0.75		0
0.875		0
1		0
1.125		0
1.25		0
1.375		0
1.5		0
1.625		0
1.75		0
1.875		0
2		0
2.125		0
2.25		0
2.375		0
2.5		0
2.625		0
2.75		0
2.875		0
3		0
3.125		0
3.25		0
3.375		0
3.5		0
3.625		0
3.75		0
3.875		0
4		0
4.125		0
4.25		0
4.375		0
4.5		0
4.625		0
4.75		0
4.875		0
5		0
5.125		0
5.25		0
5.375		0
5.5		0
5.625		0
5.75		0
5.875		0
6		0
6.125		0
6.25		0
6.375		0
6.5		0
6.625		0
6.75		0
6.875		0
7		0
7.125		0
7.25		0
7.375		0
7.5		0
7.625		0
7.75		0
7.875		0
8		0
8.125		0
8.25		0
8.375		0
8.5		0
8.625		0
8.75		0
8.875		0
9		0
9.125		0
9.25		0
9.375		0
9.5		0
9.625		0
9.75		0
9.875		0
10		0
10.125		0
10.25		0
10.375		0
10.5		0
10.625		0
10.75		0
10.875		0
11		0
11.125		0
11.25		0
11.375		0
11.5		0
11.625		0
11.75		0
11.875		0
12		0
12.125		0
12.25		0
12.375		0
12.5		0
12.625		0
12.75		0
12.875		0
13		0
13.125		0
13.25		0
13.375		0
13.5		0
13.625		0
13.75		0
13.875		0
14		0
14.125		0
14.25		0
14.375		0
14.5		0
14.625		0
14.75		0
14.875		0
15		0
15.125		0
15.25		0
15.375		0
15.5		0
15.625		0
15.75		0
15.875		0
16		0
16.125		0.00644042
16.25		0.00644042
16.375		0.00644042
16.5		0.00644042
16.625		0.00644042
16.75		0.00644042
16.875		0.00644042
17		0.00644042
17.125		0.0122705
17.25		0.0122705
17.375		0.0122705
17.5		0.0122705
17.625		0.0122705
17.75		0.0122705
17.875		0.0122705
18		0.0122705
18.125		0.0124452
18.25		0.0124452
18.375		0.0124452
18.5		0.0124452
18.625		0.0124452
18.75		0.0124452
18.875		0.0124452
19		0.0124452
19.125		0.0125965
19.25		0.0125965
19.375		0.0125965
19.5		0.0125965
19.625		0.0125965
19.75		0.0125965
19.875		0.0125965
20		0.0125965
20.125		0.0194986
20.25		0.0194986
20.375		0.0194986
20.5		0.0194986
20.625		0.0194986
20.75		0.0194986
20.875		0.0194986
21		0.0194986
21.125		0.0211994
21.25		0.0211994
21.375		0.0211994
21.5		0.0211994
21.625		0.0211994
21.75		0.0211994
21.875		0.0211994
22		0.0211994
22.125		0.0233306
22.25		0.0233306
22.375		0.0233306
22.5		0.0233306
22.625		0.0233306
22.75		0.0233306
22.875		0.0233306
23		0.0233306
23.125		0.0247809
23.25		0.0247809
23.375		0.0247809
23.5		0.0247809
23.625		0.0247809
23.75		0.0247809
23.875		0.0247809
24		0.0247809
24.125		0.0298231
24.25		0.0298231
24.375		0.0298231
24.5		0.0298231
24.625		0.0298231
24.75		0.0298231
24.875		0.0298231
25		0.0298231
25.125		0.0304074
25.25		0.0304074
25.375		0.0304074
25.5		0.0304074
25.625		0.0304074
25.75		0.0304074
25.875		0.0304074
26		0.0304074
26.125		0.0305927
26.25		0.0305927
26.375		0.0305927
26.5		0.0305927
26.625		0.0305927
26.75		0.0305927
26.875		0.0305927
27		0.0305927
27.125		0.0324917
27.25		0.0324917
27.375		0.0324917
27.5		0.0324917
27.625		0.0324917
27.75		0.0324917
27.875		0.0324917
28		0.0324917
28.125		0.0355149
28.25		0.0355149
28.375		0.0355149
28.5		0.0355149
28.625		0.0355149
28.75		0.0355149
28.875		0.0355149
29		0.0355149
29.125		0.0370592
29.25		0.0370592
29.375		0.0370592
29.5		0.0370592
29.625		0.0370592
29.75		0.0370592
29.875		0.0370592
30		0.0370592
30.125		0.039712
30.25		0.039712
30.375		0.039712
30.5		0.039712
30.625		0.039712
30.75		0.039712
30.875		0.039712
31		0.039712
31.125		0.0417519
31.25		0.0417519
31.375		0.0417519
31.5		0.0417519
31.625		0.0417519
31.75		0.0417519
31.875		0.0417519
32		0.0417519
32.125		0.0432335
32.25		0.0432335
32.375		0.0432335
32.5		0.0432335
32.625		0.0432335
32.75		0.0432335
32.875		0.0432335
33		0.0432335
33.125		0.046382
33.25		0.046382
33.375		0.046382
33.5		0.046382
33.625		0.046382
33.75		0.046382
33.875		0.046382
34		0.046382
34.125		0.0466976
34.25		0.0466976
34.375		0.0466976
34.5		0.0466976
34.625		0.0466976
34.75		0.0466976
34.875		0.0466976
35		0.0466976
35.125		0.0480827
35.25		0.0480827
35.375		0.0480827
35.5		0.0480827
35.625		0.0480827
35.75		0.0480827
35.875		0.0480827
36		0.0480827
36.125		0.0497965
36.25		0.0497965
36.375		0.0497965
36.5		0.0497965
36.625		0.0497965
36.75		0.0497965
36.875		0.0497965
37		0.0497965
37.125		0.0547658
37.25		0.0547658
37.375		0.0547658
37.5		0.0547658
37.625		0.0547658
37.75		0.0547658
37.875		0.0547658
38		0.0547658
38.125		0.055084
38.25		0.055084
38.375		0.055084
38.5		0.055084
38.625		0.055084
38.75		0.055084
38.875		0.055084
39		0.055084
39.125		0.0567482
39.25		0.0567482
39.375		0.0567482
39.5		0.0567482
39.625		0.0567482
39.75		0.0567482
39.875		0.0567482
40		0.0567482
40.125		0.0574551
40.25		0.0574551
40.375		0.0574551
40.5		0.0574551
40.625		0.0574551
40.75		0.0574551
40.875		0.0574551
41		0.0574551
41.125		0.0599332
41.25		0.0599332
41.375		0.0599332
41.5		0.0599332
41.625		0.0599332
41.75		0.0599332
41.875		0.0599332
42		0.0599332
42.125		0.0634208
42.25		0.0634208
42.375		0.0634208
42.5		0.0634208
42.625		0.0634208
42.75		0.0634208
42.875		0.0634208
43		0.0634208
43.125		0.0647172
43.25		0.0647172
43.375		0.0647172
43.5		0.0647172
43.625		0.0647172
43.75		0.0647172
43.875		0.0647172
44		0.0647172
44.125		0.0682413
44.25		0.0682413
44.375		0.0682413
44.5		0.0682413
44.625		0.0682413
44.75		0.0682413
44.875		0.0682413
45		0.0682413
45.125		0.0700908
45.25		0.0700908
45.375		0.0700908
45.5		0.0700908
45.625		0.0700908
45.75		0.0700908
45.875		0.0700908
46		0.0700908
46.125		0.0744183
46.25		0.0744183
46.375		0.0744183
46.5		0.0744183
46.625		0.0744183
46.75		0.0744183
46.875		0.0744183
47		0.0744183
47.125		0.0746218
47.25		0.0746218
47.375		0.0746218
47.5		0.0746218
47.625		0.0746218
47.75		0.0746218
47.875		0.0746218
48		0.0746218
48.125		0.0750339
48.25		0.0750339
48.375		0.0750339
48.5		0.0750339
48.625		0.0750339
48.75		0.0750339
48.875		0.0750339
49		0.0750339
49.125		0.0755687
49.25		0.0755687
49.375		0.0755687
49.5		0.0755687
49.625		0.0755687
49.75		0.0755687
49.875		0.0755687
50		0.0755687
50.125		0.0801805
50.25		0.0801805
50.375		0.0801805
50.5		0.0801805
50.625		0.0801805
50.75		0.0801805
50.875		0.0801805
51		0.0801805
51.125		0.0833316
51.25		0.0833316
51.375		0.0833316
51.5		0.0833316
51.625		0.0833316
51.75		0.0833316
51.875		0.0833316
52		0.0833316
52.125		0.0847871
52.25		0.0847871
52.375		0.0847871
52.5		0.0847871
52.625		0.0847871
52.75		0.0847871
52.875		0.0847871
53		0.0847871
53.125		0.0863783
53.25		0.0863783
53.375		0.0863783
53.5		0.0863783
53.625		0.0863783
53.75		0.0863783
53.875		0.0863783
54		0.0863783
54.125		0.0877895
54.25		0.0877895
54.375		0.0877895
54.5		0.0877895
54.625		0.0877895
54.75		0.0877895
54.875		0.0877895
55		0.0877895
55.125		0.0919319
55.25		0.0919319
55.375		0.0919319
55.5		0.0919319
55.625		0.0919319
55.75		0.0919319
55.875		0.0919319
56		0.0919319
56.125		0.0925892
56.25		0.0925892
56.375		0.0925892
56.5		0.0925892
56.625		0.0925892
56.75		0.0925892
56.875		0.0925892
57		0.0925892
57.125		0.0958812
57.25		0.0958812
57.375		0.0958812
57.5		0.0958812
57.625		0.0958812
57.75		0.0958812
57.875		0.0958812
58		0.0958812
58.125		0.0961603
58.25		0.0961603
58.375		0.0961603
58.5		0.0961603
58.625		0.0961603
58.75		0.0961603
58.875		0.0961603
59		0.0961603
59.125		0.100143
59.25		0.100143
59.375		0.100143
59.5		0.100143
59.625		0.100143
59.75		0.100143
59.875		0.100143
60		0.100143
60.125		0.101025
60.25		0.101025
60.375		0.101025
60.5		0.101025
60.625		0.101025
60.75		0.101025
60.875		0.101025
61		0.101025
61.125		0.102835
61.25		0.102835
61.375		0.102835
61.5		0.102835
61.625		0.102835
61.75		0.102835
61.875		0.102835
62		0.102835
62.125		0.103242
62.25		0.103242
62.375		0.103242
62.5		0.103242
62.625		0.103242
62.75		0.103242
62.875		0.103242
63		0.103242
63.125		0.108874
63.25		0.108874
63.375		0.108874
63.5		0.108874
63.625		0.108874
63.75		0.108874
63.875		0.108874
64		0.108874
64.125		0.109886
64.25		0.109886
64.375		0.109886
64.5		0.109886
64.625		0.109886
64.75		0.109886
64.875		0.109886
65		0.109886
65.125		0.111146
65.25		0.111146
65.375		0.111146
65.5		0.111146
65.625		0.111146
65.75		0.111146
65.875		0.111146
66		0.111146
66.125		0.111749
66.25		0.111749
66.375		0.111749
66.5		0.111749
66.625		0.111749
66.75		0.111749
66.875		0.111749
67		0.111749
67.125		0.116408
67.25		0.116408
67.375		0.116408
67.5		0.116408
67.625		0.116408
67.75		0.116408
67.875		0.116408
68		0.116408
68.125		0.116901
68.25		0.116901
68.375		0.116901
68.5		0.116901
68.625		0.116901
68.75		0.116901
68.875		0.116901
69		0.116901
69.125		0.121116
69.25		0.121116
69.375		0.121116
69.5		0.121116
69.625		0.121116
69.75		0.121116
69.875		0.121116
70		0.121116
70.125		0.122475
70.25		0.122475
70.375		0.122475
70.5		0.122475
70.625		0.122475
70.75		0.122475
70.875		0.122475
71		0.122475
71.125		0.123242
71.25		0.123242
71.375		0.123242
71.5		0.123242
71.625		0.123242
71.75		0.123242
71.875		0.123242
72		0.123242
72.125		0.128795
72.25		0.128795
72.375		0.128795
72.5		0.128795
72.625		0.128795
72.75		0.128795
72.875		0.128795
73		0.128795
73.125		0.130045
73.25		0.130045
73.375		0.130045
73.5		0.130045
73.625		0.130045
73.75		0.130045
73.875		0.130045
74		0.130045
74.125		0.130306
74.25		0.130306
74.375		0.130306
74.5		0.130306
74.625		0.130306
74.75		0.130306
74.875		0.130306
75		0.130306
75.125		0.134104
75.25		0.134104
75.375		0.134104
75.5		0.134104
75.625		0.134104
75.75		0.134104
75.875		0.134104
76		0.134104
76.125		0.134232
76.25		0.134232
76.375		0.134232
76.5		0.134232
76.625		0.134232
76.75		0.134232
76.875		0.134232
77		0.134232
77.125		0.137784
77.25		0.137784
77.375		0.137784
77.5		0.137784
77.625		0.137784
77.75		0.137784
77.875		0.137784
78		0.137784
78.125		0.138843
78.25		0.138843
78.375		0.138843
78.5		0.138843
78.625		0.138843
78.75		0.138843
78.875		0.138843
79		0.138843
79.125		0.140766
79.25		0.140766
79.375		0.140766
79.5		0.140766
79.625		0.140766
79.75		0.140766
79.875		0.140766
80		0.140766
80.125		0.144869
80.25		0.144869
80.375		0.144869
80.5		0.144869
80.625		0.144869
80.75		0.144869
80.875		0.144869
81		0.144869
81.125		0.145686
81.25		0.145686
81.375		0.145686
81.5		0.145686
81.625		0.145686
81.75		0.145686
81.875		0.145686
82		0.145686
82.125		0.14711
82.25		0.14711
82.375		0.14711
82.5		0.14711
82.625		0.14711
82.75		0.14711
82.875		0.14711
83		0.14711
83.125		0.149768
83.25		0.149768
83.375		0.149768
83.5		0.149768
83.625		0.149768
83.75		0.149768
83.875		0.149768
84		0.149768
84.125		0.15181
84.25		0.15181
84.375		0.15181
84.5		0.15181
84.625		0.15181
84.75		0.15181
84.875		0.15181
85		0.15181
85.125		0.155916
85.25		0.155916
85.375		0.155916
85.5		0.155916
85.625		0.155916
85.75		0.155916
85.875		0.155916
86		0.155916
86.125		0.156276
86.25		0.156276
86.375		0.156276
86.5		0.156276
86.625		0.156276
86.75		0.156276
86.875		0.156276
87		0.156276
87.125		0.156931
87.25		0.156931
87.375		0.156931
87.5		0.156931
87.625		0.156931
87.75		0.156931
87.875		0.156931
88		0.156931
88.125		0.158739
88.25		0.158739
88.375		0.158739
88.5		0.158739
88.625		0.158739
88.75		0.158739
88.875		0.158739
89		0.158739
89.125		0.162928
89.25		0.162928
89.375		0.162928
89.5		0.162928
89.625		0.162928
89.75		0.162928
89.875		0.162928
90		0.162928
90.125		0.164055
90.25		0.164055
90.375		0.164055
90.5		0.164055
90.625		0.164055
90.75		0.164055
90.875		0.164055
91		0.164055
91.125		0.167996
91.25		0.167996
91.375		0.167996
91.5		0.167996
91.625		0.167996
91.75		0.167996
91.875		0.167996
92		0.167996
92.125		0.168964
92.25		0.168964
92.375		0.168964
92.5		0.168964
92.625		0.168964
92.75		0.168964
92.875		0.168964
93		0.168964
93.125		0.169248
93.25		0.169248
93.375		0.169248
93.5		0.169248
93.625		0.169248
93.75		0.169248
93.875		0.169248
94		0.169248
94.125		0.17482
94.25		0.17482
94.375		0.17482
94.5		0.17482
94.625		0.17482
94.75		0.17482
94.875		0.17482
95		0.17482
95.125		0.176758
95.25		0.176758
95.375		0.176758
95.5		0.176758
95.625		0.176758
95.75		0.176758
95.875		0.176758
96		0.176758
96.125		0.17746
96.25		0.17746
96.375		0.17746
96.5		0.17746
96.625		0.17746
96.75		0.17746
96.875		0.17746
97		0.17746
97.125		0.180128
97.25		0.180128
97.375		0.180128
97.5		0.180128
97.625		0.180128
97.75		0.180128
97.875		0.180128
98		0.180128
98.125		0.183603
98.25		0.183603
98.375		0.183603
98.5		0.183603
98.625		0.183603
98.75		0.183603
98.875		0.183603
99		0.183603
99.125		0.185465
99.25		0.185465
99.375		0.185465
99.5		0.185465
99.625		0.185465
99.75		0.185465
99.875		0.185465
100		0.185465
100.125		0.185771
100.25		0.185771
100.375		0.185771
100.5		0.185771
100.625		0.185771
100.75		0.185771
100.875		0.185771
101		0.185771
101.125		0.186504
101.25		0.186504
101.375		0.186504
101.5		0.186504
101.625		0.186504
101.75		0.186504
101.875		0.186504
102		0.186504
102.125		0.192944
102.25		0.192944
102.375		0.192944
102.5		0.192944
102.625		0.192944
102.75		0.192944
102.875		0.192944
103		0.192944
103.125		0.194139
103.25		0.194139
103.375		0.194139
103.5		0.194139
103.625		0.194139
103.75		0.194139
103.875		0.194139
104		0.194139
104.125		0.194386
104.25		0.194386
104.375		0.194386
104.5		0.194386
104.625		0.194386
104.75		0.194386
104.875		0.194386
105		0.194386
105.125		0.199444
105.25		0.199444
105.375		0.199444
105.5		0.199444
105.625		0.199444
105.75		0.199444
105.875		0.199444
106		0.199444
106.125		0.200217
106.25		0.200217
106.375		0.200217
106.5		0.200217
106.625		0.200217
106.75		0.200217
106.875		0.200217
107		0.200217
107.125		0.200537
107.25		0.200537
107.375		0.200537
107.5		0.200537
107.625		0.200537
107.75		0.200537
107.875		0.200537
108		0.200537
108.125		0.205021
108.25		0.205021
108.375		0.205021
108.5		0.205021
108.625		0.205021
108.75		0.205021
108.875		0.205021
109		0.205021
109.125		0.206195
109.25		0.206195
109.375		0.206195
109.5		0.206195
109.625		0.206195
109.75		0.206195
109.875		0.206195
110		0.206195
110.125		0.206365
110.25		0.206365
110.375		0.206365
110.5		0.206365
110.625		0.206365
110.75		0.206365
110.875		0.206365
111		0.206365
111.125		0.210614
111.25		0.210614
111.375		0.210614
111.5		0.210614
111.625		0.210614
111.75		0.210614
111.875		0.210614
112		0.210614
112.125		0.212135
112.25		0.212135
112.375		0.212135
112.5		0.212135
112.625		0.212135
112.75		0.212135
112.875		0.212135
113		0.212135
113.125		0.212276
113.25		0.212276
113.375		0.212276
113.5		0.212276
113.625		0.212276
113.75		0.212276
113.875		0.212276
114		0.212276
114.125		0.215982
114.25		0.215982
114.375		0.215982
114.5		0.215982
114.625		0.215982
114.75		0.215982
114.875		0.215982
115		0.215982
115.125		0.218651
115.25		0.218651
115.375		0.218651
115.5		0.218651
115.625		0.218651
115.75		0.218651
115.875		0.218651
116		0.218651
116.125		0.221332
116.25		0.221332
116.375		0.221332
116.5		0.221332
116.625		0.221332
116.75		0.221332
116.875		0.221332
117		0.221332
117.125		0.222887
117.25		0.222887
117.375		0.222887
117.5		0.222887
117.625		0.222887
117.75		0.222887
117.875		0.222887
118		0.222887
118.125		0.223612
118.25		0.223612
118.375		0.223612
118.5		0.223612
118.625		0.223612
118.75		0.223612
118.875		0.223612
119		0.223612
119.125		0.225222
119.25		0.225222
119.375		0.225222
119.5		0.225222
119.625		0.225222
119.75		0.225222
119.875		0.225222
120		0.225222
120.125		0.226865
120.25		0.226865
120.375		0.226865
120.5		0.226865
120.625		0.226865
120.75		0.226865
120.875		0.226865
121		0.226865
121.125		0.232173
121.25		0.232173
121.375		0.232173
121.5		0.232173
121.625		0.232173
121.75		0.232173
121.875		0.232173
122		0.232173
122.125		0.233822
122.25		0.233822
122.375		0.233822
122.5		0.233822
122.625		0.233822
122.75		0.233822
122.875		0.233822
123		0.233822
123.125		0.235126
123.25		0.235126
123.375		0.235126
123.5		0.235126
123.625		0.235126
123.75		0.235126
123.875		0.235126
124		0.235126
124.125		0.23841
124.25		0.23841
124.375		0.23841
124.5		0.23841
124.625		0.23841
124.75		0.23841
124.875		0.23841
125		0.23841
125.125		0.239725
125.25		0.239725
125.375		0.239725
125.5		0.239725
125.625		0.239725
125.75		0.239725
125.875		0.239725
126		0.239725
126.125		0.240609
126.25		0.240609
126.375		0.240609
126.5		0.240609
126.625		0.240609
126.75		0.240609
126.875		0.240609
127		0.240609
127.125		0.244024
127.25		0.244024
127.375		0.244024
127.5		0.244024
127.625		0.244024
127.75		0.244024
127.875		0.244024
128		0.244024
128.125		0.244024
128.25		0.244024
128.375		0.244024
128.5		0.244024
128.625		0.244024
128.75		0.244024
128.875		0.244024
129		0.244024
129.125		0.24766
129.25		0.24766
129.375		0.24766
129.5		0.24766
129.625		0.24766
129.75		0.24766
129.875		0.24766
130		0.24766
130.125		0.251315
130.25		0.251315
130.375		0.251315
130.5		0.251315
130.625		0.251315
130.75		0.251315
130.875		0.251315
131		0.251315
131.125		0.252431
131.25		0.252431
131.375		0.252431
131.5		0.252431
131.625		0.252431
131.75		0.252431
131.875		0.252431
132		0.252431
132.125		0.253696
132.25		0.253696
132.375		0.253696
132.5		0.253696
132.625		0.253696
132.75		0.253696
132.875		0.253696
133		0.253696
133.125		0.256161
133.25		0.256161
133.375		0.256161
133.5		0.256161
133.625		0.256161
133.75		0.256161
133.875		0.256161
134		0.256161
134.125		0.2574
134.25		0.2574
134.375		0.2574
134.5		0.2574
134.625		0.2574
134.75		0.2574
134.875		0.2574
135		0.2574
135.125		0.258921
135.25		0.258921
135.375		0.258921
135.5		0.258921
135.625		0.258921
135.75		0.258921
135.875		0.258921
136		0.258921
136.125		0.263476
136.25		0.263476
136.375		0.263476
136.5		0.263476
136.625		0.263476
136.75		0.263476
136.875		0.263476
137		0.263476
137.125		0.265116
137.25		0.265116
137.375		0.265116
137.5		0.265116
137.625		0.265116
137.75		0.265116
137.875		0.265116
138		0.265116
138.125		0.268406
138.25		0.268406
138.375		0.268406
138.5		0.268406
138.625		0.268406
138.75		0.268406
138.875		0.268406
139		0.268406
139.125		0.270448
139.25		0.270448
139.375		0.270448
139.5		0.270448
139.625		0.270448
139.75		0.270448
139.875		0.270448
140		0.270448
140.125		0.270873
140.25		0.270873
140.375		0.270873
140.5		0.270873
140.625		0.270873
140.75		0.270873
140.875		0.270873
141		0.270873
141.125		0.273171
141.25		0.273171
141.375		0.273171
141.5		0.273171
141.625		0.273171
141.75		0.273171
141.875		0.273171
142		0.273171
142.125		0.273171
142.25		0.273171
142.375		0.273171
142.5		0.273171
142.625		0.273171
142.75		0.273171
142.875		0.273171
143		0.273171
143.125		0.275913
143.25		0.275913
143.375		0.275913
143.5		0.275913
143.625		0.275913
143.75		0.275913
143.875		0.275913
144		0.275913
144.125		0.280548
144.25		0.280548
144.375		0.280548
144.5		0.280548
144.625		0.280548
144.75		0.280548
144.875		0.280548
145		0.280548
145.125		0.282296
145.25		0.282296
145.375		0.282296
145.5		0.282296
145.625		0.282296
145.75		0.282296
145.875		0.282296
146		0.282296
146.125		0.284336
146.25		0.284336
146.375		0.284336
146.5		0.284336
146.625		0.284336
146.75		0.284336
146.875		0.284336
147		0.284336
147.125		0.287166
147.25		0.287166
147.375		0.287166
147.5		0.287166
147.625		0.287166
147.75		0.287166
147.875		0.287166
148		0.287166
148.125		0.287933
148.25		0.287933
148.375		0.287933
148.5		0.287933
148.625		0.287933
148.75		0.287933
148.875		0.287933
149		0.287933
149.125		0.288254
149.25		0.288254
149.375		0.288254
149.5		0.288254
149.625		0.288254
149.75		0.288254
149.875		0.288254
150		0.288254
150.125		0.292474
150.25		0.292474
150.375		0.292474
150.5		0.292474
150.625		0.292474
150.75		0.292474
150.875		0.292474
151		0.292474
151.125		0.29513
151.25		0.29513
151.375		0.29513
151.5		0.29513
151.625		0.29513
151.75		0.29513
151.875		0.29513
152		0.29513
152.125		0.296012
152.25		0.296012
152.375		0.296012
152.5		0.296012
152.625		0.296012
152.75		0.296012
152.875		0.296012
153		0.296012
153.125		0.299885
153.25		0.299885
153.375		0.299885
153.5		0.299885
153.625		0.299885
153.75		0.299885
153.875		0.299885
154		0.299885
154.125		0.301443
154.25		0.301443
154.375		0.301443
154.5		0.301443
154.625		0.301443
154.75		0.301443
154.875		0.301443
155		0.301443
155.125		0.30264
155.25		0.30264
155.375		0.30264
155.5		0.30264
155.625		0.30264
155.75		0.30264
155.875		0.30264
156		0.30264
156.125		0.304254
156.25		0.304254
156.375		0.304254
156.5		0.304254
156.625		0.304254
156.75		0.304254
156.875		0.304254
157		0.304254
157.125		0.305893
157.25		0.305893
157.375		0.305893
157.5		0.305893
157.625		0.305893
157.75		0.305893
157.875		0.305893
158		0.305893
158.125		0.310246
158.25		0.310246
158.375		0.310246
158.5		0.310246
158.625		0.310246
158.75		0.310246
158.875		0.310246
159		0.310246
159.125		0.312633
159.25		0.312633
159.375		0.312633
159.5		0.312633
159.625		0.312633
159.75		0.312633
159.875		0.312633
160		0.312633
160.125		0.314107
160.25		0.314107
160.375		0.314107
160.5		0.314107
160.625		0.314107
160.75		0.314107
160.875		0.314107
161		0.314107
161.125		0.315988
161.25		0.315988
161.375		0.315988
161.5		0.315988
161.625		0.315988
161.75		0.315988
161.875		0.315988
162		0.315988
162.125		0.317662
162.25		0.317662
162.375		0.317662
162.5		0.317662
162.625		0.317662
162.75		0.317662
162.875		0.317662
163		0.317662
163.125		0.321043
163.25		0.321043
163.375		0.321043
163.5		0.321043
163.625		0.321043
163.75		0.321043
163.875		0.321043
164		0.321043
164.125		0.322978
164.25		0.322978
164.375		0.322978
164.5		0.322978
164.625		0.322978
164.75		0.322978
164.875		0.322978
165		0.322978
165.125		0.325052
165.25		0.325052
165.375		0.325052
165.5		0.325052
165.625		0.325052
165.75		0.325052
165.875		0.325052
166		0.325052
166.125		0.325449
166.25		0.325449
166.375		0.325449
166.5		0.325449
166.625		0.325449
166.75		0.325449
166.875		0.325449
167		0.325449
167.125		0.327009
167.25		0.327009
167.375		0.327009
167.5		0.327009
167.625		0.327009
167.75		0.327009
167.875		0.327009
168		0.327009
168.125		0.328357
168.25		0.328357
168.375		0.328357
168.5		0.328357
168.625		0.328357
168.75		0.328357
168.875		0.328357
169		0.328357
169.125		0.331383
169.25		0.331383
169.375		0.331383
169.5		0.331383
169.625		0.331383
169.75		0.331383
169.875		0.331383
170		0.331383
170.125		0.333543
170.25		0.333543
170.375		0.333543
170.5		0.333543
170.625		0.333543
170.75		0.333543
170.875		0.333543
171		0.333543
171.125		0.335867
171.25		0.335867
171.375		0.335867
171.5		0.335867
171.625		0.335867
171.75		0.335867
171.875		0.335867
172		0.335867
172.125		0.336848
172.25		0.336848
172.375		0.336848
172.5		0.336848
172.625		0.336848
172.75		0.336848
172.875		0.336848
173		0.336848
173.125		0.337492
173.25		0.337492
173.375		0.337492
173.5		0.337492
173.625		0.337492
173.75		0.337492
173.875		0.337492
174		0.337492
174.125		0.342944
174.25		0.342944
174.375		0.342944
174.5		0.342944
174.625		0.342944
174.75		0.342944
174.875		0.342944
175		0.342944
175.125		0.343189
175.25		0.343189
175.375		0.343189
175.5		0.343189
175.625		0.343189
175.75		0.343189
175.875		0.343189
176		0.343189
176.125		0.345537
176.25		0.345537
176.375		0.345537
176.5		0.345537
176.625		0.345537
176.75		0.345537
176.875		0.345537
177		0.345537
177.125		0.347817
177.25		0.347817
177.375		0.347817
177.5		0.347817
177.625		0.347817
177.75		0.347817
177.875		0.347817
178		0.347817
178.125		0.349872
178.25		0.349872
178.375		0.349872
178.5		0.349872
178.625		0.349872
178.75		0.349872
178.875		0.349872
179		0.349872
179.125		0.350261
179.25		0.350261
179.375		0.350261
179.5		0.350261
179.625		0.350261
179.75		0.350261
179.875		0.350261
180		0.350261
180.125		0.355955
180.25		0.355955
180.375		0.355955
180.5		0.355955
180.625		0.355955
180.75		0.355955
180.875		0.355955
181		0.355955
181.125		0.356086
181.25		0.356086
181.375		0.356086
181.5		0.356086
181.625		0.356086
181.75		0.356086
181.875		0.356086
182		0.356086
182.125		0.357674
182.25		0.357674
182.375		0.357674
182.5		0.357674
182.625		0.357674
182.75		0.357674
182.875		0.357674
183		0.357674
183.125		0.359464
183.25		0.359464
183.375		0.359464
183.5		0.359464
183.625		0.359464
183.75		0.359464
183.875		0.359464
184		0.359464
184.125		0.362184
184.25		0.362184
184.375		0.362184
184.5		0.362184
184.625		0.362184
184.75		0.362184
184.875		0.362184
185		0.362184
185.125		0.363851
185.25		0.363851
185.375		0.363851
185.5		0.363851
185.625		0.363851
185.75		0.363851
185.875		0.363851
186		0.363851
186.125		0.367787
186.25		0.367787
186.375		0.367787
186.5		0.367787
186.625		0.367787
186.75		0.367787
186.875		0.367787
187		0.367787
187.125		0.368622
187.25		0.368622
187.375		0.368622
187.5		0.368622
187.625		0.368622
187.75		0.368622
187.875		0.368622
188		0.368622
188.125		0.369559
188.25		0.369559
188.375		0.369559
188.5		0.369559
188.625		0.369559
188.75		0.369559
188.875		0.369559
189		0.369559
189.125		0.370125
189.25		0.370125
189.375		0.370125
189.5		0.370125
189.625		0.370125
189.75		0.370125
189.875		0.370125
190		0.370125
190.125		0.375383
190.25		0.375383
190.375		0.375383
190.5		0.375383
190.625		0.375383
190.75		0.375383
190.875		0.375383
191		0.375383
191.125		0.376432
191.25		0.376432
191.375		0.376432
191.5		0.376432
191.625		0.376432
191.75		0.376432
191.875		0.376432
192		0.376432
192.125		0.378015
192.25		0.378015
192.375		0.378015
192.5		0.378015
192.625		0.378015
192.75		0.378015
192.875		0.378015
193		0.378015
193.125		0.379489
193.25		0.379489
193.375		0.379489
193.5		0.379489
193.625		0.379489
193.75		0.379489
193.875		0.379489
194		0.379489
194.125		0.384278
194.25		0.384278
194.375		0.384278
194.5		0.384278
194.625		0.384278
194.75		0.384278
194.875		0.384278
195		0.384278
195.125		0.384915
195.25		0.384915
195.375		0.384915
195.5		0.384915
195.625		0.384915
195.75		0.384915
195.875		0.384915
196		0.384915
196.125		0.38768
196.25		0.38768
196.375		0.38768
196.5		0.38768
196.625		0.38768
196.75		0.38768
196.875		0.38768
197		0.38768
197.125		0.389991
197.25		0.389991
197.375		0.389991
197.5		0.389991
197.625		0.389991
197.75		0.389991
197.875		0.389991
198		0.389991
198.125		0.391387
198.25		0.391387
198.375		0.391387
198.5		0.391387
198.625		0.391387
198.75		0.391387
198.875		0.391387
199		0.391387
199.125		0.392344
199.25		0.392344
199.375		0.392344
199.5		0.392344
199.625		0.392344
199.75		0.392344
199.875		0.392344
200		0.392344
200.125		0.395133
200.25		0.395133
200.375		0.395133
200.5		0.395133
200.625		0.395133
200.75		0.395133
200.875		0.395133
201		0.395133
201.125		0.395993
201.25		0.395993
201.375		0.395993
201.5		0.395993
201.625		0.395993
201.75		0.395993
201.875		0.395993
202		0.395993
202.125		0.400991
202.25		0.400991
202.375		0.400991
202.5		0.400991
202.625		0.400991
202.75		0.400991
202.875		0.400991
203		0.400991
203.125		0.401865
203.25		0.401865
203.375		0.401865
203.5		0.401865
203.625		0.401865
203.75		0.401865
203.875		0.401865
204		0.401865
204.125		0.404787
204.25		0.404787
204.375		0.404787
204.5		0.404787
204.625		0.404787
204.75		0.404787
204.875		0.404787
205		0.404787
205.125		0.405885
205.25		0.405885
205.375		0.405885
205.5		0.405885
205.625		0.405885
205.75		0.405885
205.875		0.405885
206		0.405885
206.125		0.407742
206.25		0.407742
206.375		0.407742
206.5		0.407742
206.625		0.407742
206.75		0.407742
206.875		0.407742
207		0.407742
207.125		0.41262
207.25		0.41262
207.375		0.41262
207.5		0.41262
207.625		0.41262
207.75		0.41262
207.875		0.41262
208		0.41262
208.125		0.412896
208.25		0.412896
208.375		0.412896
208.5		0.412896
208.625		0.412896
208.75		0.412896
208.875		0.412896
209		0.412896
209.125		0.414741
209.25		0.414741
209.375		0.414741
209.5		0.414741
209.625		0.414741
209.75		0.414741
209.875		0.414741
210		0.414741
210.125		0.415641
210.25		0.415641
210.375		0.415641
210.5		0.415641
210.625		0.415641
210.75		0.415641
210.875		0.415641
211		0.415641
211.125		0.41989
211.25		0.41989
211.375		0.41989
211.5		0.41989
211.625		0.41989
211.75		0.41989
211.875		0.41989
212		0.41989
212.125		0.420281
212.25		0.420281
212.375		0.420281
212.5		0.420281
212.625		0.420281
212.75		0.420281
212.875		0.420281
213		0.420281
213.125		0.424371
213.25		0.424371
213.375		0.424371
213.5		0.424371
213.625		0.424371
213.75		0.424371
213.875		0.424371
214		0.424371
214.125		0.424664
214.25		0.424664
214.375		0.424664
214.5		0.424664
214.625		0.424664
214.75		0.424664
214.875		0.424664
215		0.424664
215.125		0.426881
215.25		0.426881
215.375		0.426881
215.5		0.426881
215.625		0.426881
215.75		0.426881
215.875		0.426881
216		0.426881
216.125		0.43148
216.25		0.43148
216.375		0.43148
216.5		0.43148
216.625		0.43148
216.75		0.43148
216.875		0.43148
217		0.43148
217.125		0.431837
217.25		0.431837
217.375		0.431837
217.5		0.431837
217.625		0.431837
217.75		0.431837
217.875		0.431837
218		0.431837
218.125		0.434028
218.25		0.434028
218.375		0.434028
218.5		0.434028
218.625		0.434028
218.75		0.434028
218.875		0.434028
219		0.434028
219.125		0.436068
219.25		0.436068
219.375		0.436068
219.5		0.436068
219.625		0.436068
219.75		0.436068
219.875		0.436068
220		0.436068
220.125		0.437667
220.25		0.437667
220.375		0.437667
220.5		0.437667
220.625		0.437667
220.75		0.437667
220.875		0.437667
221		0.437667
221.125		0.439822
221.25		0.439822
221.375		0.439822
221.5		0.439822
221.625		0.439822
221.75		0.439822
221.875		0.439822
222		0.439822
222.125		0.44279
222.25		0.44279
222.375		0.44279
222.5		0.44279
222.625		0.44279
222.75		0.44279
222.875		0.44279
223		0.44279
223.125		0.443661
223.25		0.443661
223.375		0.443661
223.5		0.443661
223.625		0.443661
223.75		0.443661
223.875		0.443661
224		0.443661
224.125		0.447754
224.25		0.447754
224.375		0.447754
224.5		0.447754
224.625		0.447754
224.75		0.447754
224.875		0.447754
225		0.447754
225.125		0.449105
225.25		0.449105
225.375		0.449105
225.5		0.449105
225.625		0.449105
225.75		0.449105
225.875		0.449105
226		0.449105
226.125		0.450477
226.25		0.450477
226.375		0.450477
226.5		0.450477
226.625		0.450477
226.75		0.450477
226.875		0.450477
227		0.450477
227.125		0.452922
227.25		0.452922
227.375		0.452922
227.5		0.452922
227.625		0.452922
227.75		0.452922
227.875		0.452922
228		0.452922
228.125		0.456315
228.25		0.456315
228.375		0.456315
228.5		0.456315
228.625		0.456315
228.75		0.456315
228.875		0.456315
229		0.456315
229.125		0.459816
229.25		0.459816
229.375		0.459816
229.5		0.459816
229.625		0.459816
229.75		0.459816
229.875		0.459816
230		0.459816
230.125		0.461678
230.25		0.461678
230.375		0.461678
230.5		0.461678
230.625		0.461678
230.75		0.461678
230.875		0.461678
231		0.461678
231.125		0.461997
231.25		0.461997
231.375		0.461997
231.5		0.461997
231.625		0.461997
231.75		0.461997
231.875		0.461997
232		0.461997
232.125		0.463572
232.25		0.463572
232.375		0.463572
232.5		0.463572
232.625		0.463572
232.75		0.463572
232.875		0.463572
233		0.463572
233.125		0.466864
233.25		0.466864
233.375		0.466864
233.5		0.466864
233.625		0.466864
233.75		0.466864
233.875		0.466864
234		0.466864
234.125		0.467334
234.25		0.467334
234.375		0.467334
234.5		0.467334
234.625		0.467334
234.75		0.467334
234.875		0.467334
235		0.467334
235.125		0.47122
235.25		0.47122
235.375		0.47122
235.5		0.47122
235.625		0.47122
235.75		0.47122
235.875		0.47122
236		0.47122
236.125		0.473748
236.25		0.473748
236.375		0.473748
236.5		0.473748
236.625		0.473748
236.75		0.473748
236.875		0.473748
237		0.473748
237.125		0.474713
237.25		0.474713
237.375		0.474713
237.5		0.474713
237.625		0.474713
237.75		0.474713
237.875		0.474713
238		0.474713
238.125		0.4768
238.25		0.4768
238.375		0.4768
238.5		0.4768
238.625		0.4768
238.75		0.4768
238.875		0.4768
239		0.4768
239.125		0.478448
239.25		0.478448
239.375		0.478448
239.5		0.478448
239.625		0.478448
239.75		0.478448
239.875		0.478448
240		0.478448
240.125		0.480814
240.25		0.480814
240.375		0.480814
240.5		0.480814
240.625		0.480814
240.75		0.480814
240.875		0.480814
241		0.480814
241.125		0.482291
241.25		0.482291
241.375		0.482291
241.5		0.482291
241.625		0.482291
241.75		0.482291
241.875		0.482291
242		0.482291
242.125		0.486629
242.25		0.486629
242.375		0.486629
242.5		0.486629
242.625		0.486629
242.75		0.486629
242.875		0.486629
243		0.486629
243.125		0.48689
243.25		0.48689
243.375		0.48689
243.5		0.48689
243.625		0.48689
243.75		0.48689
243.875		0.48689
244		0.48689
244.125		0.488911
244.25		0.488911
244.375		0.488911
244.5		0.488911
244.625		0.488911
244.75		0.488911
244.875		0.488911
245		0.488911
245.125		0.491554
245.25		0.491554
245.375		0.491554
245.5		0.491554
245.625		0.491554
245.75		0.491554
245.875		0.491554
246		0.491554
246.125		0.493985
246.25		0.493985
246.375		0.493985
246.5		0.493985
246.625		0.493985
246.75		0.493985
246.875		0.493985
247		0.493985
247.125		0.495378
247.25		0.495378
247.375		0.495378
247.5		0.495378
247.625		0.495378
247.75		0.495378
247.875		0.495378
248		0.495378
248.125		0.4979
248.25		0.4979
248.375		0.4979
248.5		0.4979
248.625		0.4979
248.75		0.4979
248.875		0.4979
249		0.4979
249.125		0.498998
249.25		0.498998
249.375		0.498998
249.5		0.498998
249.625		0.498998
249.75		0.498998
249.875		0.498998
250		0.498998
250.125		0.502126
250.25		0.502126
250.375		0.502126
250.5		0.502126
250.625		0.502126
250.75		0.502126
250.875		0.502126
251		0.502126
251.125		0.502502
251.25		0.502502
251.375		0.502502
251.5		0.502502
251.625		0.502502
251.75		0.502502
251.875		0.502502
252		0.502502
252.125		0.506443
252.25		0.506443
252.375		0.506443
252.5		0.506443
252.625		0.506443
252.75		0.506443
252.875		0.506443
253		0.506443
253.125		0.507369
253.25		0.507369
253.375		0.507369
253.5		0.507369
253.625		0.507369
253.75		0.507369
253.875		0.507369
254		0.507369
254.125		0.510364
254.25		0.510364
254.375		0.510364
254.5		0.510364
254.625		0.510364
254.75		0.510364
254.875		0.510364
255		0.510364
255.125		0.512273
255.25		0.512273
255.375		0.512273
255.5		0.512273
255.625		0.512273
255.75		0.512273
255.875		0.512273
256		0.512273
256.125		0.513384
256.25		0.513384
256.375		0.513384
256.5		0.513384
256.625		0.513384
256.75		0.513384
256.875		0.513384
257		0.513384
257.125		0.514587
257.25		0.514587
257.375		0.514587
257.5		0.514587
257.625		0.514587
257.75		0.514587
257.875		0.514587
258		0.514587
258.125		0.518043
258.25		0.518043
258.375		0.518043
258.5		0.518043
258.625		0.518043
258.75		0.518043
258.875		0.518043
259		0.518043
259.125		0.521064
259.25		0.521064
259.375		0.521064
259.5		0.521064
259.625		0.521064
259.75		0.521064
259.875		0.521064
260		0.521064
260.125		0.523844
260.25		0.523844
260.375		0.523844
260.5		0.523844
260.625		0.523844
260.75		0.523844
260.875		0.523844
261		0.523844
261.125		0.526369
261.25		0.526369
261.375		0.526369
261.5		0.526369
261.625		0.526369
261.75		0.526369
261.875		0.526369
262		0.526369
262.125		0.527689
262.25		0.527689
262.375		0.527689
262.5		0.527689
262.625		0.527689
262.75		0.527689
262.875		0.527689
263		0.527689
263.125		0.529982
263.25		0.529982
263.375		0.529982
263.5		0.529982
263.625		0.529982
263.75		0.529982
263.875		0.529982
264		0.529982
264.125		0.531313
264.25		0.531313
264.375		0.531313
264.5		0.531313
264.625		0.531313
264.75		0.531313
264.875		0.531313
265		0.531313
265.125		0.531746
265.25		0.531746
265.375		0.531746
265.5		0.531746
265.625		0.531746
265.75		0.531746
265.875		0.531746
266		0.531746
266.125		0.535765
266.25		0.535765
266.375		0.535765
266.5		0.535765
266.625		0.535765
266.75		0.535765
266.875		0.535765
267		0.535765
267.125		0.538815
267.25		0.538815
267.375		0.538815
267.5		0.538815
267.625		0.538815
267.75		0.538815
267.875		0.538815
268		0.538815
268.125		0.540708
268.25		0.540708
268.375		0.540708
268.5		0.540708
268.625		0.540708
268.75		0.540708
268.875		0.540708
269		0.540708
269.125		0.542057
269.25		0.542057
269.375		0.542057
269.5		0.542057
269.625		0.542057
269.75		0.542057
269.875		0.542057
270		0.542057
270.125		0.542722
270.25		0.542722
270.375		0.542722
270.5		0.542722
270.625		0.542722
270.75		0.542722
270.875		0.542722
271		0.542722
271.125		0.544308
271.25		0.544308
271.375		0.544308
271.5		0.544308
271.625		0.544308
271.75		0.544308
271.875		0.544308
272		0.544308
272.125		0.548557
272.25		0.548557
272.375		0.548557
272.5		0.548557
272.625		0.548557
272.75		0.548557
272.875		0.548557
273		0.548557
273.125		0.549374
273.25		0.549374
273.375		0.549374
273.5		0.549374
273.625		0.549374
273.75		0.549374
273.875		0.549374
274		0.549374
274.125		0.553628
274.25		0.553628
274.375		0.553628
274.5		0.553628
274.625		0.553628
274.75		0.553628
274.875		0.553628
275		0.553628
275.125		0.554148
275.25		0.554148
275.375		0.554148
275.5		0.554148
275.625		0.554148
275.75		0.554148
275.875		0.554148
276		0.554148
276.125		0.556928
276.25		0.556928
276.375		0.556928
276.5		0.556928
276.625		0.556928
276.75		0.556928
276.875		0.556928
277		0.556928
277.125		0.557257
277.25		0.557257
277.375		0.557257
277.5		0.557257
277.625		0.557257
277.75		0.557257
277.875		0.557257
278		0.557257
278.125		0.557552
278.25		0.557552
278.375		0.557552
278.5		0.557552
278.625		0.557552
278.75		0.557552
278.875		0.557552
279		0.557552
279.125		0.561313
279.25		0.561313
279.375		0.561313
279.5		0.561313
279.625		0.561313
279.75		0.561313
279.875		0.561313
280		0.561313
280.125		0.566817
280.25		0.566817
280.375		0.566817
280.5		0.566817
280.625		0.566817
280.75		0.566817
280.875		0.566817
281		0.566817
281.125		0.569462
281.25		0.569462
281.375		0.569462
281.5		0.569462
281.625		0.569462
281.75		0.569462
281.875		0.569462
282		0.569462
282.125		0.569697
282.25		0.569697
282.375		0.569697
282.5		0.569697
282.625		0.569697
282.75		0.569697
282.875		0.569697
283		0.569697
283.125		0.573187
283.25		0.573187
283.375		0.573187
283.5		0.573187
283.625		0.573187
283.75		0.573187
283.875		0.573187
284		0.573187
284.125		0.576779
284.25		0.576779
284.375		0.576779
284.5		0.576779
284.625		0.576779
284.75		0.576779
284.875		0.576779
285		0.576779
285.125		0.577661
285.25		0.577661
285.375		0.577661
285.5		0.577661
285.625		0.577661
285.75		0.577661
285.875		0.577661
286		0.577661
286.125		0.581271
286.25		0.581271
286.375		0.581271
286.5		0.581271
286.625		0.581271
286.75		0.581271
286.875		0.581271
287		0.581271
287.125		0.583047
287.25		0.583047
287.375		0.583047
287.5		0.583047
287.625		0.583047
287.75		0.583047
287.875		0.583047
288		0.583047
288.125		0.583047
288.25		0.583047
288.375		0.583047
288.5		0.583047
288.625		0.583047
288.75		0.583047
288.875		0.583047
289		0.583047
289.125		0.584318
289.25		0.584318
289.375		0.584318
289.5		0.584318
289.625		0.584318
289.75		0.584318
289.875		0.584318
290		0.584318
290.125		0.587336
290.25		0.587336
290.375		0.587336
290.5		0.587336
290.625		0.587336
290.75		0.587336
290.875		0.587336
291		0.587336
291.125		0.590299
291.25		0.590299
291.375		0.590299
291.5		0.590299
291.625		0.590299
291.75		0.590299
291.875		0.590299
292		0.590299
292.125		0.5941
292.25		0.5941
292.375		0.5941
292.5		0.5941
292.625		0.5941
292.75		0.5941
292.875		0.5941
293		0.5941
293.125		0.59447
293.25		0.59447
293.375		0.59447
293.5		0.59447
293.625		0.59447
293.75		0.59447
293.875		0.59447
294		0.59447
294.125		0.595419
294.25		0.595419
294.375		0.595419
294.5		0.595419
294.625		0.595419
294.75		0.595419
294.875		0.595419
295		0.595419
295.125		0.595897
295.25		0.595897
295.375		0.595897
295.5		0.595897
295.625		0.595897
295.75		0.595897
295.875		0.595897
296		0.595897
296.125		0.597715
296.25		0.597715
296.375		0.597715
296.5		0.597715
296.625		0.597715
296.75		0.597715
296.875		0.597715
297		0.597715
297.125		0.604703
297.25		0.604703
297.375		0.604703
297.5		0.604703
297.625		0.604703
297.75		0.604703
297.875		0.604703
298		0.604703
298.125		0.605893
298.25		0.605893
298.375		0.605893
298.5		0.605893
298.625		0.605893
298.75		0.605893
298.875		0.605893
299		0.605893
299.125		0.606122
299.25		0.606122
299.375		0.606122
299.5		0.606122
299.625		0.606122
299.75		0.606122
299.875		0.606122
300		0.606122
300.125		0.606474
300.25		0.606474
300.375		0.606474
300.5		0.606474
300.625		0.606474
300.75		0.606474
300.875		0.606474
301		0.606474
301.125		0.608757
301.25		0.608757
301.375		0.608757
301.5		0.608757
301.625		0.608757
301.75		0.608757
301.875		0.608757
302		0.608757
302.125		0.614073
302.25		0.614073
302.375		0.614073
302.5		0.614073
302.625		0.614073
302.75		0.614073
302.875		0.614073
303		0.614073
303.125		0.616035
303.25		0.616035
303.375		0.616035
303.5		0.616035
303.625		0.616035
303.75		0.616035
303.875		0.616035
304		0.616035
304.125		0.618333
304.25		0.618333
304.375		0.618333
304.5		0.618333
304.625		0.618333
304.75		0.618333
304.875		0.618333
305		0.618333
305.125		0.624671
305.25		0.624671
305.375		0.624671
305.5		0.624671
305.625		0.624671
305.75		0.624671
305.875		0.624671
306		0.624671
306.125		0.626083
306.25		0.626083
306.375		0.626083
306.5		0.626083
306.625		0.626083
306.75		0.626083
306.875		0.626083
307		0.626083
307.125		0.627653
307.25		0.627653
307.375		0.627653
307.5		0.627653
307.625		0.627653
307.75		0.627653
307.875		0.627653
308		0.627653
308.125		0.63125
308.25		0.63125
308.375		0.63125
308.5		0.63125
308.625		0.63125
308.75		0.63125
308.875		0.63125
309		0.63125
309.125		0.635152
309.25		0.635152
309.375		0.635152
309.5		0.635152
309.625		0.635152
309.75		0.635152
309.875		0.635152
310		0.635152
310.125		0.636214
310.25		0.636214
310.375		0.636214
310.5		0.636214
310.625		0.636214
310.75		0.636214
310.875		0.636214
311		0.636214
311.125		0.639835
311.25		0.639835
311.375		0.639835
311.5		0.639835
311.625		0.639835
311.75		0.639835
311.875		0.639835
312		0.639835
312.125		0.640012
312.25		0.640012
312.375		0.640012
312.5		0.640012
312.625		0.640012
312.75		0.640012
312.875		0.640012
313		0.640012
313.125		0.641019
313.25		0.641019
313.375		0.641019
313.5		0.641019
313.625		0.641019
313.75		0.641019
313.875		0.641019
314		0.641019
314.125		0.643573
314.25		0.643573
314.375		0.643573
314.5		0.643573
314.625		0.643573
314.75		0.643573
314.875		0.643573
315		0.643573
315.125		0.645631
315.25		0.645631
315.375		0.645631
315.5		0.645631
315.625		0.645631
315.75		0.645631
315.875		0.645631
316		0.645631
316.125		0.649768
316.25		0.649768
316.375		0.649768
316.5		0.649768
316.625		0.649768
316.75		0.649768
316.875		0.649768
317		0.649768
317.125		0.651409
317.25		0.651409
317.375		0.651409
317.5		0.651409
317.625		0.651409
317.75		0.651409
317.875		0.651409
318		0.651409
318.125		0.652269
318.25		0.652269
318.375		0.652269
318.5		0.652269
318.625		0.652269
318.75		0.652269
318.875		0.652269
319		0.652269
319.125		0.652585
319.25		0.652585
319.375		0.652585
319.5		0.652585
319.625		0.652585
319.75		0.652585
319.875		0.652585
320		0.652585
320.125		0.656459
320.25		0.656459
320.375		0.656459
320.5		0.656459
320.625		0.656459
320.75		0.656459
320.875		0.656459
321		0.656459
321.125		0.66183
321.25		0.66183
321.375		0.66183
321.5		0.66183
321.625		0.66183
321.75		0.66183
321.875		0.66183
322		0.66183
322.125		0.662518
322.25		0.662518
322.375		0.662518
322.5		0.662518
322.625		0.662518
322.75		0.662518
322.875		0.662518
323		0.662518
323.125		0.663199
323.25		0.663199
323.375		0.663199
323.5		0.663199
323.625		0.663199
323.75		0.663199
323.875		0.663199
324		0.663199
324.125		0.665834
324.25		0.665834
324.375		0.665834
324.5		0.665834
324.625		0.665834
324.75		0.665834
324.875		0.665834
325		0.665834
325.125		0.666126
325.25		0.666126
325.375		0.666126
325.5		0.666126
325.625		0.666126
325.75		0.666126
325.875		0.666126
326		0.666126
326.125		0.669992
326.25		0.669992
326.375		0.669992
326.5		0.669992
326.625		0.669992
326.75		0.669992
326.875		0.669992
327		0.669992
327.125		0.674311
327.25		0.674311
327.375		0.674311
327.5		0.674311
327.625		0.674311
327.75		0.674311
327.875		0.674311
328		0.674311
328.125		0.674588
328.25		0.674588
328.375		0.674588
328.5		0.674588
328.625		0.674588
328.75		0.674588
328.875		0.674588
329		0.674588
329.125		0.676745
329.25		0.676745
329.375		0.676745
329.5		0.676745
329.625		0.676745
329.75		0.676745
329.875		0.676745
330		0.676745
330.125		0.678506
330.25		0.678506
330.375		0.678506
330.5		0.678506
330.625		0.678506
330.75		0.678506
330.875		0.678506
331		0.678506
331.125		0.679896
331.25		0.679896
331.375		0.679896
331.5		0.679896
331.625		0.679896
331.75		0.679896
331.875		0.679896
332		0.679896
332.125		0.683235
332.25		0.683235
332.375		0.683235
332.5		0.683235
332.625		0.683235
332.75		0.683235
332.875		0.683235
333		0.683235
333.125		0.686282
333.25		0.686282
333.375		0.686282
333.5		0.686282
333.625		0.686282
333.75		0.686282
333.875		0.686282
334		0.686282
334.125		0.686524
334.25		0.686524
334.375		0.686524
334.5		0.686524
334.625		0.686524
334.75		0.686524
334.875		0.686524
335		0.686524
335.125		0.689762
335.25		0.689762
335.375		0.689762
335.5		0.689762
335.625		0.689762
335.75		0.689762
335.875		0.689762
336		0.689762
336.125		0.690646
336.25		0.690646
336.375		0.690646
336.5		0.690646
336.625		0.690646
336.75		0.690646
336.875		0.690646
337		0.690646
337.125		0.696442
337.25		0.696442
337.375		0.696442
337.5		0.696442
337.625		0.696442
337.75		0.696442
337.875		0.696442
338		0.696442
338.125		0.697605
338.25		0.697605
338.375		0.697605
338.5		0.697605
338.625		0.697605
338.75		0.697605
338.875		0.697605
339		0.697605
339.125		0.699512
339.25		0.699512
339.375		0.699512
339.5		0.699512
339.625		0.699512
339.75		0.699512
339.875		0.699512
340		0.699512
340.125		0.699794
340.25		0.699794
340.375		0.699794
340.5		0.699794
340.625		0.699794
340.75		0.699794
340.875		0.699794
341		0.699794
341.125		0.700355
341.25		0.700355
341.375		0.700355
341.5		0.700355
341.625		0.700355
341.75		0.700355
341.875		0.700355
342		0.700355
342.125		0.704554
342.25		0.704554
342.375		0.704554
342.5		0.704554
342.625		0.704554
342.75		0.704554
342.875		0.704554
343		0.704554
343.125		0.708955
343.25		0.708955
343.375		0.708955
343.5		0.708955
343.625		0.708955
343.75		0.708955
343.875		0.708955
344		0.708955
344.125		0.709649
344.25		0.709649
344.375		0.709649
344.5		0.709649
344.625		0.709649
344.75		0.709649
344.875		0.709649
345		0.709649
345.125		0.713997
345.25		0.713997
345.375		0.713997
345.5		0.713997
345.625		0.713997
345.75		0.713997
345.875		0.713997
346		0.713997
346.125		0.716809
346.25		0.716809
346.375		0.716809
346.5		0.716809
346.625		0.716809
346.75		0.716809
346.875		0.716809
347		0.716809
347.125		0.719947
347.25		0.719947
347.375		0.719947
347.5		0.719947
347.625		0.719947
347.75		0.719947
347.875		0.719947
348		0.719947
348.125		0.720323
348.25		0.720323
348.375		0.720323
348.5		0.720323
348.625		0.720323
348.75		0.720323
348.875		0.720323
349		0.720323
349.125		0.721846
349.25		0.721846
349.375		0.721846
349.5		0.721846
349.625		0.721846
349.75		0.721846
349.875		0.721846
350		0.721846
350.125		0.726654
350.25		0.726654
350.375		0.726654
350.5		0.726654
350.625		0.726654
350.75		0.726654
350.875		0.726654
351		0.726654
351.125		0.726654
351.25		0.726654
351.375		0.726654
351.5		0.726654
351.625		0.726654
351.75		0.726654
351.875		0.726654
352		0.726654
352.125		0.729708
352.25		0.729708
352.375		0.729708
352.5		0.729708
352.625		0.729708
352.75		0.729708
352.875		0.729708
353		0.729708
353.125		0.729708
353.25		0.729708
353.375		0.729708
353.5		0.729708
353.625		0.729708
353.75		0.729708
353.875		0.729708
354		0.729708
354.125		0.730958
354.25		0.730958
354.375		0.730958
354.5		0.730958
354.625		0.730958
354.75		0.730958
354.875		0.730958
355		0.730958
355.125		0.731117
355.25		0.731117
355.375		0.731117
355.5		0.731117
355.625		0.731117
355.75		0.731117
355.875		0.731117
356		0.731117
356.125		0.735038
356.25		0.735038
356.375		0.735038
356.5		0.735038
356.625		0.735038
356.75		0.735038
356.875		0.735038
357		0.735038
357.125		0.738911
357.25		0.738911
357.375		0.738911
357.5		0.738911
357.625		0.738911
357.75		0.738911
357.875		0.738911
358		0.738911
358.125		0.741006
358.25		0.741006
358.375		0.741006
358.5		0.741006
358.625		0.741006
358.75		0.741006
358.875		0.741006
359		0.741006
359.125		0.742261
359.25		0.742261
359.375		0.742261
359.5		0.742261
359.625		0.742261
359.75		0.742261
359.875		0.742261
360		0.742261
360.125		0.74338
360.25		0.74338
360.375		0.74338
360.5		0.74338
360.625		0.74338
360.75		0.74338
360.875		0.74338
361		0.74338
361.125		0.743653
361.25		0.743653
361.375		0.743653
361.5		0.743653
361.625		0.743653
361.75		0.743653
361.875		0.743653
362		0.743653
362.125		0.747681
362.25		0.747681
362.375		0.747681
362.5		0.747681
362.625		0.747681
362.75		0.747681
362.875		0.747681
363		0.747681
363.125		0.748059
363.25		0.748059
363.375		0.748059
363.5		0.748059
363.625		0.748059
363.75		0.748059
363.875		0.748059
364		0.748059
364.125		0.754009
364.25		0.754009
364.375		0.754009
364.5		0.754009
364.625		0.754009
364.75		0.754009
364.875		0.754009
365		0.754009
365.125		0.755439
365.25		0.755439
365.375		0.755439
365.5		0.755439
365.625		0.755439
365.75		0.755439
365.875		0.755439
366		0.755439
366.125		0.75668
366.25		0.75668
366.375		0.75668
366.5		0.75668
366.625		0.75668
366.75		0.75668
366.875		0.75668
367		0.75668
367.125		0.75776
367.25		0.75776
367.375		0.75776
367.5		0.75776
367.625		0.75776
367.75		0.75776
367.875		0.75776
368		0.75776
368.125		0.759182
368.25		0.759182
368.375		0.759182
368.5		0.759182
368.625		0.759182
368.75		0.759182
368.875		0.759182
369		0.759182
369.125		0.7595
369.25		0.7595
369.375		0.7595
369.5		0.7595
369.625		0.7595
369.75		0.7595
369.875		0.7595
370		0.7595
370.125		0.765776
370.25		0.765776
370.375		0.765776
370.5		0.765776
370.625		0.765776
370.75		0.765776
370.875		0.765776
371		0.765776
371.125		0.768202
371.25		0.768202
371.375		0.768202
371.5		0.768202
371.625		0.768202
371.75		0.768202
371.875		0.768202
372		0.768202
372.125		0.769253
372.25		0.769253
372.375		0.769253
372.5		0.769253
372.625		0.769253
372.75		0.769253
372.875		0.769253
373		0.769253
373.125		0.772232
373.25		0.772232
373.375		0.772232
373.5		0.772232
373.625		0.772232
373.75		0.772232
373.875		0.772232
374		0.772232
374.125		0.778177
374.25		0.778177
374.375		0.778177
374.5		0.778177
374.625		0.778177
374.75		0.778177
374.875		0.778177
375		0.778177
375.125		0.780833
375.25		0.780833
375.375		0.780833
375.5		0.780833
375.625		0.780833
375.75		0.780833
375.875		0.780833
376		0.780833
376.125		0.78118
376.25		0.78118
376.375		0.78118
376.5		0.78118
376.625		0.78118
376.75		0.78118
376.875		0.78118
377		0.78118
377.125		0.783303
377.25		0.783303
377.375		0.783303
377.5		0.783303
377.625		0.783303
377.75		0.783303
377.875		0.783303
378		0.783303
378.125		0.789676
378.25		0.789676
378.375		0.789676
378.5		0.789676
378.625		0.789676
378.75		0.789676
378.875		0.789676
379		0.789676
379.125		0.79111
379.25		0.79111
379.375		0.79111
379.5		0.79111
379.625		0.79111
379.75		0.79111
379.875		0.79111
380		0.79111
380.125		0.792459
380.25		0.792459
380.375		0.792459
380.5		0.792459
380.625		0.792459
380.75		0.792459
380.875		0.792459
381		0.792459
381.125		0.793312
381.25		0.793312
381.375		0.793312
381.5		0.793312
381.625		0.793312
381.75		0.793312
381.875		0.793312
382		0.793312
382.125		0.795096
382.25		0.795096
382.375		0.795096
382.5		0.795096
382.625		0.795096
382.75		0.795096
382.875		0.795096
383		0.795096
383.125		0.796961
383.25		0.796961
383.375		0.796961
383.5		0.796961
383.625		0.796961
383.75		0.796961
383.875		0.796961
384		0.796961
384.125		0.801696
384.25		0.801696
384.375		0.801696
384.5		0.801696
384.625		0.801696
384.75		0.801696
384.875		0.801696
385		0.801696
385.125		0.802157
385.25		0.802157
385.375		0.802157
385.5		0.802157
385.625		0.802157
385.75		0.802157
385.875		0.802157
386		0.802157
386.125		0.803062
386.25		0.803062
386.375		0.803062
386.5		0.803062
386.625		0.803062
386.75		0.803062
386.875		0.803062
387		0.803062
387.125		0.80566
387.25		0.80566
387.375		0.80566
387.5		0.80566
387.625		0.80566
387.75		0.80566
387.875		0.80566
388		0.80566
388.125		0.808895
388.25		0.808895
388.375		0.808895
388.5		0.808895
388.625		0.808895
388.75		0.808895
388.875		0.808895
389		0.808895
389.125		0.809607
389.25		0.809607
389.375		0.809607
389.5		0.809607
389.625		0.809607
389.75		0.809607
389.875		0.809607
390		0.809607
390.125		0.813316
390.25		0.813316
390.375		0.813316
390.5		0.813316
390.625		0.813316
390.75		0.813316
390.875		0.813316
391		0.813316
391.125		0.815528
391.25		0.815528
391.375		0.815528
391.5		0.815528
391.625		0.815528
391.75		0.815528
391.875		0.815528
392		0.815528
392.125		0.81586
392.25		0.81586
392.375		0.81586
392.5		0.81586
392.625		0.81586
392.75		0.81586
392.875		0.81586
393		0.81586
393.125		0.817558
393.25		0.817558
393.375		0.817558
393.5		0.817558
393.625		0.817558
393.75		0.817558
393.875		0.817558
394		0.817558
394.125		0.819757
394.25		0.819757
394.375		0.819757
394.5		0.819757
394.625		0.819757
394.75		0.819757
394.875		0.819757
395		0.819757
395.125		0.822765
395.25		0.822765
395.375		0.822765
395.5		0.822765
395.625		0.822765
395.75		0.822765
395.875		0.822765
396		0.822765
396.125		0.823571
396.25		0.823571
396.375		0.823571
396.5		0.823571
396.625		0.823571
396.75		0.823571
396.875		0.823571
397		0.823571
397.125		0.826482
397.25		0.826482
397.375		0.826482
397.5		0.826482
397.625		0.826482
397.75		0.826482
397.875		0.826482
398		0.826482
398.125		0.828866
398.25		0.828866
398.375		0.828866
398.5		0.828866
398.625		0.828866
398.75		0.828866
398.875		0.828866
399		0.828866
399.125		0.830593
399.25		0.830593
399.375		0.830593
399.5		0.830593
399.625		0.830593
399.75		0.830593
399.875		0.830593
400		0.830593
400.125		0.834889
400.25		0.834889
400.375		0.834889
400.5		0.834889
400.625		0.834889
400.75		0.834889
400.875		0.834889
401		0.834889
401.125		0.835924
401.25		0.835924
401.375		0.835924
401.5		0.835924
401.625		0.835924
401.75		0.835924
401.875		0.835924
402		0.835924
402.125		0.836271
402.25		0.836271
402.375		0.836271
402.5		0.836271
402.625		0.836271
402.75		0.836271
402.875		0.836271
403		0.836271
403.125		0.836402
403.25		0.836402
403.375		0.836402
403.5		0.836402
403.625		0.836402
403.75		0.836402
403.875		0.836402
404		0.836402
404.125		0.844175
404.25		0.844175
404.375		0.844175
404.5		0.844175
404.625		0.844175
404.75		0.844175
404.875		0.844175
405		0.844175
405.125		0.846549
405.25		0.846549
405.375		0.846549
405.5		0.846549
405.625		0.846549
405.75		0.846549
405.875		0.846549
406		0.846549
406.125		0.846891
406.25		0.846891
406.375		0.846891
406.5		0.846891
406.625		0.846891
406.75		0.846891
406.875		0.846891
407		0.846891
407.125		0.849377
407.25		0.849377
407.375		0.849377
407.5		0.849377
407.625		0.849377
407.75		0.849377
407.875		0.849377
408		0.849377
408.125		0.850626
408.25		0.850626
408.375		0.850626
408.5		0.850626
408.625		0.850626
408.75		0.850626
408.875		0.850626
409		0.850626
409.125		0.85301
409.25		0.85301
409.375		0.85301
409.5		0.85301
409.625		0.85301
409.75		0.85301
409.875		0.85301
410		0.85301
410.125		0.855731
410.25		0.855731
410.375		0.855731
410.5		0.855731
410.625		0.855731
410.75		0.855731
410.875		0.855731
411		0.855731
411.125		0.856336
411.25		0.856336
411.375		0.856336
411.5		0.856336
411.625		0.856336
411.75		0.856336
411.875		0.856336
412		0.856336
412.125		0.860011
412.25		0.860011
412.375		0.860011
412.5		0.860011
412.625		0.860011
412.75		0.860011
412.875		0.860011
413		0.860011
413.125		0.860969
413.25		0.860969
413.375		0.860969
413.5		0.860969
413.625		0.860969
413.75		0.860969
413.875		0.860969
414		0.860969
414.125		0.862542
414.25		0.862542
414.375		0.862542
414.5		0.862542
414.625		0.862542
414.75		0.862542
414.875		0.862542
415		0.862542
415.125		0.863181
415.25		0.863181
415.375		0.863181
415.5		0.863181
415.625		0.863181
415.75		0.863181
415.875		0.863181
416		0.863181
416.125		0.866366
416.25		0.866366
416.375		0.866366
416.5		0.866366
416.625		0.866366
416.75		0.866366
416.875		0.866366
417		0.866366
417.125		0.870028
417.25		0.870028
417.375		0.870028
417.5		0.870028
417.625		0.870028
417.75		0.870028
417.875		0.870028
418		0.870028
418.125		0.871327
418.25		0.871327
418.375		0.871327
418.5		0.871327
418.625		0.871327
418.75		0.871327
418.875		0.871327
419		0.871327
419.125		0.87422
419.25		0.87422
419.375		0.87422
419.5		0.87422
419.625		0.87422
419.75		0.87422
419.875		0.87422
420		0.87422
420.125		0.874656
420.25		0.874656
420.375		0.874656
420.5		0.874656
420.625		0.874656
420.75		0.874656
420.875		0.874656
421		0.874656
421.125		0.878188
421.25		0.878188
421.375		0.878188
421.5		0.878188
421.625		0.878188
421.75		0.878188
421.875		0.878188
422		0.878188
422.125		0.879805
422.25		0.879805
422.375		0.879805
422.5		0.879805
422.625		0.879805
422.75		0.879805
422.875		0.879805
423		0.879805
423.125		0.881785
423.25		0.881785
423.375		0.881785
423.5		0.881785
423.625		0.881785
423.75		0.881785
423.875		0.881785
424		0.881785
424.125		0.882421
424.25		0.882421
424.375		0.882421
424.5		0.882421
424.625		0.882421
424.75		0.882421
424.875		0.882421
425		0.882421
425.125		0.887912
425.25		0.887912
425.375		0.887912
425.5		0.887912
425.625		0.887912
425.75		0.887912
425.875		0.887912
426		0.887912
426.125		0.888528
426.25		0.888528
426.375		0.888528
426.5		0.888528
426.625		0.888528
426.75		0.888528
426.875		0.888528
427		0.888528
427.125		0.890356
427.25		0.890356
427.375		0.890356
427.5		0.890356
427.625		0.890356
427.75		0.890356
427.875		0.890356
428		0.890356
428.125		0.892793
428.25		0.892793
428.375		0.892793
428.5		0.892793
428.625		0.892793
428.75		0.892793
428.875		0.892793
429		0.892793
429.125		0.893862
429.25		0.893862
429.375		0.893862
429.5		0.893862
429.625		0.893862
429.75		0.893862
429.875		0.893862
430		0.893862
430.125		0.896022
430.25		0.896022
430.375		0.896022
430.5		0.896022
430.625		0.896022
430.75		0.896022
430.875		0.896022
431		0.896022
431.125		0.897723
431.25		0.897723
431.375		0.897723
431.5		0.897723
431.625		0.897723
431.75		0.897723
431.875		0.897723
432		0.897723
432.125		0.899799
432.25		0.899799
432.375		0.899799
432.5		0.899799
432.625		0.899799
432.75		0.899799
432.875		0.899799
433		0.899799
433.125		0.901179
433.25		0.901179
433.375		0.901179
433.5		0.901179
433.625		0.901179
433.75		0.901179
433.875		0.901179
434		0.901179
434.125		0.903386
434.25		0.903386
434.375		0.903386
434.5		0.903386
434.625		0.903386
434.75		0.903386
434.875		0.903386
435		0.903386
435.125		0.905494
435.25		0.905494
435.375		0.905494
435.5		0.905494
435.625		0.905494
435.75		0.905494
435.875		0.905494
436		0.905494
436.125		0.907891
436.25		0.907891
436.375		0.907891
436.5		0.907891
436.625		0.907891
436.75		0.907891
436.875		0.907891
437		0.907891
437.125		0.908859
437.25		0.908859
437.375		0.908859
437.5		0.908859
437.625		0.908859
437.75		0.908859
437.875		0.908859
438		0.908859
438.125		0.911944
438.25		0.911944
438.375		0.911944
438.5		0.911944
438.625		0.911944
438.75		0.911944
438.875		0.911944
439		0.911944
439.125		0.913676
439.25		0.913676
439.375		0.913676
439.5		0.913676
439.625		0.913676
439.75		0.913676
439.875		0.913676
440		0.913676
440.125		0.916126
440.25		0.916126
440.375		0.916126
440.5		0.916126
440.625		0.916126
440.75		0.916126
440.875		0.916126
441		0.916126
441.125		0.917686
441.25		0.917686
441.375		0.917686
441.5		0.917686
441.625		0.917686
441.75		0.917686
441.875		0.917686
442		0.917686
442.125		0.918299
442.25		0.918299
442.375		0.918299
442.5		0.918299
442.625		0.918299
442.75		0.918299
442.875		0.918299
443		0.918299
443.125		0.921844
443.25		0.921844
443.375		0.921844
443.5		0.921844
443.625		0.921844
443.75		0.921844
443.875		0.921844
444		0.921844
444.125		0.922324
444.25		0.922324
444.375		0.922324
444.5		0.922324
444.625		0.922324
444.75		0.922324
444.875		0.922324
445		0.922324
445.125		0.927854
445.25		0.927854
445.375		0.927854
445.5		0.927854
445.625		0.927854
445.75		0.927854
445.875		0.927854
446		0.927854
446.125		0.928884
446.25		0.928884
446.375		0.928884
446.5		0.928884
446.625		0.928884
446.75		0.928884
446.875		0.928884
447		0.928884
447.125		0.930786
447.25		0.930786
447.375		0.930786
447.5		0.930786
447.625		0.930786
447.75		0.930786
447.875		0.930786
448		0.930786
448.125		0.93186
448.25		0.93186
448.375		0.93186
448.5		0.93186
448.625		0.93186
448.75		0.93186
448.875		0.93186
449		0.93186
449.125		0.934294
449.25		0.934294
449.375		0.934294
449.5		0.934294
449.625		0.934294
449.75		0.934294
449.875		0.934294
450		0.934294
450.125		0.937343
450.25		0.937343
450.375		0.937343
450.5		0.937343
450.625		0.937343
450.75		0.937343
450.875		0.937343
451		0.937343
451.125		0.93985
451.25		0.93985
451.375		0.93985
451.5		0.93985
451.625		0.93985
451.75		0.93985
451.875		0.93985
452		0.93985
452.125		0.943382
452.25		0.943382
452.375		0.943382
452.5		0.943382
452.625		0.943382
452.75		0.943382
452.875		0.943382
453		0.943382
453.125		0.943763
453.25		0.943763
453.375		0.943763
453.5		0.943763
453.625		0.943763
453.75		0.943763
453.875		0.943763
454		0.943763
454.125		0.943967
454.25		0.943967
454.375		0.943967
454.5		0.943967
454.625		0.943967
454.75		0.943967
454.875		0.943967
455		0.943967
455.125		0.948302
455.25		0.948302
455.375		0.948302
455.5		0.948302
455.625		0.948302
455.75		0.948302
455.875		0.948302
456		0.948302
456.125		0.950125
456.25		0.950125
456.375		0.950125
456.5		0.950125
456.625		0.950125
456.75		0.950125
456.875		0.950125
457		0.950125
457.125		0.954823
457.25		0.954823
457.375		0.954823
457.5		0.954823
457.625		0.954823
457.75		0.954823
457.875		0.954823
458		0.954823
458.125		0.956127
458.25		0.956127
458.375		0.956127
458.5		0.956127
458.625		0.956127
458.75		0.956127
458.875		0.956127
459		0.956127
459.125		0.956597
459.25		0.956597
459.375		0.956597
459.5		0.956597
459.625		0.956597
459.75		0.956597
459.875		0.956597
460		0.956597
460.125		0.960494
460.25		0.960494
460.375		0.960494
460.5		0.960494
460.625		0.960494
460.75		0.960494
460.875		0.960494
461		0.960494
461.125		0.961864
461.25		0.961864
461.375		0.961864
461.5		0.961864
461.625		0.961864
461.75		0.961864
461.875		0.961864
462		0.961864
462.125		0.963457
462.25		0.963457
462.375		0.963457
462.5		0.963457
462.625		0.963457
462.75		0.963457
462.875		0.963457
463		0.963457
463.125		0.964031
463.25		0.964031
463.375		0.964031
463.5		0.964031
463.625		0.964031
463.75		0.964031
463.875		0.964031
464		0.964031
464.125		0.966966
464.25		0.966966
464.375		0.966966
464.5		0.966966
464.625		0.966966
464.75		0.966966
464.875		0.966966
465		0.966966
465.125		0.971132
465.25		0.971132
465.375		0.971132
465.5		0.971132
465.625		0.971132
465.75		0.971132
465.875		0.971132
466		0.971132
466.125		0.971419
466.25		0.971419
466.375		0.971419
466.5		0.971419
466.625		0.971419
466.75		0.971419
466.875		0.971419
467		0.971419
467.125		0.973111
467.25		0.973111
467.375		0.973111
467.5		0.973111
467.625		0.973111
467.75		0.973111
467.875		0.973111
468		0.973111
468.125		0.976187
468.25		0.976187
468.375		0.976187
468.5		0.976187
468.625		0.976187
468.75		0.976187
468.875		0.976187
469		0.976187
469.125		0.977958
469.25		0.977958
469.375		0.977958
469.5		0.977958
469.625		0.977958
469.75		0.977958
469.875		0.977958
470		0.977958
470.125		0.97968
470.25		0.97968
470.375		0.97968
470.5		0.97968
470.625		0.97968
470.75		0.97968
470.875		0.97968
471		0.97968
471.125		0.983097
471.25		0.983097
471.375		0.983097
471.5		0.983097
471.625		0.983097
471.75		0.983097
471.875		0.983097
472		0.983097
472.125		0.983384
472.25		0.983384
472.375		0.983384
472.5		0.983384
472.625		0.983384
472.75		0.983384
472.875		0.983384
473		0.983384
473.125		0.986657
473.25		0.986657
473.375		0.986657
473.5		0.986657
473.625		0.986657
473.75		0.986657
473.875		0.986657
474		0.986657
474.125		0.987842
474.25		0.987842
474.375		0.987842
474.5		0.987842
474.625		0.987842
474.75		0.987842
474.875		0.987842
475		0.987842
475.125		0.989242
475.25		0.989242
475.375		0.989242
475.5		0.989242
475.625		0.989242
475.75		0.989242
475.875		0.989242
476		0.989242
476.125		0.991212
476.25		0.991212
476.375		0.991212
476.5		0.991212
476.625		0.991212
476.75		0.991212
476.875		0.991212
477		0.991212
477.125		0.996171
477.25		0.996171
477.375		0.996171
477.5		0.996171
477.625		0.996171
477.75		0.996171
477.875		0.996171
478		0.996171
478.125		0.99712
478.25		0.99712
478.375		0.99712
478.5		0.99712
478.625		0.99712
478.75		0.99712
478.875		0.99712
479		0.99712
479.125		0.998871
479.25		0.998871
479.375		0.998871
479.5		0.998871
479.625		0.998871
479.75		0.998871
479.875		0.998871
480		0.998871
480.125		0.999836
480.25		0.999836
480.375		0.999836
480.5		0.999836
480.625		0.999836
480.75		0.999836
480.875		0.999836
481		0.999836
481.125		0.999909
481.25		0.999909
481.375		0.999909
481.5		0.999909
481.625		0.999909
481.75		0.999909
481.875		0.999909
482		0.999909
482.125		1
482.25		1
482.375		1
482.5		1
482.625		1
482.75		1
482.875		1
483		1
483.125		1
483.25		1
483.375		1
483.5		1
483.625		1
483.75		1
483.875		1
484		1
484.125		1
484.25		1
484.375		1
484.5		1
484.625		1
484.75		1
484.875		1
485		1
485.125		1
485.25		1
485.375		1
485.5		1
485.625		1
485.75		1
485.875		1
486		1
486.125		1
486.25		1
486.375		1
486.5		1
486.625		1
486.75		1
486.875		1
487		1
487.125		1
487.25		1
487.375		1
487.5		1
487.625		1
487.75		1
487.875		1
488		1
488.125		1
488.25		1
488.375		1
488.5		1
488.625		1
488.75		1
488.875		1
489		1
489.125		1
489.25		1
489.375		1
489.5		1
489.625		1
489.75		1
489.875		1
490		1
490.125		1
490.25		1
490.375		1
490.5		1
490.625		1
490.75		1
490.875		1
491		1
491.125		1
491.25		1
491.375		1
491.5		1
491.625		1
491.75		1
491.875		1
492		1
492.125		1
492.25		1
492.375		1
492.5		1
492.625		1
492.75		1
492.875		1
493		1
493.125		1
493.25		1
493.375		1
493.5		1
493.625		1
493.75		1
493.875		1
494		1
494.125		1
494.25		1
494.375		1
494.5		1
494.625		1
494.75		1
494.875		1
495		1
495.125		1
495.25		1
495.375		1
495.5		1
495.625		1
495.75		1
495.875		1
496		1
496.125		1
496.25		1
496.375		1
496.5		1
496.625		1
496.75		1
496.875		1
497		1
497.125		1
497.25		1
497.375		1
497.5		1
497.625		1
497.75		1
497.875		1
498		1
498.125		1
498.25		1
498.375		1
498.5		1
498.625		1
498.75		1
498.875		1
499		1
499.125		1
499.25		1
499.375		1
499.5		1
499.625		1
499.75		1
499.875		1
500		1
