# Calibration file of tamex_id 0 @ channel 3
# fine_T bin		 Calibration value
0.125		0
0.25		0
0.375		0
0.5		0
0.625		0
0.75		0
0.875		0
1		0
1.125		0
1.25		0
1.375		0
1.5		0
1.625		0
1.75		0
1.875		0
2		0
2.125		0
2.25		0
2.375		0
2.5		0
2.625		0
2.75		0
2.875		0
3		0
3.125		0
3.25		0
3.375		0
3.5		0
3.625		0
3.75		0
3.875		0
4		0
4.125		0
4.25		0
4.375		0
4.5		0
4.625		0
4.75		0
4.875		0
5		0
5.125		0
5.25		0
5.375		0
5.5		0
5.625		0
5.75		0
5.875		0
6		0
6.125		0
6.25		0
6.375		0
6.5		0
6.625		0
6.75		0
6.875		0
7		0
7.125		0
7.25		0
7.375		0
7.5		0
7.625		0
7.75		0
7.875		0
8		0
8.125		0
8.25		0
8.375		0
8.5		0
8.625		0
8.75		0
8.875		0
9		0
9.125		0
9.25		0
9.375		0
9.5		0
9.625		0
9.75		0
9.875		0
10		0
10.125		0
10.25		0
10.375		0
10.5		0
10.625		0
10.75		0
10.875		0
11		0
11.125		0
11.25		0
11.375		0
11.5		0
11.625		0
11.75		0
11.875		0
12		0
12.125		0
12.25		0
12.375		0
12.5		0
12.625		0
12.75		0
12.875		0
13		0
13.125		0
13.25		0
13.375		0
13.5		0
13.625		0
13.75		0
13.875		0
14		0
14.125		0
14.25		0
14.375		0
14.5		0
14.625		0
14.75		0
14.875		0
15		0
15.125		0
15.25		0
15.375		0
15.5		0
15.625		0
15.75		0
15.875		0
16		0
16.125		0.00364819
16.25		0.00364819
16.375		0.00364819
16.5		0.00364819
16.625		0.00364819
16.75		0.00364819
16.875		0.00364819
17		0.00364819
17.125		0.00817004
17.25		0.00817004
17.375		0.00817004
17.5		0.00817004
17.625		0.00817004
17.75		0.00817004
17.875		0.00817004
18		0.00817004
18.125		0.00867668
18.25		0.00867668
18.375		0.00867668
18.5		0.00867668
18.625		0.00867668
18.75		0.00867668
18.875		0.00867668
19		0.00867668
19.125		0.0103163
19.25		0.0103163
19.375		0.0103163
19.5		0.0103163
19.625		0.0103163
19.75		0.0103163
19.875		0.0103163
20		0.0103163
20.125		0.0159292
20.25		0.0159292
20.375		0.0159292
20.5		0.0159292
20.625		0.0159292
20.75		0.0159292
20.875		0.0159292
21		0.0159292
21.125		0.0190787
21.25		0.0190787
21.375		0.0190787
21.5		0.0190787
21.625		0.0190787
21.75		0.0190787
21.875		0.0190787
22		0.0190787
22.125		0.0194397
22.25		0.0194397
22.375		0.0194397
22.5		0.0194397
22.625		0.0194397
22.75		0.0194397
22.875		0.0194397
23		0.0194397
23.125		0.0198726
23.25		0.0198726
23.375		0.0198726
23.5		0.0198726
23.625		0.0198726
23.75		0.0198726
23.875		0.0198726
24		0.0198726
24.125		0.0268299
24.25		0.0268299
24.375		0.0268299
24.5		0.0268299
24.625		0.0268299
24.75		0.0268299
24.875		0.0268299
25		0.0268299
25.125		0.0269815
25.25		0.0269815
25.375		0.0269815
25.5		0.0269815
25.625		0.0269815
25.75		0.0269815
25.875		0.0269815
26		0.0269815
26.125		0.027143
26.25		0.027143
26.375		0.027143
26.5		0.027143
26.625		0.027143
26.75		0.027143
26.875		0.027143
27		0.027143
27.125		0.029012
27.25		0.029012
27.375		0.029012
27.5		0.029012
27.625		0.029012
27.75		0.029012
27.875		0.029012
28		0.029012
28.125		0.0295865
28.25		0.0295865
28.375		0.0295865
28.5		0.0295865
28.625		0.0295865
28.75		0.0295865
28.875		0.0295865
29		0.0295865
29.125		0.0329973
29.25		0.0329973
29.375		0.0329973
29.5		0.0329973
29.625		0.0329973
29.75		0.0329973
29.875		0.0329973
30		0.0329973
30.125		0.0367273
30.25		0.0367273
30.375		0.0367273
30.5		0.0367273
30.625		0.0367273
30.75		0.0367273
30.875		0.0367273
31		0.0367273
31.125		0.0369646
31.25		0.0369646
31.375		0.0369646
31.5		0.0369646
31.625		0.0369646
31.75		0.0369646
31.875		0.0369646
32		0.0369646
32.125		0.0388755
32.25		0.0388755
32.375		0.0388755
32.5		0.0388755
32.625		0.0388755
32.75		0.0388755
32.875		0.0388755
33		0.0388755
33.125		0.0417199
33.25		0.0417199
33.375		0.0417199
33.5		0.0417199
33.625		0.0417199
33.75		0.0417199
33.875		0.0417199
34		0.0417199
34.125		0.0440995
34.25		0.0440995
34.375		0.0440995
34.5		0.0440995
34.625		0.0440995
34.75		0.0440995
34.875		0.0440995
35		0.0440995
35.125		0.0463075
35.25		0.0463075
35.375		0.0463075
35.5		0.0463075
35.625		0.0463075
35.75		0.0463075
35.875		0.0463075
36		0.0463075
36.125		0.0494052
36.25		0.0494052
36.375		0.0494052
36.5		0.0494052
36.625		0.0494052
36.75		0.0494052
36.875		0.0494052
37		0.0494052
37.125		0.0498819
37.25		0.0498819
37.375		0.0498819
37.5		0.0498819
37.625		0.0498819
37.75		0.0498819
37.875		0.0498819
38		0.0498819
38.125		0.0529596
38.25		0.0529596
38.375		0.0529596
38.5		0.0529596
38.625		0.0529596
38.75		0.0529596
38.875		0.0529596
39		0.0529596
39.125		0.053189
39.25		0.053189
39.375		0.053189
39.5		0.053189
39.625		0.053189
39.75		0.053189
39.875		0.053189
40		0.053189
40.125		0.0600406
40.25		0.0600406
40.375		0.0600406
40.5		0.0600406
40.625		0.0600406
40.75		0.0600406
40.875		0.0600406
41		0.0600406
41.125		0.0604715
41.25		0.0604715
41.375		0.0604715
41.5		0.0604715
41.625		0.0604715
41.75		0.0604715
41.875		0.0604715
42		0.0604715
42.125		0.062133
42.25		0.062133
42.375		0.062133
42.5		0.062133
42.625		0.062133
42.75		0.062133
42.875		0.062133
43		0.062133
43.125		0.0631921
43.25		0.0631921
43.375		0.0631921
43.5		0.0631921
43.625		0.0631921
43.75		0.0631921
43.875		0.0631921
44		0.0631921
44.125		0.0647559
44.25		0.0647559
44.375		0.0647559
44.5		0.0647559
44.625		0.0647559
44.75		0.0647559
44.875		0.0647559
45		0.0647559
45.125		0.0652346
45.25		0.0652346
45.375		0.0652346
45.5		0.0652346
45.625		0.0652346
45.75		0.0652346
45.875		0.0652346
46		0.0652346
46.125		0.0709992
46.25		0.0709992
46.375		0.0709992
46.5		0.0709992
46.625		0.0709992
46.75		0.0709992
46.875		0.0709992
47		0.0709992
47.125		0.0734087
47.25		0.0734087
47.375		0.0734087
47.5		0.0734087
47.625		0.0734087
47.75		0.0734087
47.875		0.0734087
48		0.0734087
48.125		0.0742843
48.25		0.0742843
48.375		0.0742843
48.5		0.0742843
48.625		0.0742843
48.75		0.0742843
48.875		0.0742843
49		0.0742843
49.125		0.0759618
49.25		0.0759618
49.375		0.0759618
49.5		0.0759618
49.625		0.0759618
49.75		0.0759618
49.875		0.0759618
50		0.0759618
50.125		0.0771945
50.25		0.0771945
50.375		0.0771945
50.5		0.0771945
50.625		0.0771945
50.75		0.0771945
50.875		0.0771945
51		0.0771945
51.125		0.0792211
51.25		0.0792211
51.375		0.0792211
51.5		0.0792211
51.625		0.0792211
51.75		0.0792211
51.875		0.0792211
52		0.0792211
52.125		0.0823985
52.25		0.0823985
52.375		0.0823985
52.5		0.0823985
52.625		0.0823985
52.75		0.0823985
52.875		0.0823985
53		0.0823985
53.125		0.0841458
53.25		0.0841458
53.375		0.0841458
53.5		0.0841458
53.625		0.0841458
53.75		0.0841458
53.875		0.0841458
54		0.0841458
54.125		0.0868625
54.25		0.0868625
54.375		0.0868625
54.5		0.0868625
54.625		0.0868625
54.75		0.0868625
54.875		0.0868625
55		0.0868625
55.125		0.0878898
55.25		0.0878898
55.375		0.0878898
55.5		0.0878898
55.625		0.0878898
55.75		0.0878898
55.875		0.0878898
56		0.0878898
56.125		0.0884423
56.25		0.0884423
56.375		0.0884423
56.5		0.0884423
56.625		0.0884423
56.75		0.0884423
56.875		0.0884423
57		0.0884423
57.125		0.0914801
57.25		0.0914801
57.375		0.0914801
57.5		0.0914801
57.625		0.0914801
57.75		0.0914801
57.875		0.0914801
58		0.0914801
58.125		0.0941888
58.25		0.0941888
58.375		0.0941888
58.5		0.0941888
58.625		0.0941888
58.75		0.0941888
58.875		0.0941888
59		0.0941888
59.125		0.095593
59.25		0.095593
59.375		0.095593
59.5		0.095593
59.625		0.095593
59.75		0.095593
59.875		0.095593
60		0.095593
60.125		0.0999334
60.25		0.0999334
60.375		0.0999334
60.5		0.0999334
60.625		0.0999334
60.75		0.0999334
60.875		0.0999334
61		0.0999334
61.125		0.102828
61.25		0.102828
61.375		0.102828
61.5		0.102828
61.625		0.102828
61.75		0.102828
61.875		0.102828
62		0.102828
62.125		0.103266
62.25		0.103266
62.375		0.103266
62.5		0.103266
62.625		0.103266
62.75		0.103266
62.875		0.103266
63		0.103266
63.125		0.106795
63.25		0.106795
63.375		0.106795
63.5		0.106795
63.625		0.106795
63.75		0.106795
63.875		0.106795
64		0.106795
64.125		0.106917
64.25		0.106917
64.375		0.106917
64.5		0.106917
64.625		0.106917
64.75		0.106917
64.875		0.106917
65		0.106917
65.125		0.10708
65.25		0.10708
65.375		0.10708
65.5		0.10708
65.625		0.10708
65.75		0.10708
65.875		0.10708
66		0.10708
66.125		0.111385
66.25		0.111385
66.375		0.111385
66.5		0.111385
66.625		0.111385
66.75		0.111385
66.875		0.111385
67		0.111385
67.125		0.11532
67.25		0.11532
67.375		0.11532
67.5		0.11532
67.625		0.11532
67.75		0.11532
67.875		0.11532
68		0.11532
68.125		0.117941
68.25		0.117941
68.375		0.117941
68.5		0.117941
68.625		0.117941
68.75		0.117941
68.875		0.117941
69		0.117941
69.125		0.118073
69.25		0.118073
69.375		0.118073
69.5		0.118073
69.625		0.118073
69.75		0.118073
69.875		0.118073
70		0.118073
70.125		0.118336
70.25		0.118336
70.375		0.118336
70.5		0.118336
70.625		0.118336
70.75		0.118336
70.875		0.118336
71		0.118336
71.125		0.119836
71.25		0.119836
71.375		0.119836
71.5		0.119836
71.625		0.119836
71.75		0.119836
71.875		0.119836
72		0.119836
72.125		0.125812
72.25		0.125812
72.375		0.125812
72.5		0.125812
72.625		0.125812
72.75		0.125812
72.875		0.125812
73		0.125812
73.125		0.129458
73.25		0.129458
73.375		0.129458
73.5		0.129458
73.625		0.129458
73.75		0.129458
73.875		0.129458
74		0.129458
74.125		0.129636
74.25		0.129636
74.375		0.129636
74.5		0.129636
74.625		0.129636
74.75		0.129636
74.875		0.129636
75		0.129636
75.125		0.129819
75.25		0.129819
75.375		0.129819
75.5		0.129819
75.625		0.129819
75.75		0.129819
75.875		0.129819
76		0.129819
76.125		0.133593
76.25		0.133593
76.375		0.133593
76.5		0.133593
76.625		0.133593
76.75		0.133593
76.875		0.133593
77		0.133593
77.125		0.135113
77.25		0.135113
77.375		0.135113
77.5		0.135113
77.625		0.135113
77.75		0.135113
77.875		0.135113
78		0.135113
78.125		0.136332
78.25		0.136332
78.375		0.136332
78.5		0.136332
78.625		0.136332
78.75		0.136332
78.875		0.136332
79		0.136332
79.125		0.140355
79.25		0.140355
79.375		0.140355
79.5		0.140355
79.625		0.140355
79.75		0.140355
79.875		0.140355
80		0.140355
80.125		0.143596
80.25		0.143596
80.375		0.143596
80.5		0.143596
80.625		0.143596
80.75		0.143596
80.875		0.143596
81		0.143596
81.125		0.145345
81.25		0.145345
81.375		0.145345
81.5		0.145345
81.625		0.145345
81.75		0.145345
81.875		0.145345
82		0.145345
82.125		0.147851
82.25		0.147851
82.375		0.147851
82.5		0.147851
82.625		0.147851
82.75		0.147851
82.875		0.147851
83		0.147851
83.125		0.151973
83.25		0.151973
83.375		0.151973
83.5		0.151973
83.625		0.151973
83.75		0.151973
83.875		0.151973
84		0.151973
84.125		0.152217
84.25		0.152217
84.375		0.152217
84.5		0.152217
84.625		0.152217
84.75		0.152217
84.875		0.152217
85		0.152217
85.125		0.154144
85.25		0.154144
85.375		0.154144
85.5		0.154144
85.625		0.154144
85.75		0.154144
85.875		0.154144
86		0.154144
86.125		0.15687
86.25		0.15687
86.375		0.15687
86.5		0.15687
86.625		0.15687
86.75		0.15687
86.875		0.15687
87		0.15687
87.125		0.163062
87.25		0.163062
87.375		0.163062
87.5		0.163062
87.625		0.163062
87.75		0.163062
87.875		0.163062
88		0.163062
88.125		0.16373
88.25		0.16373
88.375		0.16373
88.5		0.16373
88.625		0.16373
88.75		0.16373
88.875		0.16373
89		0.16373
89.125		0.164179
89.25		0.164179
89.375		0.164179
89.5		0.164179
89.625		0.164179
89.75		0.164179
89.875		0.164179
90		0.164179
90.125		0.165711
90.25		0.165711
90.375		0.165711
90.5		0.165711
90.625		0.165711
90.75		0.165711
90.875		0.165711
91		0.165711
91.125		0.169698
91.25		0.169698
91.375		0.169698
91.5		0.169698
91.625		0.169698
91.75		0.169698
91.875		0.169698
92		0.169698
92.125		0.170751
92.25		0.170751
92.375		0.170751
92.5		0.170751
92.625		0.170751
92.75		0.170751
92.875		0.170751
93		0.170751
93.125		0.173709
93.25		0.173709
93.375		0.173709
93.5		0.173709
93.625		0.173709
93.75		0.173709
93.875		0.173709
94		0.173709
94.125		0.175281
94.25		0.175281
94.375		0.175281
94.5		0.175281
94.625		0.175281
94.75		0.175281
94.875		0.175281
95		0.175281
95.125		0.177575
95.25		0.177575
95.375		0.177575
95.5		0.177575
95.625		0.177575
95.75		0.177575
95.875		0.177575
96		0.177575
96.125		0.17787
96.25		0.17787
96.375		0.17787
96.5		0.17787
96.625		0.17787
96.75		0.17787
96.875		0.17787
97		0.17787
97.125		0.183706
97.25		0.183706
97.375		0.183706
97.5		0.183706
97.625		0.183706
97.75		0.183706
97.875		0.183706
98		0.183706
98.125		0.185908
98.25		0.185908
98.375		0.185908
98.5		0.185908
98.625		0.185908
98.75		0.185908
98.875		0.185908
99		0.185908
99.125		0.186114
99.25		0.186114
99.375		0.186114
99.5		0.186114
99.625		0.186114
99.75		0.186114
99.875		0.186114
100		0.186114
100.125		0.186327
100.25		0.186327
100.375		0.186327
100.5		0.186327
100.625		0.186327
100.75		0.186327
100.875		0.186327
101		0.186327
101.125		0.189146
101.25		0.189146
101.375		0.189146
101.5		0.189146
101.625		0.189146
101.75		0.189146
101.875		0.189146
102		0.189146
102.125		0.192888
102.25		0.192888
102.375		0.192888
102.5		0.192888
102.625		0.192888
102.75		0.192888
102.875		0.192888
103		0.192888
103.125		0.196945
103.25		0.196945
103.375		0.196945
103.5		0.196945
103.625		0.196945
103.75		0.196945
103.875		0.196945
104		0.196945
104.125		0.198086
104.25		0.198086
104.375		0.198086
104.5		0.198086
104.625		0.198086
104.75		0.198086
104.875		0.198086
105		0.198086
105.125		0.199929
105.25		0.199929
105.375		0.199929
105.5		0.199929
105.625		0.199929
105.75		0.199929
105.875		0.199929
106		0.199929
106.125		0.201947
106.25		0.201947
106.375		0.201947
106.5		0.201947
106.625		0.201947
106.75		0.201947
106.875		0.201947
107		0.201947
107.125		0.204243
107.25		0.204243
107.375		0.204243
107.5		0.204243
107.625		0.204243
107.75		0.204243
107.875		0.204243
108		0.204243
108.125		0.20527
108.25		0.20527
108.375		0.20527
108.5		0.20527
108.625		0.20527
108.75		0.20527
108.875		0.20527
109		0.20527
109.125		0.208174
109.25		0.208174
109.375		0.208174
109.5		0.208174
109.625		0.208174
109.75		0.208174
109.875		0.208174
110		0.208174
110.125		0.211982
110.25		0.211982
110.375		0.211982
110.5		0.211982
110.625		0.211982
110.75		0.211982
110.875		0.211982
111		0.211982
111.125		0.213065
111.25		0.213065
111.375		0.213065
111.5		0.213065
111.625		0.213065
111.75		0.213065
111.875		0.213065
112		0.213065
112.125		0.216402
112.25		0.216402
112.375		0.216402
112.5		0.216402
112.625		0.216402
112.75		0.216402
112.875		0.216402
113		0.216402
113.125		0.222484
113.25		0.222484
113.375		0.222484
113.5		0.222484
113.625		0.222484
113.75		0.222484
113.875		0.222484
114		0.222484
114.125		0.22303
114.25		0.22303
114.375		0.22303
114.5		0.22303
114.625		0.22303
114.75		0.22303
114.875		0.22303
115		0.22303
115.125		0.228065
115.25		0.228065
115.375		0.228065
115.5		0.228065
115.625		0.228065
115.75		0.228065
115.875		0.228065
116		0.228065
116.125		0.228386
116.25		0.228386
116.375		0.228386
116.5		0.228386
116.625		0.228386
116.75		0.228386
116.875		0.228386
117		0.228386
117.125		0.22859
117.25		0.22859
117.375		0.22859
117.5		0.22859
117.625		0.22859
117.75		0.22859
117.875		0.22859
118		0.22859
118.125		0.23375
118.25		0.23375
118.375		0.23375
118.5		0.23375
118.625		0.23375
118.75		0.23375
118.875		0.23375
119		0.23375
119.125		0.234278
119.25		0.234278
119.375		0.234278
119.5		0.234278
119.625		0.234278
119.75		0.234278
119.875		0.234278
120		0.234278
120.125		0.238834
120.25		0.238834
120.375		0.238834
120.5		0.238834
120.625		0.238834
120.75		0.238834
120.875		0.238834
121		0.238834
121.125		0.239129
121.25		0.239129
121.375		0.239129
121.5		0.239129
121.625		0.239129
121.75		0.239129
121.875		0.239129
122		0.239129
122.125		0.239153
122.25		0.239153
122.375		0.239153
122.5		0.239153
122.625		0.239153
122.75		0.239153
122.875		0.239153
123		0.239153
123.125		0.240567
123.25		0.240567
123.375		0.240567
123.5		0.240567
123.625		0.240567
123.75		0.240567
123.875		0.240567
124		0.240567
124.125		0.244048
124.25		0.244048
124.375		0.244048
124.5		0.244048
124.625		0.244048
124.75		0.244048
124.875		0.244048
125		0.244048
125.125		0.247758
125.25		0.247758
125.375		0.247758
125.5		0.247758
125.625		0.247758
125.75		0.247758
125.875		0.247758
126		0.247758
126.125		0.249741
126.25		0.249741
126.375		0.249741
126.5		0.249741
126.625		0.249741
126.75		0.249741
126.875		0.249741
127		0.249741
127.125		0.249938
127.25		0.249938
127.375		0.249938
127.5		0.249938
127.625		0.249938
127.75		0.249938
127.875		0.249938
128		0.249938
128.125		0.251175
128.25		0.251175
128.375		0.251175
128.5		0.251175
128.625		0.251175
128.75		0.251175
128.875		0.251175
129		0.251175
129.125		0.256259
129.25		0.256259
129.375		0.256259
129.5		0.256259
129.625		0.256259
129.75		0.256259
129.875		0.256259
130		0.256259
130.125		0.256522
130.25		0.256522
130.375		0.256522
130.5		0.256522
130.625		0.256522
130.75		0.256522
130.875		0.256522
131		0.256522
131.125		0.257777
131.25		0.257777
131.375		0.257777
131.5		0.257777
131.625		0.257777
131.75		0.257777
131.875		0.257777
132		0.257777
132.125		0.26197
132.25		0.26197
132.375		0.26197
132.5		0.26197
132.625		0.26197
132.75		0.26197
132.875		0.26197
133		0.26197
133.125		0.264222
133.25		0.264222
133.375		0.264222
133.5		0.264222
133.625		0.264222
133.75		0.264222
133.875		0.264222
134		0.264222
134.125		0.267008
134.25		0.267008
134.375		0.267008
134.5		0.267008
134.625		0.267008
134.75		0.267008
134.875		0.267008
135		0.267008
135.125		0.267842
135.25		0.267842
135.375		0.267842
135.5		0.267842
135.625		0.267842
135.75		0.267842
135.875		0.267842
136		0.267842
136.125		0.268512
136.25		0.268512
136.375		0.268512
136.5		0.268512
136.625		0.268512
136.75		0.268512
136.875		0.268512
137		0.268512
137.125		0.26922
137.25		0.26922
137.375		0.26922
137.5		0.26922
137.625		0.26922
137.75		0.26922
137.875		0.26922
138		0.26922
138.125		0.276255
138.25		0.276255
138.375		0.276255
138.5		0.276255
138.625		0.276255
138.75		0.276255
138.875		0.276255
139		0.276255
139.125		0.278043
139.25		0.278043
139.375		0.278043
139.5		0.278043
139.625		0.278043
139.75		0.278043
139.875		0.278043
140		0.278043
140.125		0.278232
140.25		0.278232
140.375		0.278232
140.5		0.278232
140.625		0.278232
140.75		0.278232
140.875		0.278232
141		0.278232
141.125		0.280606
141.25		0.280606
141.375		0.280606
141.5		0.280606
141.625		0.280606
141.75		0.280606
141.875		0.280606
142		0.280606
142.125		0.284457
142.25		0.284457
142.375		0.284457
142.5		0.284457
142.625		0.284457
142.75		0.284457
142.875		0.284457
143		0.284457
143.125		0.28652
143.25		0.28652
143.375		0.28652
143.5		0.28652
143.625		0.28652
143.75		0.28652
143.875		0.28652
144		0.28652
144.125		0.286853
144.25		0.286853
144.375		0.286853
144.5		0.286853
144.625		0.286853
144.75		0.286853
144.875		0.286853
145		0.286853
145.125		0.289821
145.25		0.289821
145.375		0.289821
145.5		0.289821
145.625		0.289821
145.75		0.289821
145.875		0.289821
146		0.289821
146.125		0.290252
146.25		0.290252
146.375		0.290252
146.5		0.290252
146.625		0.290252
146.75		0.290252
146.875		0.290252
147		0.290252
147.125		0.292109
147.25		0.292109
147.375		0.292109
147.5		0.292109
147.625		0.292109
147.75		0.292109
147.875		0.292109
148		0.292109
148.125		0.294161
148.25		0.294161
148.375		0.294161
148.5		0.294161
148.625		0.294161
148.75		0.294161
148.875		0.294161
149		0.294161
149.125		0.298021
149.25		0.298021
149.375		0.298021
149.5		0.298021
149.625		0.298021
149.75		0.298021
149.875		0.298021
150		0.298021
150.125		0.299138
150.25		0.299138
150.375		0.299138
150.5		0.299138
150.625		0.299138
150.75		0.299138
150.875		0.299138
151		0.299138
151.125		0.300971
151.25		0.300971
151.375		0.300971
151.5		0.300971
151.625		0.300971
151.75		0.300971
151.875		0.300971
152		0.300971
152.125		0.305056
152.25		0.305056
152.375		0.305056
152.5		0.305056
152.625		0.305056
152.75		0.305056
152.875		0.305056
153		0.305056
153.125		0.305587
153.25		0.305587
153.375		0.305587
153.5		0.305587
153.625		0.305587
153.75		0.305587
153.875		0.305587
154		0.305587
154.125		0.307603
154.25		0.307603
154.375		0.307603
154.5		0.307603
154.625		0.307603
154.75		0.307603
154.875		0.307603
155		0.307603
155.125		0.308519
155.25		0.308519
155.375		0.308519
155.5		0.308519
155.625		0.308519
155.75		0.308519
155.875		0.308519
156		0.308519
156.125		0.314104
156.25		0.314104
156.375		0.314104
156.5		0.314104
156.625		0.314104
156.75		0.314104
156.875		0.314104
157		0.314104
157.125		0.314435
157.25		0.314435
157.375		0.314435
157.5		0.314435
157.625		0.314435
157.75		0.314435
157.875		0.314435
158		0.314435
158.125		0.318386
158.25		0.318386
158.375		0.318386
158.5		0.318386
158.625		0.318386
158.75		0.318386
158.875		0.318386
159		0.318386
159.125		0.318695
159.25		0.318695
159.375		0.318695
159.5		0.318695
159.625		0.318695
159.75		0.318695
159.875		0.318695
160		0.318695
160.125		0.318915
160.25		0.318915
160.375		0.318915
160.5		0.318915
160.625		0.318915
160.75		0.318915
160.875		0.318915
161		0.318915
161.125		0.321961
161.25		0.321961
161.375		0.321961
161.5		0.321961
161.625		0.321961
161.75		0.321961
161.875		0.321961
162		0.321961
162.125		0.325647
162.25		0.325647
162.375		0.325647
162.5		0.325647
162.625		0.325647
162.75		0.325647
162.875		0.325647
163		0.325647
163.125		0.325912
163.25		0.325912
163.375		0.325912
163.5		0.325912
163.625		0.325912
163.75		0.325912
163.875		0.325912
164		0.325912
164.125		0.327236
164.25		0.327236
164.375		0.327236
164.5		0.327236
164.625		0.327236
164.75		0.327236
164.875		0.327236
165		0.327236
165.125		0.333274
165.25		0.333274
165.375		0.333274
165.5		0.333274
165.625		0.333274
165.75		0.333274
165.875		0.333274
166		0.333274
166.125		0.334307
166.25		0.334307
166.375		0.334307
166.5		0.334307
166.625		0.334307
166.75		0.334307
166.875		0.334307
167		0.334307
167.125		0.334457
167.25		0.334457
167.375		0.334457
167.5		0.334457
167.625		0.334457
167.75		0.334457
167.875		0.334457
168		0.334457
168.125		0.337686
168.25		0.337686
168.375		0.337686
168.5		0.337686
168.625		0.337686
168.75		0.337686
168.875		0.337686
169		0.337686
169.125		0.339454
169.25		0.339454
169.375		0.339454
169.5		0.339454
169.625		0.339454
169.75		0.339454
169.875		0.339454
170		0.339454
170.125		0.341414
170.25		0.341414
170.375		0.341414
170.5		0.341414
170.625		0.341414
170.75		0.341414
170.875		0.341414
171		0.341414
171.125		0.344283
171.25		0.344283
171.375		0.344283
171.5		0.344283
171.625		0.344283
171.75		0.344283
171.875		0.344283
172		0.344283
172.125		0.34612
172.25		0.34612
172.375		0.34612
172.5		0.34612
172.625		0.34612
172.75		0.34612
172.875		0.34612
173		0.34612
173.125		0.347578
173.25		0.347578
173.375		0.347578
173.5		0.347578
173.625		0.347578
173.75		0.347578
173.875		0.347578
174		0.347578
174.125		0.349606
174.25		0.349606
174.375		0.349606
174.5		0.349606
174.625		0.349606
174.75		0.349606
174.875		0.349606
175		0.349606
175.125		0.354355
175.25		0.354355
175.375		0.354355
175.5		0.354355
175.625		0.354355
175.75		0.354355
175.875		0.354355
176		0.354355
176.125		0.355476
176.25		0.355476
176.375		0.355476
176.5		0.355476
176.625		0.355476
176.75		0.355476
176.875		0.355476
177		0.355476
177.125		0.356881
177.25		0.356881
177.375		0.356881
177.5		0.356881
177.625		0.356881
177.75		0.356881
177.875		0.356881
178		0.356881
178.125		0.361706
178.25		0.361706
178.375		0.361706
178.5		0.361706
178.625		0.361706
178.75		0.361706
178.875		0.361706
179		0.361706
179.125		0.362085
179.25		0.362085
179.375		0.362085
179.5		0.362085
179.625		0.362085
179.75		0.362085
179.875		0.362085
180		0.362085
180.125		0.363371
180.25		0.363371
180.375		0.363371
180.5		0.363371
180.625		0.363371
180.75		0.363371
180.875		0.363371
181		0.363371
181.125		0.364351
181.25		0.364351
181.375		0.364351
181.5		0.364351
181.625		0.364351
181.75		0.364351
181.875		0.364351
182		0.364351
182.125		0.3713
182.25		0.3713
182.375		0.3713
182.5		0.3713
182.625		0.3713
182.75		0.3713
182.875		0.3713
183		0.3713
183.125		0.372034
183.25		0.372034
183.375		0.372034
183.5		0.372034
183.625		0.372034
183.75		0.372034
183.875		0.372034
184		0.372034
184.125		0.373935
184.25		0.373935
184.375		0.373935
184.5		0.373935
184.625		0.373935
184.75		0.373935
184.875		0.373935
185		0.373935
185.125		0.374509
185.25		0.374509
185.375		0.374509
185.5		0.374509
185.625		0.374509
185.75		0.374509
185.875		0.374509
186		0.374509
186.125		0.375184
186.25		0.375184
186.375		0.375184
186.5		0.375184
186.625		0.375184
186.75		0.375184
186.875		0.375184
187		0.375184
187.125		0.379358
187.25		0.379358
187.375		0.379358
187.5		0.379358
187.625		0.379358
187.75		0.379358
187.875		0.379358
188		0.379358
188.125		0.383038
188.25		0.383038
188.375		0.383038
188.5		0.383038
188.625		0.383038
188.75		0.383038
188.875		0.383038
189		0.383038
189.125		0.383984
189.25		0.383984
189.375		0.383984
189.5		0.383984
189.625		0.383984
189.75		0.383984
189.875		0.383984
190		0.383984
190.125		0.387851
190.25		0.387851
190.375		0.387851
190.5		0.387851
190.625		0.387851
190.75		0.387851
190.875		0.387851
191		0.387851
191.125		0.389423
191.25		0.389423
191.375		0.389423
191.5		0.389423
191.625		0.389423
191.75		0.389423
191.875		0.389423
192		0.389423
192.125		0.389665
192.25		0.389665
192.375		0.389665
192.5		0.389665
192.625		0.389665
192.75		0.389665
192.875		0.389665
193		0.389665
193.125		0.392016
193.25		0.392016
193.375		0.392016
193.5		0.392016
193.625		0.392016
193.75		0.392016
193.875		0.392016
194		0.392016
194.125		0.392493
194.25		0.392493
194.375		0.392493
194.5		0.392493
194.625		0.392493
194.75		0.392493
194.875		0.392493
195		0.392493
195.125		0.396953
195.25		0.396953
195.375		0.396953
195.5		0.396953
195.625		0.396953
195.75		0.396953
195.875		0.396953
196		0.396953
196.125		0.400069
196.25		0.400069
196.375		0.400069
196.5		0.400069
196.625		0.400069
196.75		0.400069
196.875		0.400069
197		0.400069
197.125		0.402011
197.25		0.402011
197.375		0.402011
197.5		0.402011
197.625		0.402011
197.75		0.402011
197.875		0.402011
198		0.402011
198.125		0.402319
198.25		0.402319
198.375		0.402319
198.5		0.402319
198.625		0.402319
198.75		0.402319
198.875		0.402319
199		0.402319
199.125		0.403619
199.25		0.403619
199.375		0.403619
199.5		0.403619
199.625		0.403619
199.75		0.403619
199.875		0.403619
200		0.403619
200.125		0.406322
200.25		0.406322
200.375		0.406322
200.5		0.406322
200.625		0.406322
200.75		0.406322
200.875		0.406322
201		0.406322
201.125		0.41011
201.25		0.41011
201.375		0.41011
201.5		0.41011
201.625		0.41011
201.75		0.41011
201.875		0.41011
202		0.41011
202.125		0.410457
202.25		0.410457
202.375		0.410457
202.5		0.410457
202.625		0.410457
202.75		0.410457
202.875		0.410457
203		0.410457
203.125		0.413465
203.25		0.413465
203.375		0.413465
203.5		0.413465
203.625		0.413465
203.75		0.413465
203.875		0.413465
204		0.413465
204.125		0.416419
204.25		0.416419
204.375		0.416419
204.5		0.416419
204.625		0.416419
204.75		0.416419
204.875		0.416419
205		0.416419
205.125		0.418824
205.25		0.418824
205.375		0.418824
205.5		0.418824
205.625		0.418824
205.75		0.418824
205.875		0.418824
206		0.418824
206.125		0.420173
206.25		0.420173
206.375		0.420173
206.5		0.420173
206.625		0.420173
206.75		0.420173
206.875		0.420173
207		0.420173
207.125		0.42176
207.25		0.42176
207.375		0.42176
207.5		0.42176
207.625		0.42176
207.75		0.42176
207.875		0.42176
208		0.42176
208.125		0.424718
208.25		0.424718
208.375		0.424718
208.5		0.424718
208.625		0.424718
208.75		0.424718
208.875		0.424718
209		0.424718
209.125		0.425438
209.25		0.425438
209.375		0.425438
209.5		0.425438
209.625		0.425438
209.75		0.425438
209.875		0.425438
210		0.425438
210.125		0.428444
210.25		0.428444
210.375		0.428444
210.5		0.428444
210.625		0.428444
210.75		0.428444
210.875		0.428444
211		0.428444
211.125		0.429525
211.25		0.429525
211.375		0.429525
211.5		0.429525
211.625		0.429525
211.75		0.429525
211.875		0.429525
212		0.429525
212.125		0.434372
212.25		0.434372
212.375		0.434372
212.5		0.434372
212.625		0.434372
212.75		0.434372
212.875		0.434372
213		0.434372
213.125		0.434785
213.25		0.434785
213.375		0.434785
213.5		0.434785
213.625		0.434785
213.75		0.434785
213.875		0.434785
214		0.434785
214.125		0.438124
214.25		0.438124
214.375		0.438124
214.5		0.438124
214.625		0.438124
214.75		0.438124
214.875		0.438124
215		0.438124
215.125		0.438412
215.25		0.438412
215.375		0.438412
215.5		0.438412
215.625		0.438412
215.75		0.438412
215.875		0.438412
216		0.438412
216.125		0.439172
216.25		0.439172
216.375		0.439172
216.5		0.439172
216.625		0.439172
216.75		0.439172
216.875		0.439172
217		0.439172
217.125		0.446079
217.25		0.446079
217.375		0.446079
217.5		0.446079
217.625		0.446079
217.75		0.446079
217.875		0.446079
218		0.446079
218.125		0.446278
218.25		0.446278
218.375		0.446278
218.5		0.446278
218.625		0.446278
218.75		0.446278
218.875		0.446278
219		0.446278
219.125		0.446617
219.25		0.446617
219.375		0.446617
219.5		0.446617
219.625		0.446617
219.75		0.446617
219.875		0.446617
220		0.446617
220.125		0.447501
220.25		0.447501
220.375		0.447501
220.5		0.447501
220.625		0.447501
220.75		0.447501
220.875		0.447501
221		0.447501
221.125		0.452328
221.25		0.452328
221.375		0.452328
221.5		0.452328
221.625		0.452328
221.75		0.452328
221.875		0.452328
222		0.452328
222.125		0.45303
222.25		0.45303
222.375		0.45303
222.5		0.45303
222.625		0.45303
222.75		0.45303
222.875		0.45303
223		0.45303
223.125		0.457119
223.25		0.457119
223.375		0.457119
223.5		0.457119
223.625		0.457119
223.75		0.457119
223.875		0.457119
224		0.457119
224.125		0.458559
224.25		0.458559
224.375		0.458559
224.5		0.458559
224.625		0.458559
224.75		0.458559
224.875		0.458559
225		0.458559
225.125		0.458829
225.25		0.458829
225.375		0.458829
225.5		0.458829
225.625		0.458829
225.75		0.458829
225.875		0.458829
226		0.458829
226.125		0.465182
226.25		0.465182
226.375		0.465182
226.5		0.465182
226.625		0.465182
226.75		0.465182
226.875		0.465182
227		0.465182
227.125		0.465439
227.25		0.465439
227.375		0.465439
227.5		0.465439
227.625		0.465439
227.75		0.465439
227.875		0.465439
228		0.465439
228.125		0.465714
228.25		0.465714
228.375		0.465714
228.5		0.465714
228.625		0.465714
228.75		0.465714
228.875		0.465714
229		0.465714
229.125		0.468876
229.25		0.468876
229.375		0.468876
229.5		0.468876
229.625		0.468876
229.75		0.468876
229.875		0.468876
230		0.468876
230.125		0.472775
230.25		0.472775
230.375		0.472775
230.5		0.472775
230.625		0.472775
230.75		0.472775
230.875		0.472775
231		0.472775
231.125		0.474215
231.25		0.474215
231.375		0.474215
231.5		0.474215
231.625		0.474215
231.75		0.474215
231.875		0.474215
232		0.474215
232.125		0.475342
232.25		0.475342
232.375		0.475342
232.5		0.475342
232.625		0.475342
232.75		0.475342
232.875		0.475342
233		0.475342
233.125		0.477814
233.25		0.477814
233.375		0.477814
233.5		0.477814
233.625		0.477814
233.75		0.477814
233.875		0.477814
234		0.477814
234.125		0.480419
234.25		0.480419
234.375		0.480419
234.5		0.480419
234.625		0.480419
234.75		0.480419
234.875		0.480419
235		0.480419
235.125		0.482407
235.25		0.482407
235.375		0.482407
235.5		0.482407
235.625		0.482407
235.75		0.482407
235.875		0.482407
236		0.482407
236.125		0.483427
236.25		0.483427
236.375		0.483427
236.5		0.483427
236.625		0.483427
236.75		0.483427
236.875		0.483427
237		0.483427
237.125		0.486101
237.25		0.486101
237.375		0.486101
237.5		0.486101
237.625		0.486101
237.75		0.486101
237.875		0.486101
238		0.486101
238.125		0.488623
238.25		0.488623
238.375		0.488623
238.5		0.488623
238.625		0.488623
238.75		0.488623
238.875		0.488623
239		0.488623
239.125		0.489758
239.25		0.489758
239.375		0.489758
239.5		0.489758
239.625		0.489758
239.75		0.489758
239.875		0.489758
240		0.489758
240.125		0.492065
240.25		0.492065
240.375		0.492065
240.5		0.492065
240.625		0.492065
240.75		0.492065
240.875		0.492065
241		0.492065
241.125		0.494537
241.25		0.494537
241.375		0.494537
241.5		0.494537
241.625		0.494537
241.75		0.494537
241.875		0.494537
242		0.494537
242.125		0.494844
242.25		0.494844
242.375		0.494844
242.5		0.494844
242.625		0.494844
242.75		0.494844
242.875		0.494844
243		0.494844
243.125		0.497618
243.25		0.497618
243.375		0.497618
243.5		0.497618
243.625		0.497618
243.75		0.497618
243.875		0.497618
244		0.497618
244.125		0.501837
244.25		0.501837
244.375		0.501837
244.5		0.501837
244.625		0.501837
244.75		0.501837
244.875		0.501837
245		0.501837
245.125		0.503351
245.25		0.503351
245.375		0.503351
245.5		0.503351
245.625		0.503351
245.75		0.503351
245.875		0.503351
246		0.503351
246.125		0.503884
246.25		0.503884
246.375		0.503884
246.5		0.503884
246.625		0.503884
246.75		0.503884
246.875		0.503884
247		0.503884
247.125		0.507161
247.25		0.507161
247.375		0.507161
247.5		0.507161
247.625		0.507161
247.75		0.507161
247.875		0.507161
248		0.507161
248.125		0.507516
248.25		0.507516
248.375		0.507516
248.5		0.507516
248.625		0.507516
248.75		0.507516
248.875		0.507516
249		0.507516
249.125		0.50888
249.25		0.50888
249.375		0.50888
249.5		0.50888
249.625		0.50888
249.75		0.50888
249.875		0.50888
250		0.50888
250.125		0.514551
250.25		0.514551
250.375		0.514551
250.5		0.514551
250.625		0.514551
250.75		0.514551
250.875		0.514551
251		0.514551
251.125		0.514876
251.25		0.514876
251.375		0.514876
251.5		0.514876
251.625		0.514876
251.75		0.514876
251.875		0.514876
252		0.514876
252.125		0.519386
252.25		0.519386
252.375		0.519386
252.5		0.519386
252.625		0.519386
252.75		0.519386
252.875		0.519386
253		0.519386
253.125		0.520587
253.25		0.520587
253.375		0.520587
253.5		0.520587
253.625		0.520587
253.75		0.520587
253.875		0.520587
254		0.520587
254.125		0.521165
254.25		0.521165
254.375		0.521165
254.5		0.521165
254.625		0.521165
254.75		0.521165
254.875		0.521165
255		0.521165
255.125		0.523016
255.25		0.523016
255.375		0.523016
255.5		0.523016
255.625		0.523016
255.75		0.523016
255.875		0.523016
256		0.523016
256.125		0.52759
256.25		0.52759
256.375		0.52759
256.5		0.52759
256.625		0.52759
256.75		0.52759
256.875		0.52759
257		0.52759
257.125		0.530366
257.25		0.530366
257.375		0.530366
257.5		0.530366
257.625		0.530366
257.75		0.530366
257.875		0.530366
258		0.530366
258.125		0.531037
258.25		0.531037
258.375		0.531037
258.5		0.531037
258.625		0.531037
258.75		0.531037
258.875		0.531037
259		0.531037
259.125		0.532656
259.25		0.532656
259.375		0.532656
259.5		0.532656
259.625		0.532656
259.75		0.532656
259.875		0.532656
260		0.532656
260.125		0.534749
260.25		0.534749
260.375		0.534749
260.5		0.534749
260.625		0.534749
260.75		0.534749
260.875		0.534749
261		0.534749
261.125		0.538457
261.25		0.538457
261.375		0.538457
261.5		0.538457
261.625		0.538457
261.75		0.538457
261.875		0.538457
262		0.538457
262.125		0.539705
262.25		0.539705
262.375		0.539705
262.5		0.539705
262.625		0.539705
262.75		0.539705
262.875		0.539705
263		0.539705
263.125		0.540864
263.25		0.540864
263.375		0.540864
263.5		0.540864
263.625		0.540864
263.75		0.540864
263.875		0.540864
264		0.540864
264.125		0.542671
264.25		0.542671
264.375		0.542671
264.5		0.542671
264.625		0.542671
264.75		0.542671
264.875		0.542671
265		0.542671
265.125		0.544802
265.25		0.544802
265.375		0.544802
265.5		0.544802
265.625		0.544802
265.75		0.544802
265.875		0.544802
266		0.544802
266.125		0.547139
266.25		0.547139
266.375		0.547139
266.5		0.547139
266.625		0.547139
266.75		0.547139
266.875		0.547139
267		0.547139
267.125		0.550672
267.25		0.550672
267.375		0.550672
267.5		0.550672
267.625		0.550672
267.75		0.550672
267.875		0.550672
268		0.550672
268.125		0.552706
268.25		0.552706
268.375		0.552706
268.5		0.552706
268.625		0.552706
268.75		0.552706
268.875		0.552706
269		0.552706
269.125		0.553029
269.25		0.553029
269.375		0.553029
269.5		0.553029
269.625		0.553029
269.75		0.553029
269.875		0.553029
270		0.553029
270.125		0.558565
270.25		0.558565
270.375		0.558565
270.5		0.558565
270.625		0.558565
270.75		0.558565
270.875		0.558565
271		0.558565
271.125		0.559135
271.25		0.559135
271.375		0.559135
271.5		0.559135
271.625		0.559135
271.75		0.559135
271.875		0.559135
272		0.559135
272.125		0.560691
272.25		0.560691
272.375		0.560691
272.5		0.560691
272.625		0.560691
272.75		0.560691
272.875		0.560691
273		0.560691
273.125		0.563635
273.25		0.563635
273.375		0.563635
273.5		0.563635
273.625		0.563635
273.75		0.563635
273.875		0.563635
274		0.563635
274.125		0.564766
274.25		0.564766
274.375		0.564766
274.5		0.564766
274.625		0.564766
274.75		0.564766
274.875		0.564766
275		0.564766
275.125		0.56551
275.25		0.56551
275.375		0.56551
275.5		0.56551
275.625		0.56551
275.75		0.56551
275.875		0.56551
276		0.56551
276.125		0.569001
276.25		0.569001
276.375		0.569001
276.5		0.569001
276.625		0.569001
276.75		0.569001
276.875		0.569001
277		0.569001
277.125		0.569898
277.25		0.569898
277.375		0.569898
277.5		0.569898
277.625		0.569898
277.75		0.569898
277.875		0.569898
278		0.569898
278.125		0.573123
278.25		0.573123
278.375		0.573123
278.5		0.573123
278.625		0.573123
278.75		0.573123
278.875		0.573123
279		0.573123
279.125		0.575469
279.25		0.575469
279.375		0.575469
279.5		0.575469
279.625		0.575469
279.75		0.575469
279.875		0.575469
280		0.575469
280.125		0.578168
280.25		0.578168
280.375		0.578168
280.5		0.578168
280.625		0.578168
280.75		0.578168
280.875		0.578168
281		0.578168
281.125		0.579018
281.25		0.579018
281.375		0.579018
281.5		0.579018
281.625		0.579018
281.75		0.579018
281.875		0.579018
282		0.579018
282.125		0.581391
282.25		0.581391
282.375		0.581391
282.5		0.581391
282.625		0.581391
282.75		0.581391
282.875		0.581391
283		0.581391
283.125		0.584892
283.25		0.584892
283.375		0.584892
283.5		0.584892
283.625		0.584892
283.75		0.584892
283.875		0.584892
284		0.584892
284.125		0.587116
284.25		0.587116
284.375		0.587116
284.5		0.587116
284.625		0.587116
284.75		0.587116
284.875		0.587116
285		0.587116
285.125		0.589821
285.25		0.589821
285.375		0.589821
285.5		0.589821
285.625		0.589821
285.75		0.589821
285.875		0.589821
286		0.589821
286.125		0.589892
286.25		0.589892
286.375		0.589892
286.5		0.589892
286.625		0.589892
286.75		0.589892
286.875		0.589892
287		0.589892
287.125		0.592539
287.25		0.592539
287.375		0.592539
287.5		0.592539
287.625		0.592539
287.75		0.592539
287.875		0.592539
288		0.592539
288.125		0.595515
288.25		0.595515
288.375		0.595515
288.5		0.595515
288.625		0.595515
288.75		0.595515
288.875		0.595515
289		0.595515
289.125		0.598318
289.25		0.598318
289.375		0.598318
289.5		0.598318
289.625		0.598318
289.75		0.598318
289.875		0.598318
290		0.598318
290.125		0.600843
290.25		0.600843
290.375		0.600843
290.5		0.600843
290.625		0.600843
290.75		0.600843
290.875		0.600843
291		0.600843
291.125		0.601112
291.25		0.601112
291.375		0.601112
291.5		0.601112
291.625		0.601112
291.75		0.601112
291.875		0.601112
292		0.601112
292.125		0.602927
292.25		0.602927
292.375		0.602927
292.5		0.602927
292.625		0.602927
292.75		0.602927
292.875		0.602927
293		0.602927
293.125		0.608062
293.25		0.608062
293.375		0.608062
293.5		0.608062
293.625		0.608062
293.75		0.608062
293.875		0.608062
294		0.608062
294.125		0.608736
294.25		0.608736
294.375		0.608736
294.5		0.608736
294.625		0.608736
294.75		0.608736
294.875		0.608736
295		0.608736
295.125		0.612324
295.25		0.612324
295.375		0.612324
295.5		0.612324
295.625		0.612324
295.75		0.612324
295.875		0.612324
296		0.612324
296.125		0.615256
296.25		0.615256
296.375		0.615256
296.5		0.615256
296.625		0.615256
296.75		0.615256
296.875		0.615256
297		0.615256
297.125		0.615765
297.25		0.615765
297.375		0.615765
297.5		0.615765
297.625		0.615765
297.75		0.615765
297.875		0.615765
298		0.615765
298.125		0.616024
298.25		0.616024
298.375		0.616024
298.5		0.616024
298.625		0.616024
298.75		0.616024
298.875		0.616024
299		0.616024
299.125		0.616876
299.25		0.616876
299.375		0.616876
299.5		0.616876
299.625		0.616876
299.75		0.616876
299.875		0.616876
300		0.616876
300.125		0.624198
300.25		0.624198
300.375		0.624198
300.5		0.624198
300.625		0.624198
300.75		0.624198
300.875		0.624198
301		0.624198
301.125		0.624936
301.25		0.624936
301.375		0.624936
301.5		0.624936
301.625		0.624936
301.75		0.624936
301.875		0.624936
302		0.624936
302.125		0.626207
302.25		0.626207
302.375		0.626207
302.5		0.626207
302.625		0.626207
302.75		0.626207
302.875		0.626207
303		0.626207
303.125		0.626207
303.25		0.626207
303.375		0.626207
303.5		0.626207
303.625		0.626207
303.75		0.626207
303.875		0.626207
304		0.626207
304.125		0.627814
304.25		0.627814
304.375		0.627814
304.5		0.627814
304.625		0.627814
304.75		0.627814
304.875		0.627814
305		0.627814
305.125		0.632197
305.25		0.632197
305.375		0.632197
305.5		0.632197
305.625		0.632197
305.75		0.632197
305.875		0.632197
306		0.632197
306.125		0.633631
306.25		0.633631
306.375		0.633631
306.5		0.633631
306.625		0.633631
306.75		0.633631
306.875		0.633631
307		0.633631
307.125		0.634734
307.25		0.634734
307.375		0.634734
307.5		0.634734
307.625		0.634734
307.75		0.634734
307.875		0.634734
308		0.634734
308.125		0.634979
308.25		0.634979
308.375		0.634979
308.5		0.634979
308.625		0.634979
308.75		0.634979
308.875		0.634979
309		0.634979
309.125		0.637086
309.25		0.637086
309.375		0.637086
309.5		0.637086
309.625		0.637086
309.75		0.637086
309.875		0.637086
310		0.637086
310.125		0.642802
310.25		0.642802
310.375		0.642802
310.5		0.642802
310.625		0.642802
310.75		0.642802
310.875		0.642802
311		0.642802
311.125		0.642974
311.25		0.642974
311.375		0.642974
311.5		0.642974
311.625		0.642974
311.75		0.642974
311.875		0.642974
312		0.642974
312.125		0.646596
312.25		0.646596
312.375		0.646596
312.5		0.646596
312.625		0.646596
312.75		0.646596
312.875		0.646596
313		0.646596
313.125		0.647454
313.25		0.647454
313.375		0.647454
313.5		0.647454
313.625		0.647454
313.75		0.647454
313.875		0.647454
314		0.647454
314.125		0.650116
314.25		0.650116
314.375		0.650116
314.5		0.650116
314.625		0.650116
314.75		0.650116
314.875		0.650116
315		0.650116
315.125		0.65107
315.25		0.65107
315.375		0.65107
315.5		0.65107
315.625		0.65107
315.75		0.65107
315.875		0.65107
316		0.65107
316.125		0.654608
316.25		0.654608
316.375		0.654608
316.5		0.654608
316.625		0.654608
316.75		0.654608
316.875		0.654608
317		0.654608
317.125		0.660622
317.25		0.660622
317.375		0.660622
317.5		0.660622
317.625		0.660622
317.75		0.660622
317.875		0.660622
318		0.660622
318.125		0.661095
318.25		0.661095
318.375		0.661095
318.5		0.661095
318.625		0.661095
318.75		0.661095
318.875		0.661095
319		0.661095
319.125		0.661735
319.25		0.661735
319.375		0.661735
319.5		0.661735
319.625		0.661735
319.75		0.661735
319.875		0.661735
320		0.661735
320.125		0.662904
320.25		0.662904
320.375		0.662904
320.5		0.662904
320.625		0.662904
320.75		0.662904
320.875		0.662904
321		0.662904
321.125		0.664482
321.25		0.664482
321.375		0.664482
321.5		0.664482
321.625		0.664482
321.75		0.664482
321.875		0.664482
322		0.664482
322.125		0.670929
322.25		0.670929
322.375		0.670929
322.5		0.670929
322.625		0.670929
322.75		0.670929
322.875		0.670929
323		0.670929
323.125		0.671327
323.25		0.671327
323.375		0.671327
323.5		0.671327
323.625		0.671327
323.75		0.671327
323.875		0.671327
324		0.671327
324.125		0.672805
324.25		0.672805
324.375		0.672805
324.5		0.672805
324.625		0.672805
324.75		0.672805
324.875		0.672805
325		0.672805
325.125		0.674224
325.25		0.674224
325.375		0.674224
325.5		0.674224
325.625		0.674224
325.75		0.674224
325.875		0.674224
326		0.674224
326.125		0.677962
326.25		0.677962
326.375		0.677962
326.5		0.677962
326.625		0.677962
326.75		0.677962
326.875		0.677962
327		0.677962
327.125		0.678291
327.25		0.678291
327.375		0.678291
327.5		0.678291
327.625		0.678291
327.75		0.678291
327.875		0.678291
328		0.678291
328.125		0.683192
328.25		0.683192
328.375		0.683192
328.5		0.683192
328.625		0.683192
328.75		0.683192
328.875		0.683192
329		0.683192
329.125		0.684368
329.25		0.684368
329.375		0.684368
329.5		0.684368
329.625		0.684368
329.75		0.684368
329.875		0.684368
330		0.684368
330.125		0.685228
330.25		0.685228
330.375		0.685228
330.5		0.685228
330.625		0.685228
330.75		0.685228
330.875		0.685228
331		0.685228
331.125		0.686379
331.25		0.686379
331.375		0.686379
331.5		0.686379
331.625		0.686379
331.75		0.686379
331.875		0.686379
332		0.686379
332.125		0.688475
332.25		0.688475
332.375		0.688475
332.5		0.688475
332.625		0.688475
332.75		0.688475
332.875		0.688475
333		0.688475
333.125		0.690608
333.25		0.690608
333.375		0.690608
333.5		0.690608
333.625		0.690608
333.75		0.690608
333.875		0.690608
334		0.690608
334.125		0.696296
334.25		0.696296
334.375		0.696296
334.5		0.696296
334.625		0.696296
334.75		0.696296
334.875		0.696296
335		0.696296
335.125		0.697054
335.25		0.697054
335.375		0.697054
335.5		0.697054
335.625		0.697054
335.75		0.697054
335.875		0.697054
336		0.697054
336.125		0.698714
336.25		0.698714
336.375		0.698714
336.5		0.698714
336.625		0.698714
336.75		0.698714
336.875		0.698714
337		0.698714
337.125		0.699522
337.25		0.699522
337.375		0.699522
337.5		0.699522
337.625		0.699522
337.75		0.699522
337.875		0.699522
338		0.699522
338.125		0.703423
338.25		0.703423
338.375		0.703423
338.5		0.703423
338.625		0.703423
338.75		0.703423
338.875		0.703423
339		0.703423
339.125		0.705557
339.25		0.705557
339.375		0.705557
339.5		0.705557
339.625		0.705557
339.75		0.705557
339.875		0.705557
340		0.705557
340.125		0.707518
340.25		0.707518
340.375		0.707518
340.5		0.707518
340.625		0.707518
340.75		0.707518
340.875		0.707518
341		0.707518
341.125		0.708529
341.25		0.708529
341.375		0.708529
341.5		0.708529
341.625		0.708529
341.75		0.708529
341.875		0.708529
342		0.708529
342.125		0.710877
342.25		0.710877
342.375		0.710877
342.5		0.710877
342.625		0.710877
342.75		0.710877
342.875		0.710877
343		0.710877
343.125		0.713285
343.25		0.713285
343.375		0.713285
343.5		0.713285
343.625		0.713285
343.75		0.713285
343.875		0.713285
344		0.713285
344.125		0.713588
344.25		0.713588
344.375		0.713588
344.5		0.713588
344.625		0.713588
344.75		0.713588
344.875		0.713588
345		0.713588
345.125		0.71728
345.25		0.71728
345.375		0.71728
345.5		0.71728
345.625		0.71728
345.75		0.71728
345.875		0.71728
346		0.71728
346.125		0.719474
346.25		0.719474
346.375		0.719474
346.5		0.719474
346.625		0.719474
346.75		0.719474
346.875		0.719474
347		0.719474
347.125		0.721112
347.25		0.721112
347.375		0.721112
347.5		0.721112
347.625		0.721112
347.75		0.721112
347.875		0.721112
348		0.721112
348.125		0.725115
348.25		0.725115
348.375		0.725115
348.5		0.725115
348.625		0.725115
348.75		0.725115
348.875		0.725115
349		0.725115
349.125		0.72608
349.25		0.72608
349.375		0.72608
349.5		0.72608
349.625		0.72608
349.75		0.72608
349.875		0.72608
350		0.72608
350.125		0.73157
350.25		0.73157
350.375		0.73157
350.5		0.73157
350.625		0.73157
350.75		0.73157
350.875		0.73157
351		0.73157
351.125		0.731955
351.25		0.731955
351.375		0.731955
351.5		0.731955
351.625		0.731955
351.75		0.731955
351.875		0.731955
352		0.731955
352.125		0.733959
352.25		0.733959
352.375		0.733959
352.5		0.733959
352.625		0.733959
352.75		0.733959
352.875		0.733959
353		0.733959
353.125		0.735258
353.25		0.735258
353.375		0.735258
353.5		0.735258
353.625		0.735258
353.75		0.735258
353.875		0.735258
354		0.735258
354.125		0.735852
354.25		0.735852
354.375		0.735852
354.5		0.735852
354.625		0.735852
354.75		0.735852
354.875		0.735852
355		0.735852
355.125		0.741908
355.25		0.741908
355.375		0.741908
355.5		0.741908
355.625		0.741908
355.75		0.741908
355.875		0.741908
356		0.741908
356.125		0.743103
356.25		0.743103
356.375		0.743103
356.5		0.743103
356.625		0.743103
356.75		0.743103
356.875		0.743103
357		0.743103
357.125		0.744545
357.25		0.744545
357.375		0.744545
357.5		0.744545
357.625		0.744545
357.75		0.744545
357.875		0.744545
358		0.744545
358.125		0.746515
358.25		0.746515
358.375		0.746515
358.5		0.746515
358.625		0.746515
358.75		0.746515
358.875		0.746515
359		0.746515
359.125		0.748516
359.25		0.748516
359.375		0.748516
359.5		0.748516
359.625		0.748516
359.75		0.748516
359.875		0.748516
360		0.748516
360.125		0.749904
360.25		0.749904
360.375		0.749904
360.5		0.749904
360.625		0.749904
360.75		0.749904
360.875		0.749904
361		0.749904
361.125		0.753796
361.25		0.753796
361.375		0.753796
361.5		0.753796
361.625		0.753796
361.75		0.753796
361.875		0.753796
362		0.753796
362.125		0.755812
362.25		0.755812
362.375		0.755812
362.5		0.755812
362.625		0.755812
362.75		0.755812
362.875		0.755812
363		0.755812
363.125		0.756351
363.25		0.756351
363.375		0.756351
363.5		0.756351
363.625		0.756351
363.75		0.756351
363.875		0.756351
364		0.756351
364.125		0.757765
364.25		0.757765
364.375		0.757765
364.5		0.757765
364.625		0.757765
364.75		0.757765
364.875		0.757765
365		0.757765
365.125		0.762899
365.25		0.762899
365.375		0.762899
365.5		0.762899
365.625		0.762899
365.75		0.762899
365.875		0.762899
366		0.762899
366.125		0.764836
366.25		0.764836
366.375		0.764836
366.5		0.764836
366.625		0.764836
366.75		0.764836
366.875		0.764836
367		0.764836
367.125		0.769172
367.25		0.769172
367.375		0.769172
367.5		0.769172
367.625		0.769172
367.75		0.769172
367.875		0.769172
368		0.769172
368.125		0.769486
368.25		0.769486
368.375		0.769486
368.5		0.769486
368.625		0.769486
368.75		0.769486
368.875		0.769486
369		0.769486
369.125		0.770369
369.25		0.770369
369.375		0.770369
369.5		0.770369
369.625		0.770369
369.75		0.770369
369.875		0.770369
370		0.770369
370.125		0.774245
370.25		0.774245
370.375		0.774245
370.5		0.774245
370.625		0.774245
370.75		0.774245
370.875		0.774245
371		0.774245
371.125		0.775972
371.25		0.775972
371.375		0.775972
371.5		0.775972
371.625		0.775972
371.75		0.775972
371.875		0.775972
372		0.775972
372.125		0.776812
372.25		0.776812
372.375		0.776812
372.5		0.776812
372.625		0.776812
372.75		0.776812
372.875		0.776812
373		0.776812
373.125		0.780189
373.25		0.780189
373.375		0.780189
373.5		0.780189
373.625		0.780189
373.75		0.780189
373.875		0.780189
374		0.780189
374.125		0.780191
374.25		0.780191
374.375		0.780191
374.5		0.780191
374.625		0.780191
374.75		0.780191
374.875		0.780191
375		0.780191
375.125		0.783937
375.25		0.783937
375.375		0.783937
375.5		0.783937
375.625		0.783937
375.75		0.783937
375.875		0.783937
376		0.783937
376.125		0.784894
376.25		0.784894
376.375		0.784894
376.5		0.784894
376.625		0.784894
376.75		0.784894
376.875		0.784894
377		0.784894
377.125		0.78641
377.25		0.78641
377.375		0.78641
377.5		0.78641
377.625		0.78641
377.75		0.78641
377.875		0.78641
378		0.78641
378.125		0.787559
378.25		0.787559
378.375		0.787559
378.5		0.787559
378.625		0.787559
378.75		0.787559
378.875		0.787559
379		0.787559
379.125		0.790569
379.25		0.790569
379.375		0.790569
379.5		0.790569
379.625		0.790569
379.75		0.790569
379.875		0.790569
380		0.790569
380.125		0.792047
380.25		0.792047
380.375		0.792047
380.5		0.792047
380.625		0.792047
380.75		0.792047
380.875		0.792047
381		0.792047
381.125		0.796788
381.25		0.796788
381.375		0.796788
381.5		0.796788
381.625		0.796788
381.75		0.796788
381.875		0.796788
382		0.796788
382.125		0.797309
382.25		0.797309
382.375		0.797309
382.5		0.797309
382.625		0.797309
382.75		0.797309
382.875		0.797309
383		0.797309
383.125		0.798394
383.25		0.798394
383.375		0.798394
383.5		0.798394
383.625		0.798394
383.75		0.798394
383.875		0.798394
384		0.798394
384.125		0.799916
384.25		0.799916
384.375		0.799916
384.5		0.799916
384.625		0.799916
384.75		0.799916
384.875		0.799916
385		0.799916
385.125		0.801192
385.25		0.801192
385.375		0.801192
385.5		0.801192
385.625		0.801192
385.75		0.801192
385.875		0.801192
386		0.801192
386.125		0.804859
386.25		0.804859
386.375		0.804859
386.5		0.804859
386.625		0.804859
386.75		0.804859
386.875		0.804859
387		0.804859
387.125		0.809311
387.25		0.809311
387.375		0.809311
387.5		0.809311
387.625		0.809311
387.75		0.809311
387.875		0.809311
388		0.809311
388.125		0.809785
388.25		0.809785
388.375		0.809785
388.5		0.809785
388.625		0.809785
388.75		0.809785
388.875		0.809785
389		0.809785
389.125		0.810753
389.25		0.810753
389.375		0.810753
389.5		0.810753
389.625		0.810753
389.75		0.810753
389.875		0.810753
390		0.810753
390.125		0.815342
390.25		0.815342
390.375		0.815342
390.5		0.815342
390.625		0.815342
390.75		0.815342
390.875		0.815342
391		0.815342
391.125		0.816152
391.25		0.816152
391.375		0.816152
391.5		0.816152
391.625		0.816152
391.75		0.816152
391.875		0.816152
392		0.816152
392.125		0.817848
392.25		0.817848
392.375		0.817848
392.5		0.817848
392.625		0.817848
392.75		0.817848
392.875		0.817848
393		0.817848
393.125		0.821328
393.25		0.821328
393.375		0.821328
393.5		0.821328
393.625		0.821328
393.75		0.821328
393.875		0.821328
394		0.821328
394.125		0.824472
394.25		0.824472
394.375		0.824472
394.5		0.824472
394.625		0.824472
394.75		0.824472
394.875		0.824472
395		0.824472
395.125		0.826359
395.25		0.826359
395.375		0.826359
395.5		0.826359
395.625		0.826359
395.75		0.826359
395.875		0.826359
396		0.826359
396.125		0.827845
396.25		0.827845
396.375		0.827845
396.5		0.827845
396.625		0.827845
396.75		0.827845
396.875		0.827845
397		0.827845
397.125		0.828397
397.25		0.828397
397.375		0.828397
397.5		0.828397
397.625		0.828397
397.75		0.828397
397.875		0.828397
398		0.828397
398.125		0.828804
398.25		0.828804
398.375		0.828804
398.5		0.828804
398.625		0.828804
398.75		0.828804
398.875		0.828804
399		0.828804
399.125		0.831657
399.25		0.831657
399.375		0.831657
399.5		0.831657
399.625		0.831657
399.75		0.831657
399.875		0.831657
400		0.831657
400.125		0.836505
400.25		0.836505
400.375		0.836505
400.5		0.836505
400.625		0.836505
400.75		0.836505
400.875		0.836505
401		0.836505
401.125		0.839071
401.25		0.839071
401.375		0.839071
401.5		0.839071
401.625		0.839071
401.75		0.839071
401.875		0.839071
402		0.839071
402.125		0.840116
402.25		0.840116
402.375		0.840116
402.5		0.840116
402.625		0.840116
402.75		0.840116
402.875		0.840116
403		0.840116
403.125		0.841602
403.25		0.841602
403.375		0.841602
403.5		0.841602
403.625		0.841602
403.75		0.841602
403.875		0.841602
404		0.841602
404.125		0.842607
404.25		0.842607
404.375		0.842607
404.5		0.842607
404.625		0.842607
404.75		0.842607
404.875		0.842607
405		0.842607
405.125		0.84685
405.25		0.84685
405.375		0.84685
405.5		0.84685
405.625		0.84685
405.75		0.84685
405.875		0.84685
406		0.84685
406.125		0.848798
406.25		0.848798
406.375		0.848798
406.5		0.848798
406.625		0.848798
406.75		0.848798
406.875		0.848798
407		0.848798
407.125		0.851926
407.25		0.851926
407.375		0.851926
407.5		0.851926
407.625		0.851926
407.75		0.851926
407.875		0.851926
408		0.851926
408.125		0.852744
408.25		0.852744
408.375		0.852744
408.5		0.852744
408.625		0.852744
408.75		0.852744
408.875		0.852744
409		0.852744
409.125		0.853554
409.25		0.853554
409.375		0.853554
409.5		0.853554
409.625		0.853554
409.75		0.853554
409.875		0.853554
410		0.853554
410.125		0.856625
410.25		0.856625
410.375		0.856625
410.5		0.856625
410.625		0.856625
410.75		0.856625
410.875		0.856625
411		0.856625
411.125		0.859318
411.25		0.859318
411.375		0.859318
411.5		0.859318
411.625		0.859318
411.75		0.859318
411.875		0.859318
412		0.859318
412.125		0.862701
412.25		0.862701
412.375		0.862701
412.5		0.862701
412.625		0.862701
412.75		0.862701
412.875		0.862701
413		0.862701
413.125		0.864241
413.25		0.864241
413.375		0.864241
413.5		0.864241
413.625		0.864241
413.75		0.864241
413.875		0.864241
414		0.864241
414.125		0.867678
414.25		0.867678
414.375		0.867678
414.5		0.867678
414.625		0.867678
414.75		0.867678
414.875		0.867678
415		0.867678
415.125		0.868132
415.25		0.868132
415.375		0.868132
415.5		0.868132
415.625		0.868132
415.75		0.868132
415.875		0.868132
416		0.868132
416.125		0.868861
416.25		0.868861
416.375		0.868861
416.5		0.868861
416.625		0.868861
416.75		0.868861
416.875		0.868861
417		0.868861
417.125		0.872383
417.25		0.872383
417.375		0.872383
417.5		0.872383
417.625		0.872383
417.75		0.872383
417.875		0.872383
418		0.872383
418.125		0.874846
418.25		0.874846
418.375		0.874846
418.5		0.874846
418.625		0.874846
418.75		0.874846
418.875		0.874846
419		0.874846
419.125		0.877854
419.25		0.877854
419.375		0.877854
419.5		0.877854
419.625		0.877854
419.75		0.877854
419.875		0.877854
420		0.877854
420.125		0.880078
420.25		0.880078
420.375		0.880078
420.5		0.880078
420.625		0.880078
420.75		0.880078
420.875		0.880078
421		0.880078
421.125		0.880832
421.25		0.880832
421.375		0.880832
421.5		0.880832
421.625		0.880832
421.75		0.880832
421.875		0.880832
422		0.880832
422.125		0.884225
422.25		0.884225
422.375		0.884225
422.5		0.884225
422.625		0.884225
422.75		0.884225
422.875		0.884225
423		0.884225
423.125		0.885169
423.25		0.885169
423.375		0.885169
423.5		0.885169
423.625		0.885169
423.75		0.885169
423.875		0.885169
424		0.885169
424.125		0.885743
424.25		0.885743
424.375		0.885743
424.5		0.885743
424.625		0.885743
424.75		0.885743
424.875		0.885743
425		0.885743
425.125		0.889601
425.25		0.889601
425.375		0.889601
425.5		0.889601
425.625		0.889601
425.75		0.889601
425.875		0.889601
426		0.889601
426.125		0.893873
426.25		0.893873
426.375		0.893873
426.5		0.893873
426.625		0.893873
426.75		0.893873
426.875		0.893873
427		0.893873
427.125		0.896161
427.25		0.896161
427.375		0.896161
427.5		0.896161
427.625		0.896161
427.75		0.896161
427.875		0.896161
428		0.896161
428.125		0.896823
428.25		0.896823
428.375		0.896823
428.5		0.896823
428.625		0.896823
428.75		0.896823
428.875		0.896823
429		0.896823
429.125		0.897559
429.25		0.897559
429.375		0.897559
429.5		0.897559
429.625		0.897559
429.75		0.897559
429.875		0.897559
430		0.897559
430.125		0.899809
430.25		0.899809
430.375		0.899809
430.5		0.899809
430.625		0.899809
430.75		0.899809
430.875		0.899809
431		0.899809
431.125		0.90325
431.25		0.90325
431.375		0.90325
431.5		0.90325
431.625		0.90325
431.75		0.90325
431.875		0.90325
432		0.90325
432.125		0.904967
432.25		0.904967
432.375		0.904967
432.5		0.904967
432.625		0.904967
432.75		0.904967
432.875		0.904967
433		0.904967
433.125		0.906966
433.25		0.906966
433.375		0.906966
433.5		0.906966
433.625		0.906966
433.75		0.906966
433.875		0.906966
434		0.906966
434.125		0.908763
434.25		0.908763
434.375		0.908763
434.5		0.908763
434.625		0.908763
434.75		0.908763
434.875		0.908763
435		0.908763
435.125		0.91139
435.25		0.91139
435.375		0.91139
435.5		0.91139
435.625		0.91139
435.75		0.91139
435.875		0.91139
436		0.91139
436.125		0.911518
436.25		0.911518
436.375		0.911518
436.5		0.911518
436.625		0.911518
436.75		0.911518
436.875		0.911518
437		0.911518
437.125		0.914055
437.25		0.914055
437.375		0.914055
437.5		0.914055
437.625		0.914055
437.75		0.914055
437.875		0.914055
438		0.914055
438.125		0.91524
438.25		0.91524
438.375		0.91524
438.5		0.91524
438.625		0.91524
438.75		0.91524
438.875		0.91524
439		0.91524
439.125		0.916744
439.25		0.916744
439.375		0.916744
439.5		0.916744
439.625		0.916744
439.75		0.916744
439.875		0.916744
440		0.916744
440.125		0.920496
440.25		0.920496
440.375		0.920496
440.5		0.920496
440.625		0.920496
440.75		0.920496
440.875		0.920496
441		0.920496
441.125		0.924647
441.25		0.924647
441.375		0.924647
441.5		0.924647
441.625		0.924647
441.75		0.924647
441.875		0.924647
442		0.924647
442.125		0.925165
442.25		0.925165
442.375		0.925165
442.5		0.925165
442.625		0.925165
442.75		0.925165
442.875		0.925165
443		0.925165
443.125		0.927086
443.25		0.927086
443.375		0.927086
443.5		0.927086
443.625		0.927086
443.75		0.927086
443.875		0.927086
444		0.927086
444.125		0.932294
444.25		0.932294
444.375		0.932294
444.5		0.932294
444.625		0.932294
444.75		0.932294
444.875		0.932294
445		0.932294
445.125		0.933
445.25		0.933
445.375		0.933
445.5		0.933
445.625		0.933
445.75		0.933
445.875		0.933
446		0.933
446.125		0.934949
446.25		0.934949
446.375		0.934949
446.5		0.934949
446.625		0.934949
446.75		0.934949
446.875		0.934949
447		0.934949
447.125		0.937897
447.25		0.937897
447.375		0.937897
447.5		0.937897
447.625		0.937897
447.75		0.937897
447.875		0.937897
448		0.937897
448.125		0.939421
448.25		0.939421
448.375		0.939421
448.5		0.939421
448.625		0.939421
448.75		0.939421
448.875		0.939421
449		0.939421
449.125		0.941449
449.25		0.941449
449.375		0.941449
449.5		0.941449
449.625		0.941449
449.75		0.941449
449.875		0.941449
450		0.941449
450.125		0.944236
450.25		0.944236
450.375		0.944236
450.5		0.944236
450.625		0.944236
450.75		0.944236
450.875		0.944236
451		0.944236
451.125		0.946937
451.25		0.946937
451.375		0.946937
451.5		0.946937
451.625		0.946937
451.75		0.946937
451.875		0.946937
452		0.946937
452.125		0.947752
452.25		0.947752
452.375		0.947752
452.5		0.947752
452.625		0.947752
452.75		0.947752
452.875		0.947752
453		0.947752
453.125		0.948891
453.25		0.948891
453.375		0.948891
453.5		0.948891
453.625		0.948891
453.75		0.948891
453.875		0.948891
454		0.948891
454.125		0.953706
454.25		0.953706
454.375		0.953706
454.5		0.953706
454.625		0.953706
454.75		0.953706
454.875		0.953706
455		0.953706
455.125		0.956429
455.25		0.956429
455.375		0.956429
455.5		0.956429
455.625		0.956429
455.75		0.956429
455.875		0.956429
456		0.956429
456.125		0.957181
456.25		0.957181
456.375		0.957181
456.5		0.957181
456.625		0.957181
456.75		0.957181
456.875		0.957181
457		0.957181
457.125		0.95815
457.25		0.95815
457.375		0.95815
457.5		0.95815
457.625		0.95815
457.75		0.95815
457.875		0.95815
458		0.95815
458.125		0.962616
458.25		0.962616
458.375		0.962616
458.5		0.962616
458.625		0.962616
458.75		0.962616
458.875		0.962616
459		0.962616
459.125		0.965239
459.25		0.965239
459.375		0.965239
459.5		0.965239
459.625		0.965239
459.75		0.965239
459.875		0.965239
460		0.965239
460.125		0.966408
460.25		0.966408
460.375		0.966408
460.5		0.966408
460.625		0.966408
460.75		0.966408
460.875		0.966408
461		0.966408
461.125		0.967767
461.25		0.967767
461.375		0.967767
461.5		0.967767
461.625		0.967767
461.75		0.967767
461.875		0.967767
462		0.967767
462.125		0.968445
462.25		0.968445
462.375		0.968445
462.5		0.968445
462.625		0.968445
462.75		0.968445
462.875		0.968445
463		0.968445
463.125		0.970537
463.25		0.970537
463.375		0.970537
463.5		0.970537
463.625		0.970537
463.75		0.970537
463.875		0.970537
464		0.970537
464.125		0.97456
464.25		0.97456
464.375		0.97456
464.5		0.97456
464.625		0.97456
464.75		0.97456
464.875		0.97456
465		0.97456
465.125		0.977542
465.25		0.977542
465.375		0.977542
465.5		0.977542
465.625		0.977542
465.75		0.977542
465.875		0.977542
466		0.977542
466.125		0.979527
466.25		0.979527
466.375		0.979527
466.5		0.979527
466.625		0.979527
466.75		0.979527
466.875		0.979527
467		0.979527
467.125		0.980486
467.25		0.980486
467.375		0.980486
467.5		0.980486
467.625		0.980486
467.75		0.980486
467.875		0.980486
468		0.980486
468.125		0.981113
468.25		0.981113
468.375		0.981113
468.5		0.981113
468.625		0.981113
468.75		0.981113
468.875		0.981113
469		0.981113
469.125		0.981444
469.25		0.981444
469.375		0.981444
469.5		0.981444
469.625		0.981444
469.75		0.981444
469.875		0.981444
470		0.981444
470.125		0.9844
470.25		0.9844
470.375		0.9844
470.5		0.9844
470.625		0.9844
470.75		0.9844
470.875		0.9844
471		0.9844
471.125		0.98953
471.25		0.98953
471.375		0.98953
471.5		0.98953
471.625		0.98953
471.75		0.98953
471.875		0.98953
472		0.98953
472.125		0.990671
472.25		0.990671
472.375		0.990671
472.5		0.990671
472.625		0.990671
472.75		0.990671
472.875		0.990671
473		0.990671
473.125		0.993892
473.25		0.993892
473.375		0.993892
473.5		0.993892
473.625		0.993892
473.75		0.993892
473.875		0.993892
474		0.993892
474.125		0.995558
474.25		0.995558
474.375		0.995558
474.5		0.995558
474.625		0.995558
474.75		0.995558
474.875		0.995558
475		0.995558
475.125		0.995817
475.25		0.995817
475.375		0.995817
475.5		0.995817
475.625		0.995817
475.75		0.995817
475.875		0.995817
476		0.995817
476.125		0.998516
476.25		0.998516
476.375		0.998516
476.5		0.998516
476.625		0.998516
476.75		0.998516
476.875		0.998516
477		0.998516
477.125		0.999996
477.25		0.999996
477.375		0.999996
477.5		0.999996
477.625		0.999996
477.75		0.999996
477.875		0.999996
478		0.999996
478.125		1
478.25		1
478.375		1
478.5		1
478.625		1
478.75		1
478.875		1
479		1
479.125		1
479.25		1
479.375		1
479.5		1
479.625		1
479.75		1
479.875		1
480		1
480.125		1
480.25		1
480.375		1
480.5		1
480.625		1
480.75		1
480.875		1
481		1
481.125		1
481.25		1
481.375		1
481.5		1
481.625		1
481.75		1
481.875		1
482		1
482.125		1
482.25		1
482.375		1
482.5		1
482.625		1
482.75		1
482.875		1
483		1
483.125		1
483.25		1
483.375		1
483.5		1
483.625		1
483.75		1
483.875		1
484		1
484.125		1
484.25		1
484.375		1
484.5		1
484.625		1
484.75		1
484.875		1
485		1
485.125		1
485.25		1
485.375		1
485.5		1
485.625		1
485.75		1
485.875		1
486		1
486.125		1
486.25		1
486.375		1
486.5		1
486.625		1
486.75		1
486.875		1
487		1
487.125		1
487.25		1
487.375		1
487.5		1
487.625		1
487.75		1
487.875		1
488		1
488.125		1
488.25		1
488.375		1
488.5		1
488.625		1
488.75		1
488.875		1
489		1
489.125		1
489.25		1
489.375		1
489.5		1
489.625		1
489.75		1
489.875		1
490		1
490.125		1
490.25		1
490.375		1
490.5		1
490.625		1
490.75		1
490.875		1
491		1
491.125		1
491.25		1
491.375		1
491.5		1
491.625		1
491.75		1
491.875		1
492		1
492.125		1
492.25		1
492.375		1
492.5		1
492.625		1
492.75		1
492.875		1
493		1
493.125		1
493.25		1
493.375		1
493.5		1
493.625		1
493.75		1
493.875		1
494		1
494.125		1
494.25		1
494.375		1
494.5		1
494.625		1
494.75		1
494.875		1
495		1
495.125		1
495.25		1
495.375		1
495.5		1
495.625		1
495.75		1
495.875		1
496		1
496.125		1
496.25		1
496.375		1
496.5		1
496.625		1
496.75		1
496.875		1
497		1
497.125		1
497.25		1
497.375		1
497.5		1
497.625		1
497.75		1
497.875		1
498		1
498.125		1
498.25		1
498.375		1
498.5		1
498.625		1
498.75		1
498.875		1
499		1
499.125		1
499.25		1
499.375		1
499.5		1
499.625		1
499.75		1
499.875		1
500		1
