# Calibration file of tamex_id 1 @ channel 11
# fine_T bin		 Calibration value
0.125		0
0.25		0
0.375		0
0.5		0
0.625		0
0.75		0
0.875		0
1		0
1.125		0
1.25		0
1.375		0
1.5		0
1.625		0
1.75		0
1.875		0
2		0
2.125		0
2.25		0
2.375		0
2.5		0
2.625		0
2.75		0
2.875		0
3		0
3.125		0
3.25		0
3.375		0
3.5		0
3.625		0
3.75		0
3.875		0
4		0
4.125		0
4.25		0
4.375		0
4.5		0
4.625		0
4.75		0
4.875		0
5		0
5.125		0
5.25		0
5.375		0
5.5		0
5.625		0
5.75		0
5.875		0
6		0
6.125		0
6.25		0
6.375		0
6.5		0
6.625		0
6.75		0
6.875		0
7		0
7.125		0
7.25		0
7.375		0
7.5		0
7.625		0
7.75		0
7.875		0
8		0
8.125		0
8.25		0
8.375		0
8.5		0
8.625		0
8.75		0
8.875		0
9		0
9.125		0
9.25		0
9.375		0
9.5		0
9.625		0
9.75		0
9.875		0
10		0
10.125		0
10.25		0
10.375		0
10.5		0
10.625		0
10.75		0
10.875		0
11		0
11.125		0
11.25		0
11.375		0
11.5		0
11.625		0
11.75		0
11.875		0
12		0
12.125		0
12.25		0
12.375		0
12.5		0
12.625		0
12.75		0
12.875		0
13		0
13.125		0
13.25		0
13.375		0
13.5		0
13.625		0
13.75		0
13.875		0
14		0
14.125		0
14.25		0
14.375		0
14.5		0
14.625		0
14.75		0
14.875		0
15		0
15.125		0
15.25		0
15.375		0
15.5		0
15.625		0
15.75		0
15.875		0
16		0
16.125		0
16.25		0
16.375		0
16.5		0
16.625		0
16.75		0
16.875		0
17		0
17.125		0.00733336
17.25		0.00733336
17.375		0.00733336
17.5		0.00733336
17.625		0.00733336
17.75		0.00733336
17.875		0.00733336
18		0.00733336
18.125		0.00992828
18.25		0.00992828
18.375		0.00992828
18.5		0.00992828
18.625		0.00992828
18.75		0.00992828
18.875		0.00992828
19		0.00992828
19.125		0.010078
19.25		0.010078
19.375		0.010078
19.5		0.010078
19.625		0.010078
19.75		0.010078
19.875		0.010078
20		0.010078
20.125		0.0139023
20.25		0.0139023
20.375		0.0139023
20.5		0.0139023
20.625		0.0139023
20.75		0.0139023
20.875		0.0139023
21		0.0139023
21.125		0.0186929
21.25		0.0186929
21.375		0.0186929
21.5		0.0186929
21.625		0.0186929
21.75		0.0186929
21.875		0.0186929
22		0.0186929
22.125		0.0206867
22.25		0.0206867
22.375		0.0206867
22.5		0.0206867
22.625		0.0206867
22.75		0.0206867
22.875		0.0206867
23		0.0206867
23.125		0.0209181
23.25		0.0209181
23.375		0.0209181
23.5		0.0209181
23.625		0.0209181
23.75		0.0209181
23.875		0.0209181
24		0.0209181
24.125		0.0221271
24.25		0.0221271
24.375		0.0221271
24.5		0.0221271
24.625		0.0221271
24.75		0.0221271
24.875		0.0221271
25		0.0221271
25.125		0.0254229
25.25		0.0254229
25.375		0.0254229
25.5		0.0254229
25.625		0.0254229
25.75		0.0254229
25.875		0.0254229
26		0.0254229
26.125		0.0299595
26.25		0.0299595
26.375		0.0299595
26.5		0.0299595
26.625		0.0299595
26.75		0.0299595
26.875		0.0299595
27		0.0299595
27.125		0.0309485
27.25		0.0309485
27.375		0.0309485
27.5		0.0309485
27.625		0.0309485
27.75		0.0309485
27.875		0.0309485
28		0.0309485
28.125		0.0333165
28.25		0.0333165
28.375		0.0333165
28.5		0.0333165
28.625		0.0333165
28.75		0.0333165
28.875		0.0333165
29		0.0333165
29.125		0.0339925
29.25		0.0339925
29.375		0.0339925
29.5		0.0339925
29.625		0.0339925
29.75		0.0339925
29.875		0.0339925
30		0.0339925
30.125		0.0399377
30.25		0.0399377
30.375		0.0399377
30.5		0.0399377
30.625		0.0399377
30.75		0.0399377
30.875		0.0399377
31		0.0399377
31.125		0.0401826
31.25		0.0401826
31.375		0.0401826
31.5		0.0401826
31.625		0.0401826
31.75		0.0401826
31.875		0.0401826
32		0.0401826
32.125		0.0408382
32.25		0.0408382
32.375		0.0408382
32.5		0.0408382
32.625		0.0408382
32.75		0.0408382
32.875		0.0408382
33		0.0408382
33.125		0.0423489
33.25		0.0423489
33.375		0.0423489
33.5		0.0423489
33.625		0.0423489
33.75		0.0423489
33.875		0.0423489
34		0.0423489
34.125		0.0453203
34.25		0.0453203
34.375		0.0453203
34.5		0.0453203
34.625		0.0453203
34.75		0.0453203
34.875		0.0453203
35		0.0453203
35.125		0.0486252
35.25		0.0486252
35.375		0.0486252
35.5		0.0486252
35.625		0.0486252
35.75		0.0486252
35.875		0.0486252
36		0.0486252
36.125		0.0511271
36.25		0.0511271
36.375		0.0511271
36.5		0.0511271
36.625		0.0511271
36.75		0.0511271
36.875		0.0511271
37		0.0511271
37.125		0.0525153
37.25		0.0525153
37.375		0.0525153
37.5		0.0525153
37.625		0.0525153
37.75		0.0525153
37.875		0.0525153
38		0.0525153
38.125		0.0527399
38.25		0.0527399
38.375		0.0527399
38.5		0.0527399
38.625		0.0527399
38.75		0.0527399
38.875		0.0527399
39		0.0527399
39.125		0.0573241
39.25		0.0573241
39.375		0.0573241
39.5		0.0573241
39.625		0.0573241
39.75		0.0573241
39.875		0.0573241
40		0.0573241
40.125		0.0580476
40.25		0.0580476
40.375		0.0580476
40.5		0.0580476
40.625		0.0580476
40.75		0.0580476
40.875		0.0580476
41		0.0580476
41.125		0.05871
41.25		0.05871
41.375		0.05871
41.5		0.05871
41.625		0.05871
41.75		0.05871
41.875		0.05871
42		0.05871
42.125		0.0599281
42.25		0.0599281
42.375		0.0599281
42.5		0.0599281
42.625		0.0599281
42.75		0.0599281
42.875		0.0599281
43		0.0599281
43.125		0.0648933
43.25		0.0648933
43.375		0.0648933
43.5		0.0648933
43.625		0.0648933
43.75		0.0648933
43.875		0.0648933
44		0.0648933
44.125		0.065474
44.25		0.065474
44.375		0.065474
44.5		0.065474
44.625		0.065474
44.75		0.065474
44.875		0.065474
45		0.065474
45.125		0.0679714
45.25		0.0679714
45.375		0.0679714
45.5		0.0679714
45.625		0.0679714
45.75		0.0679714
45.875		0.0679714
46		0.0679714
46.125		0.0688719
46.25		0.0688719
46.375		0.0688719
46.5		0.0688719
46.625		0.0688719
46.75		0.0688719
46.875		0.0688719
47		0.0688719
47.125		0.0728119
47.25		0.0728119
47.375		0.0728119
47.5		0.0728119
47.625		0.0728119
47.75		0.0728119
47.875		0.0728119
48		0.0728119
48.125		0.0758196
48.25		0.0758196
48.375		0.0758196
48.5		0.0758196
48.625		0.0758196
48.75		0.0758196
48.875		0.0758196
49		0.0758196
49.125		0.0776819
49.25		0.0776819
49.375		0.0776819
49.5		0.0776819
49.625		0.0776819
49.75		0.0776819
49.875		0.0776819
50		0.0776819
50.125		0.0787253
50.25		0.0787253
50.375		0.0787253
50.5		0.0787253
50.625		0.0787253
50.75		0.0787253
50.875		0.0787253
51		0.0787253
51.125		0.0814359
51.25		0.0814359
51.375		0.0814359
51.5		0.0814359
51.625		0.0814359
51.75		0.0814359
51.875		0.0814359
52		0.0814359
52.125		0.0854031
52.25		0.0854031
52.375		0.0854031
52.5		0.0854031
52.625		0.0854031
52.75		0.0854031
52.875		0.0854031
53		0.0854031
53.125		0.086535
53.25		0.086535
53.375		0.086535
53.5		0.086535
53.625		0.086535
53.75		0.086535
53.875		0.086535
54		0.086535
54.125		0.0890347
54.25		0.0890347
54.375		0.0890347
54.5		0.0890347
54.625		0.0890347
54.75		0.0890347
54.875		0.0890347
55		0.0890347
55.125		0.0892433
55.25		0.0892433
55.375		0.0892433
55.5		0.0892433
55.625		0.0892433
55.75		0.0892433
55.875		0.0892433
56		0.0892433
56.125		0.0948052
56.25		0.0948052
56.375		0.0948052
56.5		0.0948052
56.625		0.0948052
56.75		0.0948052
56.875		0.0948052
57		0.0948052
57.125		0.0971324
57.25		0.0971324
57.375		0.0971324
57.5		0.0971324
57.625		0.0971324
57.75		0.0971324
57.875		0.0971324
58		0.0971324
58.125		0.0986091
58.25		0.0986091
58.375		0.0986091
58.5		0.0986091
58.625		0.0986091
58.75		0.0986091
58.875		0.0986091
59		0.0986091
59.125		0.0990718
59.25		0.0990718
59.375		0.0990718
59.5		0.0990718
59.625		0.0990718
59.75		0.0990718
59.875		0.0990718
60		0.0990718
60.125		0.102833
60.25		0.102833
60.375		0.102833
60.5		0.102833
60.625		0.102833
60.75		0.102833
60.875		0.102833
61		0.102833
61.125		0.103495
61.25		0.103495
61.375		0.103495
61.5		0.103495
61.625		0.103495
61.75		0.103495
61.875		0.103495
62		0.103495
62.125		0.106478
62.25		0.106478
62.375		0.106478
62.5		0.106478
62.625		0.106478
62.75		0.106478
62.875		0.106478
63		0.106478
63.125		0.107616
63.25		0.107616
63.375		0.107616
63.5		0.107616
63.625		0.107616
63.75		0.107616
63.875		0.107616
64		0.107616
64.125		0.108921
64.25		0.108921
64.375		0.108921
64.5		0.108921
64.625		0.108921
64.75		0.108921
64.875		0.108921
65		0.108921
65.125		0.110488
65.25		0.110488
65.375		0.110488
65.5		0.110488
65.625		0.110488
65.75		0.110488
65.875		0.110488
66		0.110488
66.125		0.113832
66.25		0.113832
66.375		0.113832
66.5		0.113832
66.625		0.113832
66.75		0.113832
66.875		0.113832
67		0.113832
67.125		0.114948
67.25		0.114948
67.375		0.114948
67.5		0.114948
67.625		0.114948
67.75		0.114948
67.875		0.114948
68		0.114948
68.125		0.118677
68.25		0.118677
68.375		0.118677
68.5		0.118677
68.625		0.118677
68.75		0.118677
68.875		0.118677
69		0.118677
69.125		0.119123
69.25		0.119123
69.375		0.119123
69.5		0.119123
69.625		0.119123
69.75		0.119123
69.875		0.119123
70		0.119123
70.125		0.120364
70.25		0.120364
70.375		0.120364
70.5		0.120364
70.625		0.120364
70.75		0.120364
70.875		0.120364
71		0.120364
71.125		0.122941
71.25		0.122941
71.375		0.122941
71.5		0.122941
71.625		0.122941
71.75		0.122941
71.875		0.122941
72		0.122941
72.125		0.125799
72.25		0.125799
72.375		0.125799
72.5		0.125799
72.625		0.125799
72.75		0.125799
72.875		0.125799
73		0.125799
73.125		0.128925
73.25		0.128925
73.375		0.128925
73.5		0.128925
73.625		0.128925
73.75		0.128925
73.875		0.128925
74		0.128925
74.125		0.129771
74.25		0.129771
74.375		0.129771
74.5		0.129771
74.625		0.129771
74.75		0.129771
74.875		0.129771
75		0.129771
75.125		0.131343
75.25		0.131343
75.375		0.131343
75.5		0.131343
75.625		0.131343
75.75		0.131343
75.875		0.131343
76		0.131343
76.125		0.133114
76.25		0.133114
76.375		0.133114
76.5		0.133114
76.625		0.133114
76.75		0.133114
76.875		0.133114
77		0.133114
77.125		0.134815
77.25		0.134815
77.375		0.134815
77.5		0.134815
77.625		0.134815
77.75		0.134815
77.875		0.134815
78		0.134815
78.125		0.14015
78.25		0.14015
78.375		0.14015
78.5		0.14015
78.625		0.14015
78.75		0.14015
78.875		0.14015
79		0.14015
79.125		0.14094
79.25		0.14094
79.375		0.14094
79.5		0.14094
79.625		0.14094
79.75		0.14094
79.875		0.14094
80		0.14094
80.125		0.14201
80.25		0.14201
80.375		0.14201
80.5		0.14201
80.625		0.14201
80.75		0.14201
80.875		0.14201
81		0.14201
81.125		0.145826
81.25		0.145826
81.375		0.145826
81.5		0.145826
81.625		0.145826
81.75		0.145826
81.875		0.145826
82		0.145826
82.125		0.147897
82.25		0.147897
82.375		0.147897
82.5		0.147897
82.625		0.147897
82.75		0.147897
82.875		0.147897
83		0.147897
83.125		0.14972
83.25		0.14972
83.375		0.14972
83.5		0.14972
83.625		0.14972
83.75		0.14972
83.875		0.14972
84		0.14972
84.125		0.151753
84.25		0.151753
84.375		0.151753
84.5		0.151753
84.625		0.151753
84.75		0.151753
84.875		0.151753
85		0.151753
85.125		0.153483
85.25		0.153483
85.375		0.153483
85.5		0.153483
85.625		0.153483
85.75		0.153483
85.875		0.153483
86		0.153483
86.125		0.155189
86.25		0.155189
86.375		0.155189
86.5		0.155189
86.625		0.155189
86.75		0.155189
86.875		0.155189
87		0.155189
87.125		0.158635
87.25		0.158635
87.375		0.158635
87.5		0.158635
87.625		0.158635
87.75		0.158635
87.875		0.158635
88		0.158635
88.125		0.158848
88.25		0.158848
88.375		0.158848
88.5		0.158848
88.625		0.158848
88.75		0.158848
88.875		0.158848
89		0.158848
89.125		0.162343
89.25		0.162343
89.375		0.162343
89.5		0.162343
89.625		0.162343
89.75		0.162343
89.875		0.162343
90		0.162343
90.125		0.163863
90.25		0.163863
90.375		0.163863
90.5		0.163863
90.625		0.163863
90.75		0.163863
90.875		0.163863
91		0.163863
91.125		0.168252
91.25		0.168252
91.375		0.168252
91.5		0.168252
91.625		0.168252
91.75		0.168252
91.875		0.168252
92		0.168252
92.125		0.170021
92.25		0.170021
92.375		0.170021
92.5		0.170021
92.625		0.170021
92.75		0.170021
92.875		0.170021
93		0.170021
93.125		0.171734
93.25		0.171734
93.375		0.171734
93.5		0.171734
93.625		0.171734
93.75		0.171734
93.875		0.171734
94		0.171734
94.125		0.172018
94.25		0.172018
94.375		0.172018
94.5		0.172018
94.625		0.172018
94.75		0.172018
94.875		0.172018
95		0.172018
95.125		0.176665
95.25		0.176665
95.375		0.176665
95.5		0.176665
95.625		0.176665
95.75		0.176665
95.875		0.176665
96		0.176665
96.125		0.177167
96.25		0.177167
96.375		0.177167
96.5		0.177167
96.625		0.177167
96.75		0.177167
96.875		0.177167
97		0.177167
97.125		0.180739
97.25		0.180739
97.375		0.180739
97.5		0.180739
97.625		0.180739
97.75		0.180739
97.875		0.180739
98		0.180739
98.125		0.18247
98.25		0.18247
98.375		0.18247
98.5		0.18247
98.625		0.18247
98.75		0.18247
98.875		0.18247
99		0.18247
99.125		0.183475
99.25		0.183475
99.375		0.183475
99.5		0.183475
99.625		0.183475
99.75		0.183475
99.875		0.183475
100		0.183475
100.125		0.187635
100.25		0.187635
100.375		0.187635
100.5		0.187635
100.625		0.187635
100.75		0.187635
100.875		0.187635
101		0.187635
101.125		0.188415
101.25		0.188415
101.375		0.188415
101.5		0.188415
101.625		0.188415
101.75		0.188415
101.875		0.188415
102		0.188415
102.125		0.188757
102.25		0.188757
102.375		0.188757
102.5		0.188757
102.625		0.188757
102.75		0.188757
102.875		0.188757
103		0.188757
103.125		0.193505
103.25		0.193505
103.375		0.193505
103.5		0.193505
103.625		0.193505
103.75		0.193505
103.875		0.193505
104		0.193505
104.125		0.195059
104.25		0.195059
104.375		0.195059
104.5		0.195059
104.625		0.195059
104.75		0.195059
104.875		0.195059
105		0.195059
105.125		0.19581
105.25		0.19581
105.375		0.19581
105.5		0.19581
105.625		0.19581
105.75		0.19581
105.875		0.19581
106		0.19581
106.125		0.198969
106.25		0.198969
106.375		0.198969
106.5		0.198969
106.625		0.198969
106.75		0.198969
106.875		0.198969
107		0.198969
107.125		0.200088
107.25		0.200088
107.375		0.200088
107.5		0.200088
107.625		0.200088
107.75		0.200088
107.875		0.200088
108		0.200088
108.125		0.203166
108.25		0.203166
108.375		0.203166
108.5		0.203166
108.625		0.203166
108.75		0.203166
108.875		0.203166
109		0.203166
109.125		0.20582
109.25		0.20582
109.375		0.20582
109.5		0.20582
109.625		0.20582
109.75		0.20582
109.875		0.20582
110		0.20582
110.125		0.20662
110.25		0.20662
110.375		0.20662
110.5		0.20662
110.625		0.20662
110.75		0.20662
110.875		0.20662
111		0.20662
111.125		0.207196
111.25		0.207196
111.375		0.207196
111.5		0.207196
111.625		0.207196
111.75		0.207196
111.875		0.207196
112		0.207196
112.125		0.212114
112.25		0.212114
112.375		0.212114
112.5		0.212114
112.625		0.212114
112.75		0.212114
112.875		0.212114
113		0.212114
113.125		0.215126
113.25		0.215126
113.375		0.215126
113.5		0.215126
113.625		0.215126
113.75		0.215126
113.875		0.215126
114		0.215126
114.125		0.215394
114.25		0.215394
114.375		0.215394
114.5		0.215394
114.625		0.215394
114.75		0.215394
114.875		0.215394
115		0.215394
115.125		0.21812
115.25		0.21812
115.375		0.21812
115.5		0.21812
115.625		0.21812
115.75		0.21812
115.875		0.21812
116		0.21812
116.125		0.218327
116.25		0.218327
116.375		0.218327
116.5		0.218327
116.625		0.218327
116.75		0.218327
116.875		0.218327
117		0.218327
117.125		0.223347
117.25		0.223347
117.375		0.223347
117.5		0.223347
117.625		0.223347
117.75		0.223347
117.875		0.223347
118		0.223347
118.125		0.223653
118.25		0.223653
118.375		0.223653
118.5		0.223653
118.625		0.223653
118.75		0.223653
118.875		0.223653
119		0.223653
119.125		0.226801
119.25		0.226801
119.375		0.226801
119.5		0.226801
119.625		0.226801
119.75		0.226801
119.875		0.226801
120		0.226801
120.125		0.227443
120.25		0.227443
120.375		0.227443
120.5		0.227443
120.625		0.227443
120.75		0.227443
120.875		0.227443
121		0.227443
121.125		0.229546
121.25		0.229546
121.375		0.229546
121.5		0.229546
121.625		0.229546
121.75		0.229546
121.875		0.229546
122		0.229546
122.125		0.233043
122.25		0.233043
122.375		0.233043
122.5		0.233043
122.625		0.233043
122.75		0.233043
122.875		0.233043
123		0.233043
123.125		0.233211
123.25		0.233211
123.375		0.233211
123.5		0.233211
123.625		0.233211
123.75		0.233211
123.875		0.233211
124		0.233211
124.125		0.235049
124.25		0.235049
124.375		0.235049
124.5		0.235049
124.625		0.235049
124.75		0.235049
124.875		0.235049
125		0.235049
125.125		0.239304
125.25		0.239304
125.375		0.239304
125.5		0.239304
125.625		0.239304
125.75		0.239304
125.875		0.239304
126		0.239304
126.125		0.242114
126.25		0.242114
126.375		0.242114
126.5		0.242114
126.625		0.242114
126.75		0.242114
126.875		0.242114
127		0.242114
127.125		0.24485
127.25		0.24485
127.375		0.24485
127.5		0.24485
127.625		0.24485
127.75		0.24485
127.875		0.24485
128		0.24485
128.125		0.245129
128.25		0.245129
128.375		0.245129
128.5		0.245129
128.625		0.245129
128.75		0.245129
128.875		0.245129
129		0.245129
129.125		0.248336
129.25		0.248336
129.375		0.248336
129.5		0.248336
129.625		0.248336
129.75		0.248336
129.875		0.248336
130		0.248336
130.125		0.251056
130.25		0.251056
130.375		0.251056
130.5		0.251056
130.625		0.251056
130.75		0.251056
130.875		0.251056
131		0.251056
131.125		0.252281
131.25		0.252281
131.375		0.252281
131.5		0.252281
131.625		0.252281
131.75		0.252281
131.875		0.252281
132		0.252281
132.125		0.254352
132.25		0.254352
132.375		0.254352
132.5		0.254352
132.625		0.254352
132.75		0.254352
132.875		0.254352
133		0.254352
133.125		0.254638
133.25		0.254638
133.375		0.254638
133.5		0.254638
133.625		0.254638
133.75		0.254638
133.875		0.254638
134		0.254638
134.125		0.258902
134.25		0.258902
134.375		0.258902
134.5		0.258902
134.625		0.258902
134.75		0.258902
134.875		0.258902
135		0.258902
135.125		0.262155
135.25		0.262155
135.375		0.262155
135.5		0.262155
135.625		0.262155
135.75		0.262155
135.875		0.262155
136		0.262155
136.125		0.263241
136.25		0.263241
136.375		0.263241
136.5		0.263241
136.625		0.263241
136.75		0.263241
136.875		0.263241
137		0.263241
137.125		0.263799
137.25		0.263799
137.375		0.263799
137.5		0.263799
137.625		0.263799
137.75		0.263799
137.875		0.263799
138		0.263799
138.125		0.266451
138.25		0.266451
138.375		0.266451
138.5		0.266451
138.625		0.266451
138.75		0.266451
138.875		0.266451
139		0.266451
139.125		0.269311
139.25		0.269311
139.375		0.269311
139.5		0.269311
139.625		0.269311
139.75		0.269311
139.875		0.269311
140		0.269311
140.125		0.270797
140.25		0.270797
140.375		0.270797
140.5		0.270797
140.625		0.270797
140.75		0.270797
140.875		0.270797
141		0.270797
141.125		0.275887
141.25		0.275887
141.375		0.275887
141.5		0.275887
141.625		0.275887
141.75		0.275887
141.875		0.275887
142		0.275887
142.125		0.277985
142.25		0.277985
142.375		0.277985
142.5		0.277985
142.625		0.277985
142.75		0.277985
142.875		0.277985
143		0.277985
143.125		0.278538
143.25		0.278538
143.375		0.278538
143.5		0.278538
143.625		0.278538
143.75		0.278538
143.875		0.278538
144		0.278538
144.125		0.281024
144.25		0.281024
144.375		0.281024
144.5		0.281024
144.625		0.281024
144.75		0.281024
144.875		0.281024
145		0.281024
145.125		0.282249
145.25		0.282249
145.375		0.282249
145.5		0.282249
145.625		0.282249
145.75		0.282249
145.875		0.282249
146		0.282249
146.125		0.285615
146.25		0.285615
146.375		0.285615
146.5		0.285615
146.625		0.285615
146.75		0.285615
146.875		0.285615
147		0.285615
147.125		0.287979
147.25		0.287979
147.375		0.287979
147.5		0.287979
147.625		0.287979
147.75		0.287979
147.875		0.287979
148		0.287979
148.125		0.288471
148.25		0.288471
148.375		0.288471
148.5		0.288471
148.625		0.288471
148.75		0.288471
148.875		0.288471
149		0.288471
149.125		0.29171
149.25		0.29171
149.375		0.29171
149.5		0.29171
149.625		0.29171
149.75		0.29171
149.875		0.29171
150		0.29171
150.125		0.293189
150.25		0.293189
150.375		0.293189
150.5		0.293189
150.625		0.293189
150.75		0.293189
150.875		0.293189
151		0.293189
151.125		0.295653
151.25		0.295653
151.375		0.295653
151.5		0.295653
151.625		0.295653
151.75		0.295653
151.875		0.295653
152		0.295653
152.125		0.29837
152.25		0.29837
152.375		0.29837
152.5		0.29837
152.625		0.29837
152.75		0.29837
152.875		0.29837
153		0.29837
153.125		0.299327
153.25		0.299327
153.375		0.299327
153.5		0.299327
153.625		0.299327
153.75		0.299327
153.875		0.299327
154		0.299327
154.125		0.301038
154.25		0.301038
154.375		0.301038
154.5		0.301038
154.625		0.301038
154.75		0.301038
154.875		0.301038
155		0.301038
155.125		0.303317
155.25		0.303317
155.375		0.303317
155.5		0.303317
155.625		0.303317
155.75		0.303317
155.875		0.303317
156		0.303317
156.125		0.305306
156.25		0.305306
156.375		0.305306
156.5		0.305306
156.625		0.305306
156.75		0.305306
156.875		0.305306
157		0.305306
157.125		0.307777
157.25		0.307777
157.375		0.307777
157.5		0.307777
157.625		0.307777
157.75		0.307777
157.875		0.307777
158		0.307777
158.125		0.310526
158.25		0.310526
158.375		0.310526
158.5		0.310526
158.625		0.310526
158.75		0.310526
158.875		0.310526
159		0.310526
159.125		0.311197
159.25		0.311197
159.375		0.311197
159.5		0.311197
159.625		0.311197
159.75		0.311197
159.875		0.311197
160		0.311197
160.125		0.314947
160.25		0.314947
160.375		0.314947
160.5		0.314947
160.625		0.314947
160.75		0.314947
160.875		0.314947
161		0.314947
161.125		0.316754
161.25		0.316754
161.375		0.316754
161.5		0.316754
161.625		0.316754
161.75		0.316754
161.875		0.316754
162		0.316754
162.125		0.317253
162.25		0.317253
162.375		0.317253
162.5		0.317253
162.625		0.317253
162.75		0.317253
162.875		0.317253
163		0.317253
163.125		0.320066
163.25		0.320066
163.375		0.320066
163.5		0.320066
163.625		0.320066
163.75		0.320066
163.875		0.320066
164		0.320066
164.125		0.323276
164.25		0.323276
164.375		0.323276
164.5		0.323276
164.625		0.323276
164.75		0.323276
164.875		0.323276
165		0.323276
165.125		0.325796
165.25		0.325796
165.375		0.325796
165.5		0.325796
165.625		0.325796
165.75		0.325796
165.875		0.325796
166		0.325796
166.125		0.327554
166.25		0.327554
166.375		0.327554
166.5		0.327554
166.625		0.327554
166.75		0.327554
166.875		0.327554
167		0.327554
167.125		0.32876
167.25		0.32876
167.375		0.32876
167.5		0.32876
167.625		0.32876
167.75		0.32876
167.875		0.32876
168		0.32876
168.125		0.331752
168.25		0.331752
168.375		0.331752
168.5		0.331752
168.625		0.331752
168.75		0.331752
168.875		0.331752
169		0.331752
169.125		0.333832
169.25		0.333832
169.375		0.333832
169.5		0.333832
169.625		0.333832
169.75		0.333832
169.875		0.333832
170		0.333832
170.125		0.336901
170.25		0.336901
170.375		0.336901
170.5		0.336901
170.625		0.336901
170.75		0.336901
170.875		0.336901
171		0.336901
171.125		0.338972
171.25		0.338972
171.375		0.338972
171.5		0.338972
171.625		0.338972
171.75		0.338972
171.875		0.338972
172		0.338972
172.125		0.342123
172.25		0.342123
172.375		0.342123
172.5		0.342123
172.625		0.342123
172.75		0.342123
172.875		0.342123
173		0.342123
173.125		0.342216
173.25		0.342216
173.375		0.342216
173.5		0.342216
173.625		0.342216
173.75		0.342216
173.875		0.342216
174		0.342216
174.125		0.34323
174.25		0.34323
174.375		0.34323
174.5		0.34323
174.625		0.34323
174.75		0.34323
174.875		0.34323
175		0.34323
175.125		0.346936
175.25		0.346936
175.375		0.346936
175.5		0.346936
175.625		0.346936
175.75		0.346936
175.875		0.346936
176		0.346936
176.125		0.350057
176.25		0.350057
176.375		0.350057
176.5		0.350057
176.625		0.350057
176.75		0.350057
176.875		0.350057
177		0.350057
177.125		0.352459
177.25		0.352459
177.375		0.352459
177.5		0.352459
177.625		0.352459
177.75		0.352459
177.875		0.352459
178		0.352459
178.125		0.353088
178.25		0.353088
178.375		0.353088
178.5		0.353088
178.625		0.353088
178.75		0.353088
178.875		0.353088
179		0.353088
179.125		0.355644
179.25		0.355644
179.375		0.355644
179.5		0.355644
179.625		0.355644
179.75		0.355644
179.875		0.355644
180		0.355644
180.125		0.356536
180.25		0.356536
180.375		0.356536
180.5		0.356536
180.625		0.356536
180.75		0.356536
180.875		0.356536
181		0.356536
181.125		0.359693
181.25		0.359693
181.375		0.359693
181.5		0.359693
181.625		0.359693
181.75		0.359693
181.875		0.359693
182		0.359693
182.125		0.362558
182.25		0.362558
182.375		0.362558
182.5		0.362558
182.625		0.362558
182.75		0.362558
182.875		0.362558
183		0.362558
183.125		0.364658
183.25		0.364658
183.375		0.364658
183.5		0.364658
183.625		0.364658
183.75		0.364658
183.875		0.364658
184		0.364658
184.125		0.365525
184.25		0.365525
184.375		0.365525
184.5		0.365525
184.625		0.365525
184.75		0.365525
184.875		0.365525
185		0.365525
185.125		0.366185
185.25		0.366185
185.375		0.366185
185.5		0.366185
185.625		0.366185
185.75		0.366185
185.875		0.366185
186		0.366185
186.125		0.373428
186.25		0.373428
186.375		0.373428
186.5		0.373428
186.625		0.373428
186.75		0.373428
186.875		0.373428
187		0.373428
187.125		0.374176
187.25		0.374176
187.375		0.374176
187.5		0.374176
187.625		0.374176
187.75		0.374176
187.875		0.374176
188		0.374176
188.125		0.375449
188.25		0.375449
188.375		0.375449
188.5		0.375449
188.625		0.375449
188.75		0.375449
188.875		0.375449
189		0.375449
189.125		0.375591
189.25		0.375591
189.375		0.375591
189.5		0.375591
189.625		0.375591
189.75		0.375591
189.875		0.375591
190		0.375591
190.125		0.380967
190.25		0.380967
190.375		0.380967
190.5		0.380967
190.625		0.380967
190.75		0.380967
190.875		0.380967
191		0.380967
191.125		0.381278
191.25		0.381278
191.375		0.381278
191.5		0.381278
191.625		0.381278
191.75		0.381278
191.875		0.381278
192		0.381278
192.125		0.385756
192.25		0.385756
192.375		0.385756
192.5		0.385756
192.625		0.385756
192.75		0.385756
192.875		0.385756
193		0.385756
193.125		0.385958
193.25		0.385958
193.375		0.385958
193.5		0.385958
193.625		0.385958
193.75		0.385958
193.875		0.385958
194		0.385958
194.125		0.387493
194.25		0.387493
194.375		0.387493
194.5		0.387493
194.625		0.387493
194.75		0.387493
194.875		0.387493
195		0.387493
195.125		0.390308
195.25		0.390308
195.375		0.390308
195.5		0.390308
195.625		0.390308
195.75		0.390308
195.875		0.390308
196		0.390308
196.125		0.391356
196.25		0.391356
196.375		0.391356
196.5		0.391356
196.625		0.391356
196.75		0.391356
196.875		0.391356
197		0.391356
197.125		0.391644
197.25		0.391644
197.375		0.391644
197.5		0.391644
197.625		0.391644
197.75		0.391644
197.875		0.391644
198		0.391644
198.125		0.393561
198.25		0.393561
198.375		0.393561
198.5		0.393561
198.625		0.393561
198.75		0.393561
198.875		0.393561
199		0.393561
199.125		0.397594
199.25		0.397594
199.375		0.397594
199.5		0.397594
199.625		0.397594
199.75		0.397594
199.875		0.397594
200		0.397594
200.125		0.398211
200.25		0.398211
200.375		0.398211
200.5		0.398211
200.625		0.398211
200.75		0.398211
200.875		0.398211
201		0.398211
201.125		0.401727
201.25		0.401727
201.375		0.401727
201.5		0.401727
201.625		0.401727
201.75		0.401727
201.875		0.401727
202		0.401727
202.125		0.404564
202.25		0.404564
202.375		0.404564
202.5		0.404564
202.625		0.404564
202.75		0.404564
202.875		0.404564
203		0.404564
203.125		0.405222
203.25		0.405222
203.375		0.405222
203.5		0.405222
203.625		0.405222
203.75		0.405222
203.875		0.405222
204		0.405222
204.125		0.406869
204.25		0.406869
204.375		0.406869
204.5		0.406869
204.625		0.406869
204.75		0.406869
204.875		0.406869
205		0.406869
205.125		0.40899
205.25		0.40899
205.375		0.40899
205.5		0.40899
205.625		0.40899
205.75		0.40899
205.875		0.40899
206		0.40899
206.125		0.412145
206.25		0.412145
206.375		0.412145
206.5		0.412145
206.625		0.412145
206.75		0.412145
206.875		0.412145
207		0.412145
207.125		0.415783
207.25		0.415783
207.375		0.415783
207.5		0.415783
207.625		0.415783
207.75		0.415783
207.875		0.415783
208		0.415783
208.125		0.416126
208.25		0.416126
208.375		0.416126
208.5		0.416126
208.625		0.416126
208.75		0.416126
208.875		0.416126
209		0.416126
209.125		0.418714
209.25		0.418714
209.375		0.418714
209.5		0.418714
209.625		0.418714
209.75		0.418714
209.875		0.418714
210		0.418714
210.125		0.420367
210.25		0.420367
210.375		0.420367
210.5		0.420367
210.625		0.420367
210.75		0.420367
210.875		0.420367
211		0.420367
211.125		0.422933
211.25		0.422933
211.375		0.422933
211.5		0.422933
211.625		0.422933
211.75		0.422933
211.875		0.422933
212		0.422933
212.125		0.425709
212.25		0.425709
212.375		0.425709
212.5		0.425709
212.625		0.425709
212.75		0.425709
212.875		0.425709
213		0.425709
213.125		0.427939
213.25		0.427939
213.375		0.427939
213.5		0.427939
213.625		0.427939
213.75		0.427939
213.875		0.427939
214		0.427939
214.125		0.428901
214.25		0.428901
214.375		0.428901
214.5		0.428901
214.625		0.428901
214.75		0.428901
214.875		0.428901
215		0.428901
215.125		0.433716
215.25		0.433716
215.375		0.433716
215.5		0.433716
215.625		0.433716
215.75		0.433716
215.875		0.433716
216		0.433716
216.125		0.436016
216.25		0.436016
216.375		0.436016
216.5		0.436016
216.625		0.436016
216.75		0.436016
216.875		0.436016
217		0.436016
217.125		0.437543
217.25		0.437543
217.375		0.437543
217.5		0.437543
217.625		0.437543
217.75		0.437543
217.875		0.437543
218		0.437543
218.125		0.439072
218.25		0.439072
218.375		0.439072
218.5		0.439072
218.625		0.439072
218.75		0.439072
218.875		0.439072
219		0.439072
219.125		0.440585
219.25		0.440585
219.375		0.440585
219.5		0.440585
219.625		0.440585
219.75		0.440585
219.875		0.440585
220		0.440585
220.125		0.443883
220.25		0.443883
220.375		0.443883
220.5		0.443883
220.625		0.443883
220.75		0.443883
220.875		0.443883
221		0.443883
221.125		0.446632
221.25		0.446632
221.375		0.446632
221.5		0.446632
221.625		0.446632
221.75		0.446632
221.875		0.446632
222		0.446632
222.125		0.446786
222.25		0.446786
222.375		0.446786
222.5		0.446786
222.625		0.446786
222.75		0.446786
222.875		0.446786
223		0.446786
223.125		0.446988
223.25		0.446988
223.375		0.446988
223.5		0.446988
223.625		0.446988
223.75		0.446988
223.875		0.446988
224		0.446988
224.125		0.4524
224.25		0.4524
224.375		0.4524
224.5		0.4524
224.625		0.4524
224.75		0.4524
224.875		0.4524
225		0.4524
225.125		0.454646
225.25		0.454646
225.375		0.454646
225.5		0.454646
225.625		0.454646
225.75		0.454646
225.875		0.454646
226		0.454646
226.125		0.456097
226.25		0.456097
226.375		0.456097
226.5		0.456097
226.625		0.456097
226.75		0.456097
226.875		0.456097
227		0.456097
227.125		0.457293
227.25		0.457293
227.375		0.457293
227.5		0.457293
227.625		0.457293
227.75		0.457293
227.875		0.457293
228		0.457293
228.125		0.459019
228.25		0.459019
228.375		0.459019
228.5		0.459019
228.625		0.459019
228.75		0.459019
228.875		0.459019
229		0.459019
229.125		0.462331
229.25		0.462331
229.375		0.462331
229.5		0.462331
229.625		0.462331
229.75		0.462331
229.875		0.462331
230		0.462331
230.125		0.463512
230.25		0.463512
230.375		0.463512
230.5		0.463512
230.625		0.463512
230.75		0.463512
230.875		0.463512
231		0.463512
231.125		0.46819
231.25		0.46819
231.375		0.46819
231.5		0.46819
231.625		0.46819
231.75		0.46819
231.875		0.46819
232		0.46819
232.125		0.468884
232.25		0.468884
232.375		0.468884
232.5		0.468884
232.625		0.468884
232.75		0.468884
232.875		0.468884
233		0.468884
233.125		0.469485
233.25		0.469485
233.375		0.469485
233.5		0.469485
233.625		0.469485
233.75		0.469485
233.875		0.469485
234		0.469485
234.125		0.47391
234.25		0.47391
234.375		0.47391
234.5		0.47391
234.625		0.47391
234.75		0.47391
234.875		0.47391
235		0.47391
235.125		0.474269
235.25		0.474269
235.375		0.474269
235.5		0.474269
235.625		0.474269
235.75		0.474269
235.875		0.474269
236		0.474269
236.125		0.475593
236.25		0.475593
236.375		0.475593
236.5		0.475593
236.625		0.475593
236.75		0.475593
236.875		0.475593
237		0.475593
237.125		0.479658
237.25		0.479658
237.375		0.479658
237.5		0.479658
237.625		0.479658
237.75		0.479658
237.875		0.479658
238		0.479658
238.125		0.484362
238.25		0.484362
238.375		0.484362
238.5		0.484362
238.625		0.484362
238.75		0.484362
238.875		0.484362
239		0.484362
239.125		0.485279
239.25		0.485279
239.375		0.485279
239.5		0.485279
239.625		0.485279
239.75		0.485279
239.875		0.485279
240		0.485279
240.125		0.486043
240.25		0.486043
240.375		0.486043
240.5		0.486043
240.625		0.486043
240.75		0.486043
240.875		0.486043
241		0.486043
241.125		0.486708
241.25		0.486708
241.375		0.486708
241.5		0.486708
241.625		0.486708
241.75		0.486708
241.875		0.486708
242		0.486708
242.125		0.49183
242.25		0.49183
242.375		0.49183
242.5		0.49183
242.625		0.49183
242.75		0.49183
242.875		0.49183
243		0.49183
243.125		0.493361
243.25		0.493361
243.375		0.493361
243.5		0.493361
243.625		0.493361
243.75		0.493361
243.875		0.493361
244		0.493361
244.125		0.495566
244.25		0.495566
244.375		0.495566
244.5		0.495566
244.625		0.495566
244.75		0.495566
244.875		0.495566
245		0.495566
245.125		0.498024
245.25		0.498024
245.375		0.498024
245.5		0.498024
245.625		0.498024
245.75		0.498024
245.875		0.498024
246		0.498024
246.125		0.499406
246.25		0.499406
246.375		0.499406
246.5		0.499406
246.625		0.499406
246.75		0.499406
246.875		0.499406
247		0.499406
247.125		0.502604
247.25		0.502604
247.375		0.502604
247.5		0.502604
247.625		0.502604
247.75		0.502604
247.875		0.502604
248		0.502604
248.125		0.503461
248.25		0.503461
248.375		0.503461
248.5		0.503461
248.625		0.503461
248.75		0.503461
248.875		0.503461
249		0.503461
249.125		0.505158
249.25		0.505158
249.375		0.505158
249.5		0.505158
249.625		0.505158
249.75		0.505158
249.875		0.505158
250		0.505158
250.125		0.50671
250.25		0.50671
250.375		0.50671
250.5		0.50671
250.625		0.50671
250.75		0.50671
250.875		0.50671
251		0.50671
251.125		0.508286
251.25		0.508286
251.375		0.508286
251.5		0.508286
251.625		0.508286
251.75		0.508286
251.875		0.508286
252		0.508286
252.125		0.510904
252.25		0.510904
252.375		0.510904
252.5		0.510904
252.625		0.510904
252.75		0.510904
252.875		0.510904
253		0.510904
253.125		0.51341
253.25		0.51341
253.375		0.51341
253.5		0.51341
253.625		0.51341
253.75		0.51341
253.875		0.51341
254		0.51341
254.125		0.515708
254.25		0.515708
254.375		0.515708
254.5		0.515708
254.625		0.515708
254.75		0.515708
254.875		0.515708
255		0.515708
255.125		0.517665
255.25		0.517665
255.375		0.517665
255.5		0.517665
255.625		0.517665
255.75		0.517665
255.875		0.517665
256		0.517665
256.125		0.521433
256.25		0.521433
256.375		0.521433
256.5		0.521433
256.625		0.521433
256.75		0.521433
256.875		0.521433
257		0.521433
257.125		0.522331
257.25		0.522331
257.375		0.522331
257.5		0.522331
257.625		0.522331
257.75		0.522331
257.875		0.522331
258		0.522331
258.125		0.525035
258.25		0.525035
258.375		0.525035
258.5		0.525035
258.625		0.525035
258.75		0.525035
258.875		0.525035
259		0.525035
259.125		0.527578
259.25		0.527578
259.375		0.527578
259.5		0.527578
259.625		0.527578
259.75		0.527578
259.875		0.527578
260		0.527578
260.125		0.529104
260.25		0.529104
260.375		0.529104
260.5		0.529104
260.625		0.529104
260.75		0.529104
260.875		0.529104
261		0.529104
261.125		0.531216
261.25		0.531216
261.375		0.531216
261.5		0.531216
261.625		0.531216
261.75		0.531216
261.875		0.531216
262		0.531216
262.125		0.533995
262.25		0.533995
262.375		0.533995
262.5		0.533995
262.625		0.533995
262.75		0.533995
262.875		0.533995
263		0.533995
263.125		0.534283
263.25		0.534283
263.375		0.534283
263.5		0.534283
263.625		0.534283
263.75		0.534283
263.875		0.534283
264		0.534283
264.125		0.53989
264.25		0.53989
264.375		0.53989
264.5		0.53989
264.625		0.53989
264.75		0.53989
264.875		0.53989
265		0.53989
265.125		0.540071
265.25		0.540071
265.375		0.540071
265.5		0.540071
265.625		0.540071
265.75		0.540071
265.875		0.540071
266		0.540071
266.125		0.540255
266.25		0.540255
266.375		0.540255
266.5		0.540255
266.625		0.540255
266.75		0.540255
266.875		0.540255
267		0.540255
267.125		0.543395
267.25		0.543395
267.375		0.543395
267.5		0.543395
267.625		0.543395
267.75		0.543395
267.875		0.543395
268		0.543395
268.125		0.547022
268.25		0.547022
268.375		0.547022
268.5		0.547022
268.625		0.547022
268.75		0.547022
268.875		0.547022
269		0.547022
269.125		0.549217
269.25		0.549217
269.375		0.549217
269.5		0.549217
269.625		0.549217
269.75		0.549217
269.875		0.549217
270		0.549217
270.125		0.550558
270.25		0.550558
270.375		0.550558
270.5		0.550558
270.625		0.550558
270.75		0.550558
270.875		0.550558
271		0.550558
271.125		0.551971
271.25		0.551971
271.375		0.551971
271.5		0.551971
271.625		0.551971
271.75		0.551971
271.875		0.551971
272		0.551971
272.125		0.552227
272.25		0.552227
272.375		0.552227
272.5		0.552227
272.625		0.552227
272.75		0.552227
272.875		0.552227
273		0.552227
273.125		0.556135
273.25		0.556135
273.375		0.556135
273.5		0.556135
273.625		0.556135
273.75		0.556135
273.875		0.556135
274		0.556135
274.125		0.55825
274.25		0.55825
274.375		0.55825
274.5		0.55825
274.625		0.55825
274.75		0.55825
274.875		0.55825
275		0.55825
275.125		0.560246
275.25		0.560246
275.375		0.560246
275.5		0.560246
275.625		0.560246
275.75		0.560246
275.875		0.560246
276		0.560246
276.125		0.563067
276.25		0.563067
276.375		0.563067
276.5		0.563067
276.625		0.563067
276.75		0.563067
276.875		0.563067
277		0.563067
277.125		0.564181
277.25		0.564181
277.375		0.564181
277.5		0.564181
277.625		0.564181
277.75		0.564181
277.875		0.564181
278		0.564181
278.125		0.568014
278.25		0.568014
278.375		0.568014
278.5		0.568014
278.625		0.568014
278.75		0.568014
278.875		0.568014
279		0.568014
279.125		0.569375
279.25		0.569375
279.375		0.569375
279.5		0.569375
279.625		0.569375
279.75		0.569375
279.875		0.569375
280		0.569375
280.125		0.575511
280.25		0.575511
280.375		0.575511
280.5		0.575511
280.625		0.575511
280.75		0.575511
280.875		0.575511
281		0.575511
281.125		0.577575
281.25		0.577575
281.375		0.577575
281.5		0.577575
281.625		0.577575
281.75		0.577575
281.875		0.577575
282		0.577575
282.125		0.579009
282.25		0.579009
282.375		0.579009
282.5		0.579009
282.625		0.579009
282.75		0.579009
282.875		0.579009
283		0.579009
283.125		0.579508
283.25		0.579508
283.375		0.579508
283.5		0.579508
283.625		0.579508
283.75		0.579508
283.875		0.579508
284		0.579508
284.125		0.581391
284.25		0.581391
284.375		0.581391
284.5		0.581391
284.625		0.581391
284.75		0.581391
284.875		0.581391
285		0.581391
285.125		0.58661
285.25		0.58661
285.375		0.58661
285.5		0.58661
285.625		0.58661
285.75		0.58661
285.875		0.58661
286		0.58661
286.125		0.59116
286.25		0.59116
286.375		0.59116
286.5		0.59116
286.625		0.59116
286.75		0.59116
286.875		0.59116
287		0.59116
287.125		0.591888
287.25		0.591888
287.375		0.591888
287.5		0.591888
287.625		0.591888
287.75		0.591888
287.875		0.591888
288		0.591888
288.125		0.59229
288.25		0.59229
288.375		0.59229
288.5		0.59229
288.625		0.59229
288.75		0.59229
288.875		0.59229
289		0.59229
289.125		0.592734
289.25		0.592734
289.375		0.592734
289.5		0.592734
289.625		0.592734
289.75		0.592734
289.875		0.592734
290		0.592734
290.125		0.595971
290.25		0.595971
290.375		0.595971
290.5		0.595971
290.625		0.595971
290.75		0.595971
290.875		0.595971
291		0.595971
291.125		0.596656
291.25		0.596656
291.375		0.596656
291.5		0.596656
291.625		0.596656
291.75		0.596656
291.875		0.596656
292		0.596656
292.125		0.601689
292.25		0.601689
292.375		0.601689
292.5		0.601689
292.625		0.601689
292.75		0.601689
292.875		0.601689
293		0.601689
293.125		0.602184
293.25		0.602184
293.375		0.602184
293.5		0.602184
293.625		0.602184
293.75		0.602184
293.875		0.602184
294		0.602184
294.125		0.605369
294.25		0.605369
294.375		0.605369
294.5		0.605369
294.625		0.605369
294.75		0.605369
294.875		0.605369
295		0.605369
295.125		0.606659
295.25		0.606659
295.375		0.606659
295.5		0.606659
295.625		0.606659
295.75		0.606659
295.875		0.606659
296		0.606659
296.125		0.608159
296.25		0.608159
296.375		0.608159
296.5		0.608159
296.625		0.608159
296.75		0.608159
296.875		0.608159
297		0.608159
297.125		0.614752
297.25		0.614752
297.375		0.614752
297.5		0.614752
297.625		0.614752
297.75		0.614752
297.875		0.614752
298		0.614752
298.125		0.616177
298.25		0.616177
298.375		0.616177
298.5		0.616177
298.625		0.616177
298.75		0.616177
298.875		0.616177
299		0.616177
299.125		0.617606
299.25		0.617606
299.375		0.617606
299.5		0.617606
299.625		0.617606
299.75		0.617606
299.875		0.617606
300		0.617606
300.125		0.618007
300.25		0.618007
300.375		0.618007
300.5		0.618007
300.625		0.618007
300.75		0.618007
300.875		0.618007
301		0.618007
301.125		0.618665
301.25		0.618665
301.375		0.618665
301.5		0.618665
301.625		0.618665
301.75		0.618665
301.875		0.618665
302		0.618665
302.125		0.623801
302.25		0.623801
302.375		0.623801
302.5		0.623801
302.625		0.623801
302.75		0.623801
302.875		0.623801
303		0.623801
303.125		0.627791
303.25		0.627791
303.375		0.627791
303.5		0.627791
303.625		0.627791
303.75		0.627791
303.875		0.627791
304		0.627791
304.125		0.630873
304.25		0.630873
304.375		0.630873
304.5		0.630873
304.625		0.630873
304.75		0.630873
304.875		0.630873
305		0.630873
305.125		0.633457
305.25		0.633457
305.375		0.633457
305.5		0.633457
305.625		0.633457
305.75		0.633457
305.875		0.633457
306		0.633457
306.125		0.63827
306.25		0.63827
306.375		0.63827
306.5		0.63827
306.625		0.63827
306.75		0.63827
306.875		0.63827
307		0.63827
307.125		0.639905
307.25		0.639905
307.375		0.639905
307.5		0.639905
307.625		0.639905
307.75		0.639905
307.875		0.639905
308		0.639905
308.125		0.643147
308.25		0.643147
308.375		0.643147
308.5		0.643147
308.625		0.643147
308.75		0.643147
308.875		0.643147
309		0.643147
309.125		0.645054
309.25		0.645054
309.375		0.645054
309.5		0.645054
309.625		0.645054
309.75		0.645054
309.875		0.645054
310		0.645054
310.125		0.647874
310.25		0.647874
310.375		0.647874
310.5		0.647874
310.625		0.647874
310.75		0.647874
310.875		0.647874
311		0.647874
311.125		0.651129
311.25		0.651129
311.375		0.651129
311.5		0.651129
311.625		0.651129
311.75		0.651129
311.875		0.651129
312		0.651129
312.125		0.652996
312.25		0.652996
312.375		0.652996
312.5		0.652996
312.625		0.652996
312.75		0.652996
312.875		0.652996
313		0.652996
313.125		0.653365
313.25		0.653365
313.375		0.653365
313.5		0.653365
313.625		0.653365
313.75		0.653365
313.875		0.653365
314		0.653365
314.125		0.654588
314.25		0.654588
314.375		0.654588
314.5		0.654588
314.625		0.654588
314.75		0.654588
314.875		0.654588
315		0.654588
315.125		0.658483
315.25		0.658483
315.375		0.658483
315.5		0.658483
315.625		0.658483
315.75		0.658483
315.875		0.658483
316		0.658483
316.125		0.663144
316.25		0.663144
316.375		0.663144
316.5		0.663144
316.625		0.663144
316.75		0.663144
316.875		0.663144
317		0.663144
317.125		0.66387
317.25		0.66387
317.375		0.66387
317.5		0.66387
317.625		0.66387
317.75		0.66387
317.875		0.66387
318		0.66387
318.125		0.665707
318.25		0.665707
318.375		0.665707
318.5		0.665707
318.625		0.665707
318.75		0.665707
318.875		0.665707
319		0.665707
319.125		0.666095
319.25		0.666095
319.375		0.666095
319.5		0.666095
319.625		0.666095
319.75		0.666095
319.875		0.666095
320		0.666095
320.125		0.669522
320.25		0.669522
320.375		0.669522
320.5		0.669522
320.625		0.669522
320.75		0.669522
320.875		0.669522
321		0.669522
321.125		0.669962
321.25		0.669962
321.375		0.669962
321.5		0.669962
321.625		0.669962
321.75		0.669962
321.875		0.669962
322		0.669962
322.125		0.674252
322.25		0.674252
322.375		0.674252
322.5		0.674252
322.625		0.674252
322.75		0.674252
322.875		0.674252
323		0.674252
323.125		0.675284
323.25		0.675284
323.375		0.675284
323.5		0.675284
323.625		0.675284
323.75		0.675284
323.875		0.675284
324		0.675284
324.125		0.680167
324.25		0.680167
324.375		0.680167
324.5		0.680167
324.625		0.680167
324.75		0.680167
324.875		0.680167
325		0.680167
325.125		0.680621
325.25		0.680621
325.375		0.680621
325.5		0.680621
325.625		0.680621
325.75		0.680621
325.875		0.680621
326		0.680621
326.125		0.681048
326.25		0.681048
326.375		0.681048
326.5		0.681048
326.625		0.681048
326.75		0.681048
326.875		0.681048
327		0.681048
327.125		0.681524
327.25		0.681524
327.375		0.681524
327.5		0.681524
327.625		0.681524
327.75		0.681524
327.875		0.681524
328		0.681524
328.125		0.687519
328.25		0.687519
328.375		0.687519
328.5		0.687519
328.625		0.687519
328.75		0.687519
328.875		0.687519
329		0.687519
329.125		0.689479
329.25		0.689479
329.375		0.689479
329.5		0.689479
329.625		0.689479
329.75		0.689479
329.875		0.689479
330		0.689479
330.125		0.691003
330.25		0.691003
330.375		0.691003
330.5		0.691003
330.625		0.691003
330.75		0.691003
330.875		0.691003
331		0.691003
331.125		0.695038
331.25		0.695038
331.375		0.695038
331.5		0.695038
331.625		0.695038
331.75		0.695038
331.875		0.695038
332		0.695038
332.125		0.696556
332.25		0.696556
332.375		0.696556
332.5		0.696556
332.625		0.696556
332.75		0.696556
332.875		0.696556
333		0.696556
333.125		0.69806
333.25		0.69806
333.375		0.69806
333.5		0.69806
333.625		0.69806
333.75		0.69806
333.875		0.69806
334		0.69806
334.125		0.6984
334.25		0.6984
334.375		0.6984
334.5		0.6984
334.625		0.6984
334.75		0.6984
334.875		0.6984
335		0.6984
335.125		0.70129
335.25		0.70129
335.375		0.70129
335.5		0.70129
335.625		0.70129
335.75		0.70129
335.875		0.70129
336		0.70129
336.125		0.704926
336.25		0.704926
336.375		0.704926
336.5		0.704926
336.625		0.704926
336.75		0.704926
336.875		0.704926
337		0.704926
337.125		0.708378
337.25		0.708378
337.375		0.708378
337.5		0.708378
337.625		0.708378
337.75		0.708378
337.875		0.708378
338		0.708378
338.125		0.708832
338.25		0.708832
338.375		0.708832
338.5		0.708832
338.625		0.708832
338.75		0.708832
338.875		0.708832
339		0.708832
339.125		0.710113
339.25		0.710113
339.375		0.710113
339.5		0.710113
339.625		0.710113
339.75		0.710113
339.875		0.710113
340		0.710113
340.125		0.710653
340.25		0.710653
340.375		0.710653
340.5		0.710653
340.625		0.710653
340.75		0.710653
340.875		0.710653
341		0.710653
341.125		0.716782
341.25		0.716782
341.375		0.716782
341.5		0.716782
341.625		0.716782
341.75		0.716782
341.875		0.716782
342		0.716782
342.125		0.720593
342.25		0.720593
342.375		0.720593
342.5		0.720593
342.625		0.720593
342.75		0.720593
342.875		0.720593
343		0.720593
343.125		0.721341
343.25		0.721341
343.375		0.721341
343.5		0.721341
343.625		0.721341
343.75		0.721341
343.875		0.721341
344		0.721341
344.125		0.722895
344.25		0.722895
344.375		0.722895
344.5		0.722895
344.625		0.722895
344.75		0.722895
344.875		0.722895
345		0.722895
345.125		0.727847
345.25		0.727847
345.375		0.727847
345.5		0.727847
345.625		0.727847
345.75		0.727847
345.875		0.727847
346		0.727847
346.125		0.731472
346.25		0.731472
346.375		0.731472
346.5		0.731472
346.625		0.731472
346.75		0.731472
346.875		0.731472
347		0.731472
347.125		0.731862
347.25		0.731862
347.375		0.731862
347.5		0.731862
347.625		0.731862
347.75		0.731862
347.875		0.731862
348		0.731862
348.125		0.732179
348.25		0.732179
348.375		0.732179
348.5		0.732179
348.625		0.732179
348.75		0.732179
348.875		0.732179
349		0.732179
349.125		0.732313
349.25		0.732313
349.375		0.732313
349.5		0.732313
349.625		0.732313
349.75		0.732313
349.875		0.732313
350		0.732313
350.125		0.740003
350.25		0.740003
350.375		0.740003
350.5		0.740003
350.625		0.740003
350.75		0.740003
350.875		0.740003
351		0.740003
351.125		0.742337
351.25		0.742337
351.375		0.742337
351.5		0.742337
351.625		0.742337
351.75		0.742337
351.875		0.742337
352		0.742337
352.125		0.742942
352.25		0.742942
352.375		0.742942
352.5		0.742942
352.625		0.742942
352.75		0.742942
352.875		0.742942
353		0.742942
353.125		0.743462
353.25		0.743462
353.375		0.743462
353.5		0.743462
353.625		0.743462
353.75		0.743462
353.875		0.743462
354		0.743462
354.125		0.744042
354.25		0.744042
354.375		0.744042
354.5		0.744042
354.625		0.744042
354.75		0.744042
354.875		0.744042
355		0.744042
355.125		0.744521
355.25		0.744521
355.375		0.744521
355.5		0.744521
355.625		0.744521
355.75		0.744521
355.875		0.744521
356		0.744521
356.125		0.74935
356.25		0.74935
356.375		0.74935
356.5		0.74935
356.625		0.74935
356.75		0.74935
356.875		0.74935
357		0.74935
357.125		0.753458
357.25		0.753458
357.375		0.753458
357.5		0.753458
357.625		0.753458
357.75		0.753458
357.875		0.753458
358		0.753458
358.125		0.754064
358.25		0.754064
358.375		0.754064
358.5		0.754064
358.625		0.754064
358.75		0.754064
358.875		0.754064
359		0.754064
359.125		0.755375
359.25		0.755375
359.375		0.755375
359.5		0.755375
359.625		0.755375
359.75		0.755375
359.875		0.755375
360		0.755375
360.125		0.757067
360.25		0.757067
360.375		0.757067
360.5		0.757067
360.625		0.757067
360.75		0.757067
360.875		0.757067
361		0.757067
361.125		0.759782
361.25		0.759782
361.375		0.759782
361.5		0.759782
361.625		0.759782
361.75		0.759782
361.875		0.759782
362		0.759782
362.125		0.760338
362.25		0.760338
362.375		0.760338
362.5		0.760338
362.625		0.760338
362.75		0.760338
362.875		0.760338
363		0.760338
363.125		0.764922
363.25		0.764922
363.375		0.764922
363.5		0.764922
363.625		0.764922
363.75		0.764922
363.875		0.764922
364		0.764922
364.125		0.766188
364.25		0.766188
364.375		0.766188
364.5		0.766188
364.625		0.766188
364.75		0.766188
364.875		0.766188
365		0.766188
365.125		0.767465
365.25		0.767465
365.375		0.767465
365.5		0.767465
365.625		0.767465
365.75		0.767465
365.875		0.767465
366		0.767465
366.125		0.770574
366.25		0.770574
366.375		0.770574
366.5		0.770574
366.625		0.770574
366.75		0.770574
366.875		0.770574
367		0.770574
367.125		0.772248
367.25		0.772248
367.375		0.772248
367.5		0.772248
367.625		0.772248
367.75		0.772248
367.875		0.772248
368		0.772248
368.125		0.772732
368.25		0.772732
368.375		0.772732
368.5		0.772732
368.625		0.772732
368.75		0.772732
368.875		0.772732
369		0.772732
369.125		0.77764
369.25		0.77764
369.375		0.77764
369.5		0.77764
369.625		0.77764
369.75		0.77764
369.875		0.77764
370		0.77764
370.125		0.780364
370.25		0.780364
370.375		0.780364
370.5		0.780364
370.625		0.780364
370.75		0.780364
370.875		0.780364
371		0.780364
371.125		0.782721
371.25		0.782721
371.375		0.782721
371.5		0.782721
371.625		0.782721
371.75		0.782721
371.875		0.782721
372		0.782721
372.125		0.784316
372.25		0.784316
372.375		0.784316
372.5		0.784316
372.625		0.784316
372.75		0.784316
372.875		0.784316
373		0.784316
373.125		0.788678
373.25		0.788678
373.375		0.788678
373.5		0.788678
373.625		0.788678
373.75		0.788678
373.875		0.788678
374		0.788678
374.125		0.791345
374.25		0.791345
374.375		0.791345
374.5		0.791345
374.625		0.791345
374.75		0.791345
374.875		0.791345
375		0.791345
375.125		0.794791
375.25		0.794791
375.375		0.794791
375.5		0.794791
375.625		0.794791
375.75		0.794791
375.875		0.794791
376		0.794791
376.125		0.798023
376.25		0.798023
376.375		0.798023
376.5		0.798023
376.625		0.798023
376.75		0.798023
376.875		0.798023
377		0.798023
377.125		0.799359
377.25		0.799359
377.375		0.799359
377.5		0.799359
377.625		0.799359
377.75		0.799359
377.875		0.799359
378		0.799359
378.125		0.805524
378.25		0.805524
378.375		0.805524
378.5		0.805524
378.625		0.805524
378.75		0.805524
378.875		0.805524
379		0.805524
379.125		0.806105
379.25		0.806105
379.375		0.806105
379.5		0.806105
379.625		0.806105
379.75		0.806105
379.875		0.806105
380		0.806105
380.125		0.806894
380.25		0.806894
380.375		0.806894
380.5		0.806894
380.625		0.806894
380.75		0.806894
380.875		0.806894
381		0.806894
381.125		0.808124
381.25		0.808124
381.375		0.808124
381.5		0.808124
381.625		0.808124
381.75		0.808124
381.875		0.808124
382		0.808124
382.125		0.811964
382.25		0.811964
382.375		0.811964
382.5		0.811964
382.625		0.811964
382.75		0.811964
382.875		0.811964
383		0.811964
383.125		0.81337
383.25		0.81337
383.375		0.81337
383.5		0.81337
383.625		0.81337
383.75		0.81337
383.875		0.81337
384		0.81337
384.125		0.815668
384.25		0.815668
384.375		0.815668
384.5		0.815668
384.625		0.815668
384.75		0.815668
384.875		0.815668
385		0.815668
385.125		0.820468
385.25		0.820468
385.375		0.820468
385.5		0.820468
385.625		0.820468
385.75		0.820468
385.875		0.820468
386		0.820468
386.125		0.821355
386.25		0.821355
386.375		0.821355
386.5		0.821355
386.625		0.821355
386.75		0.821355
386.875		0.821355
387		0.821355
387.125		0.822514
387.25		0.822514
387.375		0.822514
387.5		0.822514
387.625		0.822514
387.75		0.822514
387.875		0.822514
388		0.822514
388.125		0.823845
388.25		0.823845
388.375		0.823845
388.5		0.823845
388.625		0.823845
388.75		0.823845
388.875		0.823845
389		0.823845
389.125		0.824634
389.25		0.824634
389.375		0.824634
389.5		0.824634
389.625		0.824634
389.75		0.824634
389.875		0.824634
390		0.824634
390.125		0.828538
390.25		0.828538
390.375		0.828538
390.5		0.828538
390.625		0.828538
390.75		0.828538
390.875		0.828538
391		0.828538
391.125		0.831426
391.25		0.831426
391.375		0.831426
391.5		0.831426
391.625		0.831426
391.75		0.831426
391.875		0.831426
392		0.831426
392.125		0.83398
392.25		0.83398
392.375		0.83398
392.5		0.83398
392.625		0.83398
392.75		0.83398
392.875		0.83398
393		0.83398
393.125		0.834291
393.25		0.834291
393.375		0.834291
393.5		0.834291
393.625		0.834291
393.75		0.834291
393.875		0.834291
394		0.834291
394.125		0.835384
394.25		0.835384
394.375		0.835384
394.5		0.835384
394.625		0.835384
394.75		0.835384
394.875		0.835384
395		0.835384
395.125		0.84039
395.25		0.84039
395.375		0.84039
395.5		0.84039
395.625		0.84039
395.75		0.84039
395.875		0.84039
396		0.84039
396.125		0.840658
396.25		0.840658
396.375		0.840658
396.5		0.840658
396.625		0.840658
396.75		0.840658
396.875		0.840658
397		0.840658
397.125		0.8413
397.25		0.8413
397.375		0.8413
397.5		0.8413
397.625		0.8413
397.75		0.8413
397.875		0.8413
398		0.8413
398.125		0.846399
398.25		0.846399
398.375		0.846399
398.5		0.846399
398.625		0.846399
398.75		0.846399
398.875		0.846399
399		0.846399
399.125		0.84768
399.25		0.84768
399.375		0.84768
399.5		0.84768
399.625		0.84768
399.75		0.84768
399.875		0.84768
400		0.84768
400.125		0.850203
400.25		0.850203
400.375		0.850203
400.5		0.850203
400.625		0.850203
400.75		0.850203
400.875		0.850203
401		0.850203
401.125		0.852813
401.25		0.852813
401.375		0.852813
401.5		0.852813
401.625		0.852813
401.75		0.852813
401.875		0.852813
402		0.852813
402.125		0.855603
402.25		0.855603
402.375		0.855603
402.5		0.855603
402.625		0.855603
402.75		0.855603
402.875		0.855603
403		0.855603
403.125		0.855869
403.25		0.855869
403.375		0.855869
403.5		0.855869
403.625		0.855869
403.75		0.855869
403.875		0.855869
404		0.855869
404.125		0.860544
404.25		0.860544
404.375		0.860544
404.5		0.860544
404.625		0.860544
404.75		0.860544
404.875		0.860544
405		0.860544
405.125		0.861392
405.25		0.861392
405.375		0.861392
405.5		0.861392
405.625		0.861392
405.75		0.861392
405.875		0.861392
406		0.861392
406.125		0.862365
406.25		0.862365
406.375		0.862365
406.5		0.862365
406.625		0.862365
406.75		0.862365
406.875		0.862365
407		0.862365
407.125		0.86643
407.25		0.86643
407.375		0.86643
407.5		0.86643
407.625		0.86643
407.75		0.86643
407.875		0.86643
408		0.86643
408.125		0.868469
408.25		0.868469
408.375		0.868469
408.5		0.868469
408.625		0.868469
408.75		0.868469
408.875		0.868469
409		0.868469
409.125		0.870041
409.25		0.870041
409.375		0.870041
409.5		0.870041
409.625		0.870041
409.75		0.870041
409.875		0.870041
410		0.870041
410.125		0.87152
410.25		0.87152
410.375		0.87152
410.5		0.87152
410.625		0.87152
410.75		0.87152
410.875		0.87152
411		0.87152
411.125		0.872926
411.25		0.872926
411.375		0.872926
411.5		0.872926
411.625		0.872926
411.75		0.872926
411.875		0.872926
412		0.872926
412.125		0.876626
412.25		0.876626
412.375		0.876626
412.5		0.876626
412.625		0.876626
412.75		0.876626
412.875		0.876626
413		0.876626
413.125		0.877617
413.25		0.877617
413.375		0.877617
413.5		0.877617
413.625		0.877617
413.75		0.877617
413.875		0.877617
414		0.877617
414.125		0.880266
414.25		0.880266
414.375		0.880266
414.5		0.880266
414.625		0.880266
414.75		0.880266
414.875		0.880266
415		0.880266
415.125		0.882455
415.25		0.882455
415.375		0.882455
415.5		0.882455
415.625		0.882455
415.75		0.882455
415.875		0.882455
416		0.882455
416.125		0.886119
416.25		0.886119
416.375		0.886119
416.5		0.886119
416.625		0.886119
416.75		0.886119
416.875		0.886119
417		0.886119
417.125		0.888811
417.25		0.888811
417.375		0.888811
417.5		0.888811
417.625		0.888811
417.75		0.888811
417.875		0.888811
418		0.888811
418.125		0.88911
418.25		0.88911
418.375		0.88911
418.5		0.88911
418.625		0.88911
418.75		0.88911
418.875		0.88911
419		0.88911
419.125		0.889922
419.25		0.889922
419.375		0.889922
419.5		0.889922
419.625		0.889922
419.75		0.889922
419.875		0.889922
420		0.889922
420.125		0.892758
420.25		0.892758
420.375		0.892758
420.5		0.892758
420.625		0.892758
420.75		0.892758
420.875		0.892758
421		0.892758
421.125		0.896696
421.25		0.896696
421.375		0.896696
421.5		0.896696
421.625		0.896696
421.75		0.896696
421.875		0.896696
422		0.896696
422.125		0.897269
422.25		0.897269
422.375		0.897269
422.5		0.897269
422.625		0.897269
422.75		0.897269
422.875		0.897269
423		0.897269
423.125		0.900207
423.25		0.900207
423.375		0.900207
423.5		0.900207
423.625		0.900207
423.75		0.900207
423.875		0.900207
424		0.900207
424.125		0.900547
424.25		0.900547
424.375		0.900547
424.5		0.900547
424.625		0.900547
424.75		0.900547
424.875		0.900547
425		0.900547
425.125		0.903026
425.25		0.903026
425.375		0.903026
425.5		0.903026
425.625		0.903026
425.75		0.903026
425.875		0.903026
426		0.903026
426.125		0.903509
426.25		0.903509
426.375		0.903509
426.5		0.903509
426.625		0.903509
426.75		0.903509
426.875		0.903509
427		0.903509
427.125		0.907856
427.25		0.907856
427.375		0.907856
427.5		0.907856
427.625		0.907856
427.75		0.907856
427.875		0.907856
428		0.907856
428.125		0.908985
428.25		0.908985
428.375		0.908985
428.5		0.908985
428.625		0.908985
428.75		0.908985
428.875		0.908985
429		0.908985
429.125		0.911923
429.25		0.911923
429.375		0.911923
429.5		0.911923
429.625		0.911923
429.75		0.911923
429.875		0.911923
430		0.911923
430.125		0.913331
430.25		0.913331
430.375		0.913331
430.5		0.913331
430.625		0.913331
430.75		0.913331
430.875		0.913331
431		0.913331
431.125		0.913712
431.25		0.913712
431.375		0.913712
431.5		0.913712
431.625		0.913712
431.75		0.913712
431.875		0.913712
432		0.913712
432.125		0.914724
432.25		0.914724
432.375		0.914724
432.5		0.914724
432.625		0.914724
432.75		0.914724
432.875		0.914724
433		0.914724
433.125		0.919399
433.25		0.919399
433.375		0.919399
433.5		0.919399
433.625		0.919399
433.75		0.919399
433.875		0.919399
434		0.919399
434.125		0.920701
434.25		0.920701
434.375		0.920701
434.5		0.920701
434.625		0.920701
434.75		0.920701
434.875		0.920701
435		0.920701
435.125		0.923711
435.25		0.923711
435.375		0.923711
435.5		0.923711
435.625		0.923711
435.75		0.923711
435.875		0.923711
436		0.923711
436.125		0.924119
436.25		0.924119
436.375		0.924119
436.5		0.924119
436.625		0.924119
436.75		0.924119
436.875		0.924119
437		0.924119
437.125		0.92558
437.25		0.92558
437.375		0.92558
437.5		0.92558
437.625		0.92558
437.75		0.92558
437.875		0.92558
438		0.92558
438.125		0.93055
438.25		0.93055
438.375		0.93055
438.5		0.93055
438.625		0.93055
438.75		0.93055
438.875		0.93055
439		0.93055
439.125		0.931958
439.25		0.931958
439.375		0.931958
439.5		0.931958
439.625		0.931958
439.75		0.931958
439.875		0.931958
440		0.931958
440.125		0.932208
440.25		0.932208
440.375		0.932208
440.5		0.932208
440.625		0.932208
440.75		0.932208
440.875		0.932208
441		0.932208
441.125		0.934989
441.25		0.934989
441.375		0.934989
441.5		0.934989
441.625		0.934989
441.75		0.934989
441.875		0.934989
442		0.934989
442.125		0.939598
442.25		0.939598
442.375		0.939598
442.5		0.939598
442.625		0.939598
442.75		0.939598
442.875		0.939598
443		0.939598
443.125		0.941374
443.25		0.941374
443.375		0.941374
443.5		0.941374
443.625		0.941374
443.75		0.941374
443.875		0.941374
444		0.941374
444.125		0.941655
444.25		0.941655
444.375		0.941655
444.5		0.941655
444.625		0.941655
444.75		0.941655
444.875		0.941655
445		0.941655
445.125		0.942009
445.25		0.942009
445.375		0.942009
445.5		0.942009
445.625		0.942009
445.75		0.942009
445.875		0.942009
446		0.942009
446.125		0.947156
446.25		0.947156
446.375		0.947156
446.5		0.947156
446.625		0.947156
446.75		0.947156
446.875		0.947156
447		0.947156
447.125		0.947655
447.25		0.947655
447.375		0.947655
447.5		0.947655
447.625		0.947655
447.75		0.947655
447.875		0.947655
448		0.947655
448.125		0.95057
448.25		0.95057
448.375		0.95057
448.5		0.95057
448.625		0.95057
448.75		0.95057
448.875		0.95057
449		0.95057
449.125		0.95243
449.25		0.95243
449.375		0.95243
449.5		0.95243
449.625		0.95243
449.75		0.95243
449.875		0.95243
450		0.95243
450.125		0.955805
450.25		0.955805
450.375		0.955805
450.5		0.955805
450.625		0.955805
450.75		0.955805
450.875		0.955805
451		0.955805
451.125		0.958279
451.25		0.958279
451.375		0.958279
451.5		0.958279
451.625		0.958279
451.75		0.958279
451.875		0.958279
452		0.958279
452.125		0.95854
452.25		0.95854
452.375		0.95854
452.5		0.95854
452.625		0.95854
452.75		0.95854
452.875		0.95854
453		0.95854
453.125		0.959786
453.25		0.959786
453.375		0.959786
453.5		0.959786
453.625		0.959786
453.75		0.959786
453.875		0.959786
454		0.959786
454.125		0.962898
454.25		0.962898
454.375		0.962898
454.5		0.962898
454.625		0.962898
454.75		0.962898
454.875		0.962898
455		0.962898
455.125		0.965155
455.25		0.965155
455.375		0.965155
455.5		0.965155
455.625		0.965155
455.75		0.965155
455.875		0.965155
456		0.965155
456.125		0.965876
456.25		0.965876
456.375		0.965876
456.5		0.965876
456.625		0.965876
456.75		0.965876
456.875		0.965876
457		0.965876
457.125		0.969024
457.25		0.969024
457.375		0.969024
457.5		0.969024
457.625		0.969024
457.75		0.969024
457.875		0.969024
458		0.969024
458.125		0.970723
458.25		0.970723
458.375		0.970723
458.5		0.970723
458.625		0.970723
458.75		0.970723
458.875		0.970723
459		0.970723
459.125		0.973795
459.25		0.973795
459.375		0.973795
459.5		0.973795
459.625		0.973795
459.75		0.973795
459.875		0.973795
460		0.973795
460.125		0.976571
460.25		0.976571
460.375		0.976571
460.5		0.976571
460.625		0.976571
460.75		0.976571
460.875		0.976571
461		0.976571
461.125		0.976907
461.25		0.976907
461.375		0.976907
461.5		0.976907
461.625		0.976907
461.75		0.976907
461.875		0.976907
462		0.976907
462.125		0.978154
462.25		0.978154
462.375		0.978154
462.5		0.978154
462.625		0.978154
462.75		0.978154
462.875		0.978154
463		0.978154
463.125		0.982448
463.25		0.982448
463.375		0.982448
463.5		0.982448
463.625		0.982448
463.75		0.982448
463.875		0.982448
464		0.982448
464.125		0.985596
464.25		0.985596
464.375		0.985596
464.5		0.985596
464.625		0.985596
464.75		0.985596
464.875		0.985596
465		0.985596
465.125		0.987699
465.25		0.987699
465.375		0.987699
465.5		0.987699
465.625		0.987699
465.75		0.987699
465.875		0.987699
466		0.987699
466.125		0.987862
466.25		0.987862
466.375		0.987862
466.5		0.987862
466.625		0.987862
466.75		0.987862
466.875		0.987862
467		0.987862
467.125		0.98913
467.25		0.98913
467.375		0.98913
467.5		0.98913
467.625		0.98913
467.75		0.98913
467.875		0.98913
468		0.98913
468.125		0.994082
468.25		0.994082
468.375		0.994082
468.5		0.994082
468.625		0.994082
468.75		0.994082
468.875		0.994082
469		0.994082
469.125		0.996244
469.25		0.996244
469.375		0.996244
469.5		0.996244
469.625		0.996244
469.75		0.996244
469.875		0.996244
470		0.996244
470.125		0.997083
470.25		0.997083
470.375		0.997083
470.5		0.997083
470.625		0.997083
470.75		0.997083
470.875		0.997083
471		0.997083
471.125		0.999918
471.25		0.999918
471.375		0.999918
471.5		0.999918
471.625		0.999918
471.75		0.999918
471.875		0.999918
472		0.999918
472.125		0.999952
472.25		0.999952
472.375		0.999952
472.5		0.999952
472.625		0.999952
472.75		0.999952
472.875		0.999952
473		0.999952
473.125		1
473.25		1
473.375		1
473.5		1
473.625		1
473.75		1
473.875		1
474		1
474.125		1
474.25		1
474.375		1
474.5		1
474.625		1
474.75		1
474.875		1
475		1
475.125		1
475.25		1
475.375		1
475.5		1
475.625		1
475.75		1
475.875		1
476		1
476.125		1
476.25		1
476.375		1
476.5		1
476.625		1
476.75		1
476.875		1
477		1
477.125		1
477.25		1
477.375		1
477.5		1
477.625		1
477.75		1
477.875		1
478		1
478.125		1
478.25		1
478.375		1
478.5		1
478.625		1
478.75		1
478.875		1
479		1
479.125		1
479.25		1
479.375		1
479.5		1
479.625		1
479.75		1
479.875		1
480		1
480.125		1
480.25		1
480.375		1
480.5		1
480.625		1
480.75		1
480.875		1
481		1
481.125		1
481.25		1
481.375		1
481.5		1
481.625		1
481.75		1
481.875		1
482		1
482.125		1
482.25		1
482.375		1
482.5		1
482.625		1
482.75		1
482.875		1
483		1
483.125		1
483.25		1
483.375		1
483.5		1
483.625		1
483.75		1
483.875		1
484		1
484.125		1
484.25		1
484.375		1
484.5		1
484.625		1
484.75		1
484.875		1
485		1
485.125		1
485.25		1
485.375		1
485.5		1
485.625		1
485.75		1
485.875		1
486		1
486.125		1
486.25		1
486.375		1
486.5		1
486.625		1
486.75		1
486.875		1
487		1
487.125		1
487.25		1
487.375		1
487.5		1
487.625		1
487.75		1
487.875		1
488		1
488.125		1
488.25		1
488.375		1
488.5		1
488.625		1
488.75		1
488.875		1
489		1
489.125		1
489.25		1
489.375		1
489.5		1
489.625		1
489.75		1
489.875		1
490		1
490.125		1
490.25		1
490.375		1
490.5		1
490.625		1
490.75		1
490.875		1
491		1
491.125		1
491.25		1
491.375		1
491.5		1
491.625		1
491.75		1
491.875		1
492		1
492.125		1
492.25		1
492.375		1
492.5		1
492.625		1
492.75		1
492.875		1
493		1
493.125		1
493.25		1
493.375		1
493.5		1
493.625		1
493.75		1
493.875		1
494		1
494.125		1
494.25		1
494.375		1
494.5		1
494.625		1
494.75		1
494.875		1
495		1
495.125		1
495.25		1
495.375		1
495.5		1
495.625		1
495.75		1
495.875		1
496		1
496.125		1
496.25		1
496.375		1
496.5		1
496.625		1
496.75		1
496.875		1
497		1
497.125		1
497.25		1
497.375		1
497.5		1
497.625		1
497.75		1
497.875		1
498		1
498.125		1
498.25		1
498.375		1
498.5		1
498.625		1
498.75		1
498.875		1
499		1
499.125		1
499.25		1
499.375		1
499.5		1
499.625		1
499.75		1
499.875		1
500		1
