# Calibration file of tamex_id 0 @ channel 14
# fine_T bin		 Calibration value
0.125		0
0.25		0
0.375		0
0.5		0
0.625		0
0.75		0
0.875		0
1		0
1.125		0
1.25		0
1.375		0
1.5		0
1.625		0
1.75		0
1.875		0
2		0
2.125		0
2.25		0
2.375		0
2.5		0
2.625		0
2.75		0
2.875		0
3		0
3.125		0
3.25		0
3.375		0
3.5		0
3.625		0
3.75		0
3.875		0
4		0
4.125		0
4.25		0
4.375		0
4.5		0
4.625		0
4.75		0
4.875		0
5		0
5.125		0
5.25		0
5.375		0
5.5		0
5.625		0
5.75		0
5.875		0
6		0
6.125		0
6.25		0
6.375		0
6.5		0
6.625		0
6.75		0
6.875		0
7		0
7.125		0
7.25		0
7.375		0
7.5		0
7.625		0
7.75		0
7.875		0
8		0
8.125		0
8.25		0
8.375		0
8.5		0
8.625		0
8.75		0
8.875		0
9		0
9.125		0
9.25		0
9.375		0
9.5		0
9.625		0
9.75		0
9.875		0
10		0
10.125		0
10.25		0
10.375		0
10.5		0
10.625		0
10.75		0
10.875		0
11		0
11.125		0
11.25		0
11.375		0
11.5		0
11.625		0
11.75		0
11.875		0
12		0
12.125		0
12.25		0
12.375		0
12.5		0
12.625		0
12.75		0
12.875		0
13		0
13.125		0
13.25		0
13.375		0
13.5		0
13.625		0
13.75		0
13.875		0
14		0
14.125		0
14.25		0
14.375		0
14.5		0
14.625		0
14.75		0
14.875		0
15		0
15.125		0
15.25		0
15.375		0
15.5		0
15.625		0
15.75		0
15.875		0
16		0
16.125		0.00127382
16.25		0.00127382
16.375		0.00127382
16.5		0.00127382
16.625		0.00127382
16.75		0.00127382
16.875		0.00127382
17		0.00127382
17.125		0.00822286
17.25		0.00822286
17.375		0.00822286
17.5		0.00822286
17.625		0.00822286
17.75		0.00822286
17.875		0.00822286
18		0.00822286
18.125		0.00979987
18.25		0.00979987
18.375		0.00979987
18.5		0.00979987
18.625		0.00979987
18.75		0.00979987
18.875		0.00979987
19		0.00979987
19.125		0.0100807
19.25		0.0100807
19.375		0.0100807
19.5		0.0100807
19.625		0.0100807
19.75		0.0100807
19.875		0.0100807
20		0.0100807
20.125		0.0173736
20.25		0.0173736
20.375		0.0173736
20.5		0.0173736
20.625		0.0173736
20.75		0.0173736
20.875		0.0173736
21		0.0173736
21.125		0.0184745
21.25		0.0184745
21.375		0.0184745
21.5		0.0184745
21.625		0.0184745
21.75		0.0184745
21.875		0.0184745
22		0.0184745
22.125		0.0197585
22.25		0.0197585
22.375		0.0197585
22.5		0.0197585
22.625		0.0197585
22.75		0.0197585
22.875		0.0197585
23		0.0197585
23.125		0.0205968
23.25		0.0205968
23.375		0.0205968
23.5		0.0205968
23.625		0.0205968
23.75		0.0205968
23.875		0.0205968
24		0.0205968
24.125		0.0265305
24.25		0.0265305
24.375		0.0265305
24.5		0.0265305
24.625		0.0265305
24.75		0.0265305
24.875		0.0265305
25		0.0265305
25.125		0.0281278
25.25		0.0281278
25.375		0.0281278
25.5		0.0281278
25.625		0.0281278
25.75		0.0281278
25.875		0.0281278
26		0.0281278
26.125		0.0287301
26.25		0.0287301
26.375		0.0287301
26.5		0.0287301
26.625		0.0287301
26.75		0.0287301
26.875		0.0287301
27		0.0287301
27.125		0.0306653
27.25		0.0306653
27.375		0.0306653
27.5		0.0306653
27.625		0.0306653
27.75		0.0306653
27.875		0.0306653
28		0.0306653
28.125		0.0347208
28.25		0.0347208
28.375		0.0347208
28.5		0.0347208
28.625		0.0347208
28.75		0.0347208
28.875		0.0347208
29		0.0347208
29.125		0.0368268
29.25		0.0368268
29.375		0.0368268
29.5		0.0368268
29.625		0.0368268
29.75		0.0368268
29.875		0.0368268
30		0.0368268
30.125		0.038648
30.25		0.038648
30.375		0.038648
30.5		0.038648
30.625		0.038648
30.75		0.038648
30.875		0.038648
31		0.038648
31.125		0.0400765
31.25		0.0400765
31.375		0.0400765
31.5		0.0400765
31.625		0.0400765
31.75		0.0400765
31.875		0.0400765
32		0.0400765
32.125		0.041737
32.25		0.041737
32.375		0.041737
32.5		0.041737
32.625		0.041737
32.75		0.041737
32.875		0.041737
33		0.041737
33.125		0.0445796
33.25		0.0445796
33.375		0.0445796
33.5		0.0445796
33.625		0.0445796
33.75		0.0445796
33.875		0.0445796
34		0.0445796
34.125		0.0453875
34.25		0.0453875
34.375		0.0453875
34.5		0.0453875
34.625		0.0453875
34.75		0.0453875
34.875		0.0453875
35		0.0453875
35.125		0.0501775
35.25		0.0501775
35.375		0.0501775
35.5		0.0501775
35.625		0.0501775
35.75		0.0501775
35.875		0.0501775
36		0.0501775
36.125		0.0504502
36.25		0.0504502
36.375		0.0504502
36.5		0.0504502
36.625		0.0504502
36.75		0.0504502
36.875		0.0504502
37		0.0504502
37.125		0.054467
37.25		0.054467
37.375		0.054467
37.5		0.054467
37.625		0.054467
37.75		0.054467
37.875		0.054467
38		0.054467
38.125		0.0557062
38.25		0.0557062
38.375		0.0557062
38.5		0.0557062
38.625		0.0557062
38.75		0.0557062
38.875		0.0557062
39		0.0557062
39.125		0.0568824
39.25		0.0568824
39.375		0.0568824
39.5		0.0568824
39.625		0.0568824
39.75		0.0568824
39.875		0.0568824
40		0.0568824
40.125		0.0585693
40.25		0.0585693
40.375		0.0585693
40.5		0.0585693
40.625		0.0585693
40.75		0.0585693
40.875		0.0585693
41		0.0585693
41.125		0.0621425
41.25		0.0621425
41.375		0.0621425
41.5		0.0621425
41.625		0.0621425
41.75		0.0621425
41.875		0.0621425
42		0.0621425
42.125		0.0639881
42.25		0.0639881
42.375		0.0639881
42.5		0.0639881
42.625		0.0639881
42.75		0.0639881
42.875		0.0639881
43		0.0639881
43.125		0.0663547
43.25		0.0663547
43.375		0.0663547
43.5		0.0663547
43.625		0.0663547
43.75		0.0663547
43.875		0.0663547
44		0.0663547
44.125		0.0669102
44.25		0.0669102
44.375		0.0669102
44.5		0.0669102
44.625		0.0669102
44.75		0.0669102
44.875		0.0669102
45		0.0669102
45.125		0.0682654
45.25		0.0682654
45.375		0.0682654
45.5		0.0682654
45.625		0.0682654
45.75		0.0682654
45.875		0.0682654
46		0.0682654
46.125		0.0748176
46.25		0.0748176
46.375		0.0748176
46.5		0.0748176
46.625		0.0748176
46.75		0.0748176
46.875		0.0748176
47		0.0748176
47.125		0.0762685
47.25		0.0762685
47.375		0.0762685
47.5		0.0762685
47.625		0.0762685
47.75		0.0762685
47.875		0.0762685
48		0.0762685
48.125		0.076824
48.25		0.076824
48.375		0.076824
48.5		0.076824
48.625		0.076824
48.75		0.076824
48.875		0.076824
49		0.076824
49.125		0.0787734
49.25		0.0787734
49.375		0.0787734
49.5		0.0787734
49.625		0.0787734
49.75		0.0787734
49.875		0.0787734
50		0.0787734
50.125		0.0792516
50.25		0.0792516
50.375		0.0792516
50.5		0.0792516
50.625		0.0792516
50.75		0.0792516
50.875		0.0792516
51		0.0792516
51.125		0.0848596
51.25		0.0848596
51.375		0.0848596
51.5		0.0848596
51.625		0.0848596
51.75		0.0848596
51.875		0.0848596
52		0.0848596
52.125		0.0851995
52.25		0.0851995
52.375		0.0851995
52.5		0.0851995
52.625		0.0851995
52.75		0.0851995
52.875		0.0851995
53		0.0851995
53.125		0.0891491
53.25		0.0891491
53.375		0.0891491
53.5		0.0891491
53.625		0.0891491
53.75		0.0891491
53.875		0.0891491
54		0.0891491
54.125		0.091068
54.25		0.091068
54.375		0.091068
54.5		0.091068
54.625		0.091068
54.75		0.091068
54.875		0.091068
55		0.091068
55.125		0.0920752
55.25		0.0920752
55.375		0.0920752
55.5		0.0920752
55.625		0.0920752
55.75		0.0920752
55.875		0.0920752
56		0.0920752
56.125		0.0941589
56.25		0.0941589
56.375		0.0941589
56.5		0.0941589
56.625		0.0941589
56.75		0.0941589
56.875		0.0941589
57		0.0941589
57.125		0.097551
57.25		0.097551
57.375		0.097551
57.5		0.097551
57.625		0.097551
57.75		0.097551
57.875		0.097551
58		0.097551
58.125		0.0998667
58.25		0.0998667
58.375		0.0998667
58.5		0.0998667
58.625		0.0998667
58.75		0.0998667
58.875		0.0998667
59		0.0998667
59.125		0.102718
59.25		0.102718
59.375		0.102718
59.5		0.102718
59.625		0.102718
59.75		0.102718
59.875		0.102718
60		0.102718
60.125		0.104227
60.25		0.104227
60.375		0.104227
60.5		0.104227
60.625		0.104227
60.75		0.104227
60.875		0.104227
61		0.104227
61.125		0.107508
61.25		0.107508
61.375		0.107508
61.5		0.107508
61.625		0.107508
61.75		0.107508
61.875		0.107508
62		0.107508
62.125		0.109313
62.25		0.109313
62.375		0.109313
62.5		0.109313
62.625		0.109313
62.75		0.109313
62.875		0.109313
63		0.109313
63.125		0.112658
63.25		0.112658
63.375		0.112658
63.5		0.112658
63.625		0.112658
63.75		0.112658
63.875		0.112658
64		0.112658
64.125		0.113093
64.25		0.113093
64.375		0.113093
64.5		0.113093
64.625		0.113093
64.75		0.113093
64.875		0.113093
65		0.113093
65.125		0.118083
65.25		0.118083
65.375		0.118083
65.5		0.118083
65.625		0.118083
65.75		0.118083
65.875		0.118083
66		0.118083
66.125		0.118655
66.25		0.118655
66.375		0.118655
66.5		0.118655
66.625		0.118655
66.75		0.118655
66.875		0.118655
67		0.118655
67.125		0.120722
67.25		0.120722
67.375		0.120722
67.5		0.120722
67.625		0.120722
67.75		0.120722
67.875		0.120722
68		0.120722
68.125		0.121625
68.25		0.121625
68.375		0.121625
68.5		0.121625
68.625		0.121625
68.75		0.121625
68.875		0.121625
69		0.121625
69.125		0.123355
69.25		0.123355
69.375		0.123355
69.5		0.123355
69.625		0.123355
69.75		0.123355
69.875		0.123355
70		0.123355
70.125		0.125799
70.25		0.125799
70.375		0.125799
70.5		0.125799
70.625		0.125799
70.75		0.125799
70.875		0.125799
71		0.125799
71.125		0.128318
71.25		0.128318
71.375		0.128318
71.5		0.128318
71.625		0.128318
71.75		0.128318
71.875		0.128318
72		0.128318
72.125		0.133316
72.25		0.133316
72.375		0.133316
72.5		0.133316
72.625		0.133316
72.75		0.133316
72.875		0.133316
73		0.133316
73.125		0.133853
73.25		0.133853
73.375		0.133853
73.5		0.133853
73.625		0.133853
73.75		0.133853
73.875		0.133853
74		0.133853
74.125		0.134207
74.25		0.134207
74.375		0.134207
74.5		0.134207
74.625		0.134207
74.75		0.134207
74.875		0.134207
75		0.134207
75.125		0.135273
75.25		0.135273
75.375		0.135273
75.5		0.135273
75.625		0.135273
75.75		0.135273
75.875		0.135273
76		0.135273
76.125		0.140206
76.25		0.140206
76.375		0.140206
76.5		0.140206
76.625		0.140206
76.75		0.140206
76.875		0.140206
77		0.140206
77.125		0.141323
77.25		0.141323
77.375		0.141323
77.5		0.141323
77.625		0.141323
77.75		0.141323
77.875		0.141323
78		0.141323
78.125		0.145142
78.25		0.145142
78.375		0.145142
78.5		0.145142
78.625		0.145142
78.75		0.145142
78.875		0.145142
79		0.145142
79.125		0.145521
79.25		0.145521
79.375		0.145521
79.5		0.145521
79.625		0.145521
79.75		0.145521
79.875		0.145521
80		0.145521
80.125		0.150679
80.25		0.150679
80.375		0.150679
80.5		0.150679
80.625		0.150679
80.75		0.150679
80.875		0.150679
81		0.150679
81.125		0.152014
81.25		0.152014
81.375		0.152014
81.5		0.152014
81.625		0.152014
81.75		0.152014
81.875		0.152014
82		0.152014
82.125		0.153052
82.25		0.153052
82.375		0.153052
82.5		0.153052
82.625		0.153052
82.75		0.153052
82.875		0.153052
83		0.153052
83.125		0.153274
83.25		0.153274
83.375		0.153274
83.5		0.153274
83.625		0.153274
83.75		0.153274
83.875		0.153274
84		0.153274
84.125		0.159313
84.25		0.159313
84.375		0.159313
84.5		0.159313
84.625		0.159313
84.75		0.159313
84.875		0.159313
85		0.159313
85.125		0.160908
85.25		0.160908
85.375		0.160908
85.5		0.160908
85.625		0.160908
85.75		0.160908
85.875		0.160908
86		0.160908
86.125		0.16395
86.25		0.16395
86.375		0.16395
86.5		0.16395
86.625		0.16395
86.75		0.16395
86.875		0.16395
87		0.16395
87.125		0.165234
87.25		0.165234
87.375		0.165234
87.5		0.165234
87.625		0.165234
87.75		0.165234
87.875		0.165234
88		0.165234
88.125		0.166321
88.25		0.166321
88.375		0.166321
88.5		0.166321
88.625		0.166321
88.75		0.166321
88.875		0.166321
89		0.166321
89.125		0.168688
89.25		0.168688
89.375		0.168688
89.5		0.168688
89.625		0.168688
89.75		0.168688
89.875		0.168688
90		0.168688
90.125		0.17116
90.25		0.17116
90.375		0.17116
90.5		0.17116
90.625		0.17116
90.75		0.17116
90.875		0.17116
91		0.17116
91.125		0.173822
91.25		0.173822
91.375		0.173822
91.5		0.173822
91.625		0.173822
91.75		0.173822
91.875		0.173822
92		0.173822
92.125		0.175979
92.25		0.175979
92.375		0.175979
92.5		0.175979
92.625		0.175979
92.75		0.175979
92.875		0.175979
93		0.175979
93.125		0.177535
93.25		0.177535
93.375		0.177535
93.5		0.177535
93.625		0.177535
93.75		0.177535
93.875		0.177535
94		0.177535
94.125		0.182295
94.25		0.182295
94.375		0.182295
94.5		0.182295
94.625		0.182295
94.75		0.182295
94.875		0.182295
95		0.182295
95.125		0.182832
95.25		0.182832
95.375		0.182832
95.5		0.182832
95.625		0.182832
95.75		0.182832
95.875		0.182832
96		0.182832
96.125		0.184207
96.25		0.184207
96.375		0.184207
96.5		0.184207
96.625		0.184207
96.75		0.184207
96.875		0.184207
97		0.184207
97.125		0.184743
97.25		0.184743
97.375		0.184743
97.5		0.184743
97.625		0.184743
97.75		0.184743
97.875		0.184743
98		0.184743
98.125		0.189653
98.25		0.189653
98.375		0.189653
98.5		0.189653
98.625		0.189653
98.75		0.189653
98.875		0.189653
99		0.189653
99.125		0.190963
99.25		0.190963
99.375		0.190963
99.5		0.190963
99.625		0.190963
99.75		0.190963
99.875		0.190963
100		0.190963
100.125		0.193661
100.25		0.193661
100.375		0.193661
100.5		0.193661
100.625		0.193661
100.75		0.193661
100.875		0.193661
101		0.193661
101.125		0.195025
101.25		0.195025
101.375		0.195025
101.5		0.195025
101.625		0.195025
101.75		0.195025
101.875		0.195025
102		0.195025
102.125		0.199276
102.25		0.199276
102.375		0.199276
102.5		0.199276
102.625		0.199276
102.75		0.199276
102.875		0.199276
103		0.199276
103.125		0.200033
103.25		0.200033
103.375		0.200033
103.5		0.200033
103.625		0.200033
103.75		0.200033
103.875		0.200033
104		0.200033
104.125		0.201089
104.25		0.201089
104.375		0.201089
104.5		0.201089
104.625		0.201089
104.75		0.201089
104.875		0.201089
105		0.201089
105.125		0.201589
105.25		0.201589
105.375		0.201589
105.5		0.201589
105.625		0.201589
105.75		0.201589
105.875		0.201589
106		0.201589
106.125		0.207441
106.25		0.207441
106.375		0.207441
106.5		0.207441
106.625		0.207441
106.75		0.207441
106.875		0.207441
107		0.207441
107.125		0.209637
107.25		0.209637
107.375		0.209637
107.5		0.209637
107.625		0.209637
107.75		0.209637
107.875		0.209637
108		0.209637
108.125		0.211475
108.25		0.211475
108.375		0.211475
108.5		0.211475
108.625		0.211475
108.75		0.211475
108.875		0.211475
109		0.211475
109.125		0.213513
109.25		0.213513
109.375		0.213513
109.5		0.213513
109.625		0.213513
109.75		0.213513
109.875		0.213513
110		0.213513
110.125		0.214698
110.25		0.214698
110.375		0.214698
110.5		0.214698
110.625		0.214698
110.75		0.214698
110.875		0.214698
111		0.214698
111.125		0.218065
111.25		0.218065
111.375		0.218065
111.5		0.218065
111.625		0.218065
111.75		0.218065
111.875		0.218065
112		0.218065
112.125		0.21926
112.25		0.21926
112.375		0.21926
112.5		0.21926
112.625		0.21926
112.75		0.21926
112.875		0.21926
113		0.21926
113.125		0.220804
113.25		0.220804
113.375		0.220804
113.5		0.220804
113.625		0.220804
113.75		0.220804
113.875		0.220804
114		0.220804
114.125		0.224003
114.25		0.224003
114.375		0.224003
114.5		0.224003
114.625		0.224003
114.75		0.224003
114.875		0.224003
115		0.224003
115.125		0.226158
115.25		0.226158
115.375		0.226158
115.5		0.226158
115.625		0.226158
115.75		0.226158
115.875		0.226158
116		0.226158
116.125		0.226707
116.25		0.226707
116.375		0.226707
116.5		0.226707
116.625		0.226707
116.75		0.226707
116.875		0.226707
117		0.226707
117.125		0.229469
117.25		0.229469
117.375		0.229469
117.5		0.229469
117.625		0.229469
117.75		0.229469
117.875		0.229469
118		0.229469
118.125		0.231451
118.25		0.231451
118.375		0.231451
118.5		0.231451
118.625		0.231451
118.75		0.231451
118.875		0.231451
119		0.231451
119.125		0.235529
119.25		0.235529
119.375		0.235529
119.5		0.235529
119.625		0.235529
119.75		0.235529
119.875		0.235529
120		0.235529
120.125		0.237028
120.25		0.237028
120.375		0.237028
120.5		0.237028
120.625		0.237028
120.75		0.237028
120.875		0.237028
121		0.237028
121.125		0.240439
121.25		0.240439
121.375		0.240439
121.5		0.240439
121.625		0.240439
121.75		0.240439
121.875		0.240439
122		0.240439
122.125		0.242065
122.25		0.242065
122.375		0.242065
122.5		0.242065
122.625		0.242065
122.75		0.242065
122.875		0.242065
123		0.242065
123.125		0.242146
123.25		0.242146
123.375		0.242146
123.5		0.242146
123.625		0.242146
123.75		0.242146
123.875		0.242146
124		0.242146
124.125		0.246946
124.25		0.246946
124.375		0.246946
124.5		0.246946
124.625		0.246946
124.75		0.246946
124.875		0.246946
125		0.246946
125.125		0.249089
125.25		0.249089
125.375		0.249089
125.5		0.249089
125.625		0.249089
125.75		0.249089
125.875		0.249089
126		0.249089
126.125		0.249341
126.25		0.249341
126.375		0.249341
126.5		0.249341
126.625		0.249341
126.75		0.249341
126.875		0.249341
127		0.249341
127.125		0.251932
127.25		0.251932
127.375		0.251932
127.5		0.251932
127.625		0.251932
127.75		0.251932
127.875		0.251932
128		0.251932
128.125		0.254082
128.25		0.254082
128.375		0.254082
128.5		0.254082
128.625		0.254082
128.75		0.254082
128.875		0.254082
129		0.254082
129.125		0.255845
129.25		0.255845
129.375		0.255845
129.5		0.255845
129.625		0.255845
129.75		0.255845
129.875		0.255845
130		0.255845
130.125		0.258624
130.25		0.258624
130.375		0.258624
130.5		0.258624
130.625		0.258624
130.75		0.258624
130.875		0.258624
131		0.258624
131.125		0.260222
131.25		0.260222
131.375		0.260222
131.5		0.260222
131.625		0.260222
131.75		0.260222
131.875		0.260222
132		0.260222
132.125		0.263467
132.25		0.263467
132.375		0.263467
132.5		0.263467
132.625		0.263467
132.75		0.263467
132.875		0.263467
133		0.263467
133.125		0.26447
133.25		0.26447
133.375		0.26447
133.5		0.26447
133.625		0.26447
133.75		0.26447
133.875		0.26447
134		0.26447
134.125		0.267087
134.25		0.267087
134.375		0.267087
134.5		0.267087
134.625		0.267087
134.75		0.267087
134.875		0.267087
135		0.267087
135.125		0.26773
135.25		0.26773
135.375		0.26773
135.5		0.26773
135.625		0.26773
135.75		0.26773
135.875		0.26773
136		0.26773
136.125		0.271497
136.25		0.271497
136.375		0.271497
136.5		0.271497
136.625		0.271497
136.75		0.271497
136.875		0.271497
137		0.271497
137.125		0.27531
137.25		0.27531
137.375		0.27531
137.5		0.27531
137.625		0.27531
137.75		0.27531
137.875		0.27531
138		0.27531
138.125		0.278057
138.25		0.278057
138.375		0.278057
138.5		0.278057
138.625		0.278057
138.75		0.278057
138.875		0.278057
139		0.278057
139.125		0.278273
139.25		0.278273
139.375		0.278273
139.5		0.278273
139.625		0.278273
139.75		0.278273
139.875		0.278273
140		0.278273
140.125		0.27915
140.25		0.27915
140.375		0.27915
140.5		0.27915
140.625		0.27915
140.75		0.27915
140.875		0.27915
141		0.27915
141.125		0.282176
141.25		0.282176
141.375		0.282176
141.5		0.282176
141.625		0.282176
141.75		0.282176
141.875		0.282176
142		0.282176
142.125		0.28544
142.25		0.28544
142.375		0.28544
142.5		0.28544
142.625		0.28544
142.75		0.28544
142.875		0.28544
143		0.28544
143.125		0.286512
143.25		0.286512
143.375		0.286512
143.5		0.286512
143.625		0.286512
143.75		0.286512
143.875		0.286512
144		0.286512
144.125		0.28825
144.25		0.28825
144.375		0.28825
144.5		0.28825
144.625		0.28825
144.75		0.28825
144.875		0.28825
145		0.28825
145.125		0.289047
145.25		0.289047
145.375		0.289047
145.5		0.289047
145.625		0.289047
145.75		0.289047
145.875		0.289047
146		0.289047
146.125		0.293579
146.25		0.293579
146.375		0.293579
146.5		0.293579
146.625		0.293579
146.75		0.293579
146.875		0.293579
147		0.293579
147.125		0.295113
147.25		0.295113
147.375		0.295113
147.5		0.295113
147.625		0.295113
147.75		0.295113
147.875		0.295113
148		0.295113
148.125		0.296705
148.25		0.296705
148.375		0.296705
148.5		0.296705
148.625		0.296705
148.75		0.296705
148.875		0.296705
149		0.296705
149.125		0.297272
149.25		0.297272
149.375		0.297272
149.5		0.297272
149.625		0.297272
149.75		0.297272
149.875		0.297272
150		0.297272
150.125		0.302471
150.25		0.302471
150.375		0.302471
150.5		0.302471
150.625		0.302471
150.75		0.302471
150.875		0.302471
151		0.302471
151.125		0.303898
151.25		0.303898
151.375		0.303898
151.5		0.303898
151.625		0.303898
151.75		0.303898
151.875		0.303898
152		0.303898
152.125		0.304421
152.25		0.304421
152.375		0.304421
152.5		0.304421
152.625		0.304421
152.75		0.304421
152.875		0.304421
153		0.304421
153.125		0.305945
153.25		0.305945
153.375		0.305945
153.5		0.305945
153.625		0.305945
153.75		0.305945
153.875		0.305945
154		0.305945
154.125		0.31194
154.25		0.31194
154.375		0.31194
154.5		0.31194
154.625		0.31194
154.75		0.31194
154.875		0.31194
155		0.31194
155.125		0.312914
155.25		0.312914
155.375		0.312914
155.5		0.312914
155.625		0.312914
155.75		0.312914
155.875		0.312914
156		0.312914
156.125		0.313158
156.25		0.313158
156.375		0.313158
156.5		0.313158
156.625		0.313158
156.75		0.313158
156.875		0.313158
157		0.313158
157.125		0.315417
157.25		0.315417
157.375		0.315417
157.5		0.315417
157.625		0.315417
157.75		0.315417
157.875		0.315417
158		0.315417
158.125		0.319377
158.25		0.319377
158.375		0.319377
158.5		0.319377
158.625		0.319377
158.75		0.319377
158.875		0.319377
159		0.319377
159.125		0.322586
159.25		0.322586
159.375		0.322586
159.5		0.322586
159.625		0.322586
159.75		0.322586
159.875		0.322586
160		0.322586
160.125		0.322891
160.25		0.322891
160.375		0.322891
160.5		0.322891
160.625		0.322891
160.75		0.322891
160.875		0.322891
161		0.322891
161.125		0.324277
161.25		0.324277
161.375		0.324277
161.5		0.324277
161.625		0.324277
161.75		0.324277
161.875		0.324277
162		0.324277
162.125		0.326599
162.25		0.326599
162.375		0.326599
162.5		0.326599
162.625		0.326599
162.75		0.326599
162.875		0.326599
163		0.326599
163.125		0.330259
163.25		0.330259
163.375		0.330259
163.5		0.330259
163.625		0.330259
163.75		0.330259
163.875		0.330259
164		0.330259
164.125		0.333373
164.25		0.333373
164.375		0.333373
164.5		0.333373
164.625		0.333373
164.75		0.333373
164.875		0.333373
165		0.333373
165.125		0.335235
165.25		0.335235
165.375		0.335235
165.5		0.335235
165.625		0.335235
165.75		0.335235
165.875		0.335235
166		0.335235
166.125		0.335477
166.25		0.335477
166.375		0.335477
166.5		0.335477
166.625		0.335477
166.75		0.335477
166.875		0.335477
167		0.335477
167.125		0.338789
167.25		0.338789
167.375		0.338789
167.5		0.338789
167.625		0.338789
167.75		0.338789
167.875		0.338789
168		0.338789
168.125		0.339498
168.25		0.339498
168.375		0.339498
168.5		0.339498
168.625		0.339498
168.75		0.339498
168.875		0.339498
169		0.339498
169.125		0.342924
169.25		0.342924
169.375		0.342924
169.5		0.342924
169.625		0.342924
169.75		0.342924
169.875		0.342924
170		0.342924
170.125		0.346512
170.25		0.346512
170.375		0.346512
170.5		0.346512
170.625		0.346512
170.75		0.346512
170.875		0.346512
171		0.346512
171.125		0.346829
171.25		0.346829
171.375		0.346829
171.5		0.346829
171.625		0.346829
171.75		0.346829
171.875		0.346829
172		0.346829
172.125		0.350016
172.25		0.350016
172.375		0.350016
172.5		0.350016
172.625		0.350016
172.75		0.350016
172.875		0.350016
173		0.350016
173.125		0.35107
173.25		0.35107
173.375		0.35107
173.5		0.35107
173.625		0.35107
173.75		0.35107
173.875		0.35107
174		0.35107
174.125		0.35203
174.25		0.35203
174.375		0.35203
174.5		0.35203
174.625		0.35203
174.75		0.35203
174.875		0.35203
175		0.35203
175.125		0.355294
175.25		0.355294
175.375		0.355294
175.5		0.355294
175.625		0.355294
175.75		0.355294
175.875		0.355294
176		0.355294
176.125		0.359492
176.25		0.359492
176.375		0.359492
176.5		0.359492
176.625		0.359492
176.75		0.359492
176.875		0.359492
177		0.359492
177.125		0.360483
177.25		0.360483
177.375		0.360483
177.5		0.360483
177.625		0.360483
177.75		0.360483
177.875		0.360483
178		0.360483
178.125		0.361425
178.25		0.361425
178.375		0.361425
178.5		0.361425
178.625		0.361425
178.75		0.361425
178.875		0.361425
179		0.361425
179.125		0.364813
179.25		0.364813
179.375		0.364813
179.5		0.364813
179.625		0.364813
179.75		0.364813
179.875		0.364813
180		0.364813
180.125		0.366726
180.25		0.366726
180.375		0.366726
180.5		0.366726
180.625		0.366726
180.75		0.366726
180.875		0.366726
181		0.366726
181.125		0.369748
181.25		0.369748
181.375		0.369748
181.5		0.369748
181.625		0.369748
181.75		0.369748
181.875		0.369748
182		0.369748
182.125		0.370556
182.25		0.370556
182.375		0.370556
182.5		0.370556
182.625		0.370556
182.75		0.370556
182.875		0.370556
183		0.370556
183.125		0.372344
183.25		0.372344
183.375		0.372344
183.5		0.372344
183.625		0.372344
183.75		0.372344
183.875		0.372344
184		0.372344
184.125		0.378778
184.25		0.378778
184.375		0.378778
184.5		0.378778
184.625		0.378778
184.75		0.378778
184.875		0.378778
185		0.378778
185.125		0.379043
185.25		0.379043
185.375		0.379043
185.5		0.379043
185.625		0.379043
185.75		0.379043
185.875		0.379043
186		0.379043
186.125		0.379391
186.25		0.379391
186.375		0.379391
186.5		0.379391
186.625		0.379391
186.75		0.379391
186.875		0.379391
187		0.379391
187.125		0.379802
187.25		0.379802
187.375		0.379802
187.5		0.379802
187.625		0.379802
187.75		0.379802
187.875		0.379802
188		0.379802
188.125		0.385056
188.25		0.385056
188.375		0.385056
188.5		0.385056
188.625		0.385056
188.75		0.385056
188.875		0.385056
189		0.385056
189.125		0.388898
189.25		0.388898
189.375		0.388898
189.5		0.388898
189.625		0.388898
189.75		0.388898
189.875		0.388898
190		0.388898
190.125		0.389378
190.25		0.389378
190.375		0.389378
190.5		0.389378
190.625		0.389378
190.75		0.389378
190.875		0.389378
191		0.389378
191.125		0.390239
191.25		0.390239
191.375		0.390239
191.5		0.390239
191.625		0.390239
191.75		0.390239
191.875		0.390239
192		0.390239
192.125		0.393041
192.25		0.393041
192.375		0.393041
192.5		0.393041
192.625		0.393041
192.75		0.393041
192.875		0.393041
193		0.393041
193.125		0.395592
193.25		0.395592
193.375		0.395592
193.5		0.395592
193.625		0.395592
193.75		0.395592
193.875		0.395592
194		0.395592
194.125		0.398008
194.25		0.398008
194.375		0.398008
194.5		0.398008
194.625		0.398008
194.75		0.398008
194.875		0.398008
195		0.398008
195.125		0.400142
195.25		0.400142
195.375		0.400142
195.5		0.400142
195.625		0.400142
195.75		0.400142
195.875		0.400142
196		0.400142
196.125		0.401205
196.25		0.401205
196.375		0.401205
196.5		0.401205
196.625		0.401205
196.75		0.401205
196.875		0.401205
197		0.401205
197.125		0.40511
197.25		0.40511
197.375		0.40511
197.5		0.40511
197.625		0.40511
197.75		0.40511
197.875		0.40511
198		0.40511
198.125		0.409092
198.25		0.409092
198.375		0.409092
198.5		0.409092
198.625		0.409092
198.75		0.409092
198.875		0.409092
199		0.409092
199.125		0.409442
199.25		0.409442
199.375		0.409442
199.5		0.409442
199.625		0.409442
199.75		0.409442
199.875		0.409442
200		0.409442
200.125		0.411737
200.25		0.411737
200.375		0.411737
200.5		0.411737
200.625		0.411737
200.75		0.411737
200.875		0.411737
201		0.411737
201.125		0.41227
201.25		0.41227
201.375		0.41227
201.5		0.41227
201.625		0.41227
201.75		0.41227
201.875		0.41227
202		0.41227
202.125		0.417829
202.25		0.417829
202.375		0.417829
202.5		0.417829
202.625		0.417829
202.75		0.417829
202.875		0.417829
203		0.417829
203.125		0.418843
203.25		0.418843
203.375		0.418843
203.5		0.418843
203.625		0.418843
203.75		0.418843
203.875		0.418843
204		0.418843
204.125		0.421167
204.25		0.421167
204.375		0.421167
204.5		0.421167
204.625		0.421167
204.75		0.421167
204.875		0.421167
205		0.421167
205.125		0.422632
205.25		0.422632
205.375		0.422632
205.5		0.422632
205.625		0.422632
205.75		0.422632
205.875		0.422632
206		0.422632
206.125		0.4245
206.25		0.4245
206.375		0.4245
206.5		0.4245
206.625		0.4245
206.75		0.4245
206.875		0.4245
207		0.4245
207.125		0.427764
207.25		0.427764
207.375		0.427764
207.5		0.427764
207.625		0.427764
207.75		0.427764
207.875		0.427764
208		0.427764
208.125		0.429998
208.25		0.429998
208.375		0.429998
208.5		0.429998
208.625		0.429998
208.75		0.429998
208.875		0.429998
209		0.429998
209.125		0.430881
209.25		0.430881
209.375		0.430881
209.5		0.430881
209.625		0.430881
209.75		0.430881
209.875		0.430881
210		0.430881
210.125		0.43454
210.25		0.43454
210.375		0.43454
210.5		0.43454
210.625		0.43454
210.75		0.43454
210.875		0.43454
211		0.43454
211.125		0.434725
211.25		0.434725
211.375		0.434725
211.5		0.434725
211.625		0.434725
211.75		0.434725
211.875		0.434725
212		0.434725
212.125		0.436723
212.25		0.436723
212.375		0.436723
212.5		0.436723
212.625		0.436723
212.75		0.436723
212.875		0.436723
213		0.436723
213.125		0.438479
213.25		0.438479
213.375		0.438479
213.5		0.438479
213.625		0.438479
213.75		0.438479
213.875		0.438479
214		0.438479
214.125		0.442876
214.25		0.442876
214.375		0.442876
214.5		0.442876
214.625		0.442876
214.75		0.442876
214.875		0.442876
215		0.442876
215.125		0.445316
215.25		0.445316
215.375		0.445316
215.5		0.445316
215.625		0.445316
215.75		0.445316
215.875		0.445316
216		0.445316
216.125		0.447154
216.25		0.447154
216.375		0.447154
216.5		0.447154
216.625		0.447154
216.75		0.447154
216.875		0.447154
217		0.447154
217.125		0.447555
217.25		0.447555
217.375		0.447555
217.5		0.447555
217.625		0.447555
217.75		0.447555
217.875		0.447555
218		0.447555
218.125		0.450094
218.25		0.450094
218.375		0.450094
218.5		0.450094
218.625		0.450094
218.75		0.450094
218.875		0.450094
219		0.450094
219.125		0.453185
219.25		0.453185
219.375		0.453185
219.5		0.453185
219.625		0.453185
219.75		0.453185
219.875		0.453185
220		0.453185
220.125		0.454807
220.25		0.454807
220.375		0.454807
220.5		0.454807
220.625		0.454807
220.75		0.454807
220.875		0.454807
221		0.454807
221.125		0.458805
221.25		0.458805
221.375		0.458805
221.5		0.458805
221.625		0.458805
221.75		0.458805
221.875		0.458805
222		0.458805
222.125		0.459086
222.25		0.459086
222.375		0.459086
222.5		0.459086
222.625		0.459086
222.75		0.459086
222.875		0.459086
223		0.459086
223.125		0.459442
223.25		0.459442
223.375		0.459442
223.5		0.459442
223.625		0.459442
223.75		0.459442
223.875		0.459442
224		0.459442
224.125		0.465693
224.25		0.465693
224.375		0.465693
224.5		0.465693
224.625		0.465693
224.75		0.465693
224.875		0.465693
225		0.465693
225.125		0.466198
225.25		0.466198
225.375		0.466198
225.5		0.466198
225.625		0.466198
225.75		0.466198
225.875		0.466198
226		0.466198
226.125		0.469625
226.25		0.469625
226.375		0.469625
226.5		0.469625
226.625		0.469625
226.75		0.469625
226.875		0.469625
227		0.469625
227.125		0.470646
227.25		0.470646
227.375		0.470646
227.5		0.470646
227.625		0.470646
227.75		0.470646
227.875		0.470646
228		0.470646
228.125		0.474771
228.25		0.474771
228.375		0.474771
228.5		0.474771
228.625		0.474771
228.75		0.474771
228.875		0.474771
229		0.474771
229.125		0.476535
229.25		0.476535
229.375		0.476535
229.5		0.476535
229.625		0.476535
229.75		0.476535
229.875		0.476535
230		0.476535
230.125		0.478393
230.25		0.478393
230.375		0.478393
230.5		0.478393
230.625		0.478393
230.75		0.478393
230.875		0.478393
231		0.478393
231.125		0.479229
231.25		0.479229
231.375		0.479229
231.5		0.479229
231.625		0.479229
231.75		0.479229
231.875		0.479229
232		0.479229
232.125		0.484984
232.25		0.484984
232.375		0.484984
232.5		0.484984
232.625		0.484984
232.75		0.484984
232.875		0.484984
233		0.484984
233.125		0.485094
233.25		0.485094
233.375		0.485094
233.5		0.485094
233.625		0.485094
233.75		0.485094
233.875		0.485094
234		0.485094
234.125		0.487511
234.25		0.487511
234.375		0.487511
234.5		0.487511
234.625		0.487511
234.75		0.487511
234.875		0.487511
235		0.487511
235.125		0.487877
235.25		0.487877
235.375		0.487877
235.5		0.487877
235.625		0.487877
235.75		0.487877
235.875		0.487877
236		0.487877
236.125		0.492804
236.25		0.492804
236.375		0.492804
236.5		0.492804
236.625		0.492804
236.75		0.492804
236.875		0.492804
237		0.492804
237.125		0.493095
237.25		0.493095
237.375		0.493095
237.5		0.493095
237.625		0.493095
237.75		0.493095
237.875		0.493095
238		0.493095
238.125		0.495478
238.25		0.495478
238.375		0.495478
238.5		0.495478
238.625		0.495478
238.75		0.495478
238.875		0.495478
239		0.495478
239.125		0.499765
239.25		0.499765
239.375		0.499765
239.5		0.499765
239.625		0.499765
239.75		0.499765
239.875		0.499765
240		0.499765
240.125		0.500205
240.25		0.500205
240.375		0.500205
240.5		0.500205
240.625		0.500205
240.75		0.500205
240.875		0.500205
241		0.500205
241.125		0.504502
241.25		0.504502
241.375		0.504502
241.5		0.504502
241.625		0.504502
241.75		0.504502
241.875		0.504502
242		0.504502
242.125		0.504773
242.25		0.504773
242.375		0.504773
242.5		0.504773
242.625		0.504773
242.75		0.504773
242.875		0.504773
243		0.504773
243.125		0.505503
243.25		0.505503
243.375		0.505503
243.5		0.505503
243.625		0.505503
243.75		0.505503
243.875		0.505503
244		0.505503
244.125		0.508891
244.25		0.508891
244.375		0.508891
244.5		0.508891
244.625		0.508891
244.75		0.508891
244.875		0.508891
245		0.508891
245.125		0.511545
245.25		0.511545
245.375		0.511545
245.5		0.511545
245.625		0.511545
245.75		0.511545
245.875		0.511545
246		0.511545
246.125		0.512086
246.25		0.512086
246.375		0.512086
246.5		0.512086
246.625		0.512086
246.75		0.512086
246.875		0.512086
247		0.512086
247.125		0.514792
247.25		0.514792
247.375		0.514792
247.5		0.514792
247.625		0.514792
247.75		0.514792
247.875		0.514792
248		0.514792
248.125		0.516459
248.25		0.516459
248.375		0.516459
248.5		0.516459
248.625		0.516459
248.75		0.516459
248.875		0.516459
249		0.516459
249.125		0.517137
249.25		0.517137
249.375		0.517137
249.5		0.517137
249.625		0.517137
249.75		0.517137
249.875		0.517137
250		0.517137
250.125		0.523005
250.25		0.523005
250.375		0.523005
250.5		0.523005
250.625		0.523005
250.75		0.523005
250.875		0.523005
251		0.523005
251.125		0.523249
251.25		0.523249
251.375		0.523249
251.5		0.523249
251.625		0.523249
251.75		0.523249
251.875		0.523249
252		0.523249
252.125		0.525455
252.25		0.525455
252.375		0.525455
252.5		0.525455
252.625		0.525455
252.75		0.525455
252.875		0.525455
253		0.525455
253.125		0.526098
253.25		0.526098
253.375		0.526098
253.5		0.526098
253.625		0.526098
253.75		0.526098
253.875		0.526098
254		0.526098
254.125		0.531159
254.25		0.531159
254.375		0.531159
254.5		0.531159
254.625		0.531159
254.75		0.531159
254.875		0.531159
255		0.531159
255.125		0.532107
255.25		0.532107
255.375		0.532107
255.5		0.532107
255.625		0.532107
255.75		0.532107
255.875		0.532107
256		0.532107
256.125		0.53531
256.25		0.53531
256.375		0.53531
256.5		0.53531
256.625		0.53531
256.75		0.53531
256.875		0.53531
257		0.53531
257.125		0.535613
257.25		0.535613
257.375		0.535613
257.5		0.535613
257.625		0.535613
257.75		0.535613
257.875		0.535613
258		0.535613
258.125		0.539728
258.25		0.539728
258.375		0.539728
258.5		0.539728
258.625		0.539728
258.75		0.539728
258.875		0.539728
259		0.539728
259.125		0.540918
259.25		0.540918
259.375		0.540918
259.5		0.540918
259.625		0.540918
259.75		0.540918
259.875		0.540918
260		0.540918
260.125		0.541866
260.25		0.541866
260.375		0.541866
260.5		0.541866
260.625		0.541866
260.75		0.541866
260.875		0.541866
261		0.541866
261.125		0.544316
261.25		0.544316
261.375		0.544316
261.5		0.544316
261.625		0.544316
261.75		0.544316
261.875		0.544316
262		0.544316
262.125		0.545977
262.25		0.545977
262.375		0.545977
262.5		0.545977
262.625		0.545977
262.75		0.545977
262.875		0.545977
263		0.545977
263.125		0.550742
263.25		0.550742
263.375		0.550742
263.5		0.550742
263.625		0.550742
263.75		0.550742
263.875		0.550742
264		0.550742
264.125		0.551316
264.25		0.551316
264.375		0.551316
264.5		0.551316
264.625		0.551316
264.75		0.551316
264.875		0.551316
265		0.551316
265.125		0.551808
265.25		0.551808
265.375		0.551808
265.5		0.551808
265.625		0.551808
265.75		0.551808
265.875		0.551808
266		0.551808
266.125		0.555911
266.25		0.555911
266.375		0.555911
266.5		0.555911
266.625		0.555911
266.75		0.555911
266.875		0.555911
267		0.555911
267.125		0.557948
267.25		0.557948
267.375		0.557948
267.5		0.557948
267.625		0.557948
267.75		0.557948
267.875		0.557948
268		0.557948
268.125		0.560129
268.25		0.560129
268.375		0.560129
268.5		0.560129
268.625		0.560129
268.75		0.560129
268.875		0.560129
269		0.560129
269.125		0.563155
269.25		0.563155
269.375		0.563155
269.5		0.563155
269.625		0.563155
269.75		0.563155
269.875		0.563155
270		0.563155
270.125		0.56368
270.25		0.56368
270.375		0.56368
270.5		0.56368
270.625		0.56368
270.75		0.56368
270.875		0.56368
271		0.56368
271.125		0.567343
271.25		0.567343
271.375		0.567343
271.5		0.567343
271.625		0.567343
271.75		0.567343
271.875		0.567343
272		0.567343
272.125		0.567833
272.25		0.567833
272.375		0.567833
272.5		0.567833
272.625		0.567833
272.75		0.567833
272.875		0.567833
273		0.567833
273.125		0.571886
273.25		0.571886
273.375		0.571886
273.5		0.571886
273.625		0.571886
273.75		0.571886
273.875		0.571886
274		0.571886
274.125		0.574288
274.25		0.574288
274.375		0.574288
274.5		0.574288
274.625		0.574288
274.75		0.574288
274.875		0.574288
275		0.574288
275.125		0.577399
275.25		0.577399
275.375		0.577399
275.5		0.577399
275.625		0.577399
275.75		0.577399
275.875		0.577399
276		0.577399
276.125		0.579088
276.25		0.579088
276.375		0.579088
276.5		0.579088
276.625		0.579088
276.75		0.579088
276.875		0.579088
277		0.579088
277.125		0.579847
277.25		0.579847
277.375		0.579847
277.5		0.579847
277.625		0.579847
277.75		0.579847
277.875		0.579847
278		0.579847
278.125		0.580976
278.25		0.580976
278.375		0.580976
278.5		0.580976
278.625		0.580976
278.75		0.580976
278.875		0.580976
279		0.580976
279.125		0.586159
279.25		0.586159
279.375		0.586159
279.5		0.586159
279.625		0.586159
279.75		0.586159
279.875		0.586159
280		0.586159
280.125		0.591618
280.25		0.591618
280.375		0.591618
280.5		0.591618
280.625		0.591618
280.75		0.591618
280.875		0.591618
281		0.591618
281.125		0.59197
281.25		0.59197
281.375		0.59197
281.5		0.59197
281.625		0.59197
281.75		0.59197
281.875		0.59197
282		0.59197
282.125		0.592677
282.25		0.592677
282.375		0.592677
282.5		0.592677
282.625		0.592677
282.75		0.592677
282.875		0.592677
283		0.592677
283.125		0.598451
283.25		0.598451
283.375		0.598451
283.5		0.598451
283.625		0.598451
283.75		0.598451
283.875		0.598451
284		0.598451
284.125		0.600096
284.25		0.600096
284.375		0.600096
284.5		0.600096
284.625		0.600096
284.75		0.600096
284.875		0.600096
285		0.600096
285.125		0.600519
285.25		0.600519
285.375		0.600519
285.5		0.600519
285.625		0.600519
285.75		0.600519
285.875		0.600519
286		0.600519
286.125		0.603262
286.25		0.603262
286.375		0.603262
286.5		0.603262
286.625		0.603262
286.75		0.603262
286.875		0.603262
287		0.603262
287.125		0.609421
287.25		0.609421
287.375		0.609421
287.5		0.609421
287.625		0.609421
287.75		0.609421
287.875		0.609421
288		0.609421
288.125		0.61072
288.25		0.61072
288.375		0.61072
288.5		0.61072
288.625		0.61072
288.75		0.61072
288.875		0.61072
289		0.61072
289.125		0.610974
289.25		0.610974
289.375		0.610974
289.5		0.610974
289.625		0.610974
289.75		0.610974
289.875		0.610974
290		0.610974
290.125		0.611497
290.25		0.611497
290.375		0.611497
290.5		0.611497
290.625		0.611497
290.75		0.611497
290.875		0.611497
291		0.611497
291.125		0.613241
291.25		0.613241
291.375		0.613241
291.5		0.613241
291.625		0.613241
291.75		0.613241
291.875		0.613241
292		0.613241
292.125		0.620481
292.25		0.620481
292.375		0.620481
292.5		0.620481
292.625		0.620481
292.75		0.620481
292.875		0.620481
293		0.620481
293.125		0.620872
293.25		0.620872
293.375		0.620872
293.5		0.620872
293.625		0.620872
293.75		0.620872
293.875		0.620872
294		0.620872
294.125		0.623423
294.25		0.623423
294.375		0.623423
294.5		0.623423
294.625		0.623423
294.75		0.623423
294.875		0.623423
295		0.623423
295.125		0.624284
295.25		0.624284
295.375		0.624284
295.5		0.624284
295.625		0.624284
295.75		0.624284
295.875		0.624284
296		0.624284
296.125		0.628398
296.25		0.628398
296.375		0.628398
296.5		0.628398
296.625		0.628398
296.75		0.628398
296.875		0.628398
297		0.628398
297.125		0.630448
297.25		0.630448
297.375		0.630448
297.5		0.630448
297.625		0.630448
297.75		0.630448
297.875		0.630448
298		0.630448
298.125		0.631119
298.25		0.631119
298.375		0.631119
298.5		0.631119
298.625		0.631119
298.75		0.631119
298.875		0.631119
299		0.631119
299.125		0.633455
299.25		0.633455
299.375		0.633455
299.5		0.633455
299.625		0.633455
299.75		0.633455
299.875		0.633455
300		0.633455
300.125		0.637043
300.25		0.637043
300.375		0.637043
300.5		0.637043
300.625		0.637043
300.75		0.637043
300.875		0.637043
301		0.637043
301.125		0.638902
301.25		0.638902
301.375		0.638902
301.5		0.638902
301.625		0.638902
301.75		0.638902
301.875		0.638902
302		0.638902
302.125		0.639529
302.25		0.639529
302.375		0.639529
302.5		0.639529
302.625		0.639529
302.75		0.639529
302.875		0.639529
303		0.639529
303.125		0.641216
303.25		0.641216
303.375		0.641216
303.5		0.641216
303.625		0.641216
303.75		0.641216
303.875		0.641216
304		0.641216
304.125		0.648086
304.25		0.648086
304.375		0.648086
304.5		0.648086
304.625		0.648086
304.75		0.648086
304.875		0.648086
305		0.648086
305.125		0.648647
305.25		0.648647
305.375		0.648647
305.5		0.648647
305.625		0.648647
305.75		0.648647
305.875		0.648647
306		0.648647
306.125		0.650572
306.25		0.650572
306.375		0.650572
306.5		0.650572
306.625		0.650572
306.75		0.650572
306.875		0.650572
307		0.650572
307.125		0.658527
307.25		0.658527
307.375		0.658527
307.5		0.658527
307.625		0.658527
307.75		0.658527
307.875		0.658527
308		0.658527
308.125		0.658982
308.25		0.658982
308.375		0.658982
308.5		0.658982
308.625		0.658982
308.75		0.658982
308.875		0.658982
309		0.658982
309.125		0.659349
309.25		0.659349
309.375		0.659349
309.5		0.659349
309.625		0.659349
309.75		0.659349
309.875		0.659349
310		0.659349
310.125		0.664159
310.25		0.664159
310.375		0.664159
310.5		0.664159
310.625		0.664159
310.75		0.664159
310.875		0.664159
311		0.664159
311.125		0.666749
311.25		0.666749
311.375		0.666749
311.5		0.666749
311.625		0.666749
311.75		0.666749
311.875		0.666749
312		0.666749
312.125		0.669496
312.25		0.669496
312.375		0.669496
312.5		0.669496
312.625		0.669496
312.75		0.669496
312.875		0.669496
313		0.669496
313.125		0.67026
313.25		0.67026
313.375		0.67026
313.5		0.67026
313.625		0.67026
313.75		0.67026
313.875		0.67026
314		0.67026
314.125		0.674287
314.25		0.674287
314.375		0.674287
314.5		0.674287
314.625		0.674287
314.75		0.674287
314.875		0.674287
315		0.674287
315.125		0.676861
315.25		0.676861
315.375		0.676861
315.5		0.676861
315.625		0.676861
315.75		0.676861
315.875		0.676861
316		0.676861
316.125		0.677329
316.25		0.677329
316.375		0.677329
316.5		0.677329
316.625		0.677329
316.75		0.677329
316.875		0.677329
317		0.677329
317.125		0.678692
317.25		0.678692
317.375		0.678692
317.5		0.678692
317.625		0.678692
317.75		0.678692
317.875		0.678692
318		0.678692
318.125		0.684294
318.25		0.684294
318.375		0.684294
318.5		0.684294
318.625		0.684294
318.75		0.684294
318.875		0.684294
319		0.684294
319.125		0.684556
319.25		0.684556
319.375		0.684556
319.5		0.684556
319.625		0.684556
319.75		0.684556
319.875		0.684556
320		0.684556
320.125		0.685051
320.25		0.685051
320.375		0.685051
320.5		0.685051
320.625		0.685051
320.75		0.685051
320.875		0.685051
321		0.685051
321.125		0.688604
321.25		0.688604
321.375		0.688604
321.5		0.688604
321.625		0.688604
321.75		0.688604
321.875		0.688604
322		0.688604
322.125		0.691756
322.25		0.691756
322.375		0.691756
322.5		0.691756
322.625		0.691756
322.75		0.691756
322.875		0.691756
323		0.691756
323.125		0.694163
323.25		0.694163
323.375		0.694163
323.5		0.694163
323.625		0.694163
323.75		0.694163
323.875		0.694163
324		0.694163
324.125		0.694759
324.25		0.694759
324.375		0.694759
324.5		0.694759
324.625		0.694759
324.75		0.694759
324.875		0.694759
325		0.694759
325.125		0.696178
325.25		0.696178
325.375		0.696178
325.5		0.696178
325.625		0.696178
325.75		0.696178
325.875		0.696178
326		0.696178
326.125		0.697423
326.25		0.697423
326.375		0.697423
326.5		0.697423
326.625		0.697423
326.75		0.697423
326.875		0.697423
327		0.697423
327.125		0.701499
327.25		0.701499
327.375		0.701499
327.5		0.701499
327.625		0.701499
327.75		0.701499
327.875		0.701499
328		0.701499
328.125		0.705137
328.25		0.705137
328.375		0.705137
328.5		0.705137
328.625		0.705137
328.75		0.705137
328.875		0.705137
329		0.705137
329.125		0.706441
329.25		0.706441
329.375		0.706441
329.5		0.706441
329.625		0.706441
329.75		0.706441
329.875		0.706441
330		0.706441
330.125		0.707622
330.25		0.707622
330.375		0.707622
330.5		0.707622
330.625		0.707622
330.75		0.707622
330.875		0.707622
331		0.707622
331.125		0.708592
331.25		0.708592
331.375		0.708592
331.5		0.708592
331.625		0.708592
331.75		0.708592
331.875		0.708592
332		0.708592
332.125		0.713716
332.25		0.713716
332.375		0.713716
332.5		0.713716
332.625		0.713716
332.75		0.713716
332.875		0.713716
333		0.713716
333.125		0.714365
333.25		0.714365
333.375		0.714365
333.5		0.714365
333.625		0.714365
333.75		0.714365
333.875		0.714365
334		0.714365
334.125		0.716144
334.25		0.716144
334.375		0.716144
334.5		0.716144
334.625		0.716144
334.75		0.716144
334.875		0.716144
335		0.716144
335.125		0.717759
335.25		0.717759
335.375		0.717759
335.5		0.717759
335.625		0.717759
335.75		0.717759
335.875		0.717759
336		0.717759
336.125		0.721271
336.25		0.721271
336.375		0.721271
336.5		0.721271
336.625		0.721271
336.75		0.721271
336.875		0.721271
337		0.721271
337.125		0.721843
337.25		0.721843
337.375		0.721843
337.5		0.721843
337.625		0.721843
337.75		0.721843
337.875		0.721843
338		0.721843
338.125		0.723544
338.25		0.723544
338.375		0.723544
338.5		0.723544
338.625		0.723544
338.75		0.723544
338.875		0.723544
339		0.723544
339.125		0.724993
339.25		0.724993
339.375		0.724993
339.5		0.724993
339.625		0.724993
339.75		0.724993
339.875		0.724993
340		0.724993
340.125		0.729238
340.25		0.729238
340.375		0.729238
340.5		0.729238
340.625		0.729238
340.75		0.729238
340.875		0.729238
341		0.729238
341.125		0.731606
341.25		0.731606
341.375		0.731606
341.5		0.731606
341.625		0.731606
341.75		0.731606
341.875		0.731606
342		0.731606
342.125		0.733072
342.25		0.733072
342.375		0.733072
342.5		0.733072
342.625		0.733072
342.75		0.733072
342.875		0.733072
343		0.733072
343.125		0.737125
343.25		0.737125
343.375		0.737125
343.5		0.737125
343.625		0.737125
343.75		0.737125
343.875		0.737125
344		0.737125
344.125		0.740576
344.25		0.740576
344.375		0.740576
344.5		0.740576
344.625		0.740576
344.75		0.740576
344.875		0.740576
345		0.740576
345.125		0.742037
345.25		0.742037
345.375		0.742037
345.5		0.742037
345.625		0.742037
345.75		0.742037
345.875		0.742037
346		0.742037
346.125		0.74618
346.25		0.74618
346.375		0.74618
346.5		0.74618
346.625		0.74618
346.75		0.74618
346.875		0.74618
347		0.74618
347.125		0.746721
347.25		0.746721
347.375		0.746721
347.5		0.746721
347.625		0.746721
347.75		0.746721
347.875		0.746721
348		0.746721
348.125		0.749389
348.25		0.749389
348.375		0.749389
348.5		0.749389
348.625		0.749389
348.75		0.749389
348.875		0.749389
349		0.749389
349.125		0.750754
349.25		0.750754
349.375		0.750754
349.5		0.750754
349.625		0.750754
349.75		0.750754
349.875		0.750754
350		0.750754
350.125		0.755551
350.25		0.755551
350.375		0.755551
350.5		0.755551
350.625		0.755551
350.75		0.755551
350.875		0.755551
351		0.755551
351.125		0.755551
351.25		0.755551
351.375		0.755551
351.5		0.755551
351.625		0.755551
351.75		0.755551
351.875		0.755551
352		0.755551
352.125		0.756544
352.25		0.756544
352.375		0.756544
352.5		0.756544
352.625		0.756544
352.75		0.756544
352.875		0.756544
353		0.756544
353.125		0.756985
353.25		0.756985
353.375		0.756985
353.5		0.756985
353.625		0.756985
353.75		0.756985
353.875		0.756985
354		0.756985
354.125		0.759502
354.25		0.759502
354.375		0.759502
354.5		0.759502
354.625		0.759502
354.75		0.759502
354.875		0.759502
355		0.759502
355.125		0.760575
355.25		0.760575
355.375		0.760575
355.5		0.760575
355.625		0.760575
355.75		0.760575
355.875		0.760575
356		0.760575
356.125		0.767235
356.25		0.767235
356.375		0.767235
356.5		0.767235
356.625		0.767235
356.75		0.767235
356.875		0.767235
357		0.767235
357.125		0.767807
357.25		0.767807
357.375		0.767807
357.5		0.767807
357.625		0.767807
357.75		0.767807
357.875		0.767807
358		0.767807
358.125		0.769646
358.25		0.769646
358.375		0.769646
358.5		0.769646
358.625		0.769646
358.75		0.769646
358.875		0.769646
359		0.769646
359.125		0.770918
359.25		0.770918
359.375		0.770918
359.5		0.770918
359.625		0.770918
359.75		0.770918
359.875		0.770918
360		0.770918
360.125		0.775254
360.25		0.775254
360.375		0.775254
360.5		0.775254
360.625		0.775254
360.75		0.775254
360.875		0.775254
361		0.775254
361.125		0.77582
361.25		0.77582
361.375		0.77582
361.5		0.77582
361.625		0.77582
361.75		0.77582
361.875		0.77582
362		0.77582
362.125		0.778361
362.25		0.778361
362.375		0.778361
362.5		0.778361
362.625		0.778361
362.75		0.778361
362.875		0.778361
363		0.778361
363.125		0.780533
363.25		0.780533
363.375		0.780533
363.5		0.780533
363.625		0.780533
363.75		0.780533
363.875		0.780533
364		0.780533
364.125		0.781342
364.25		0.781342
364.375		0.781342
364.5		0.781342
364.625		0.781342
364.75		0.781342
364.875		0.781342
365		0.781342
365.125		0.786004
365.25		0.786004
365.375		0.786004
365.5		0.786004
365.625		0.786004
365.75		0.786004
365.875		0.786004
366		0.786004
366.125		0.787205
366.25		0.787205
366.375		0.787205
366.5		0.787205
366.625		0.787205
366.75		0.787205
366.875		0.787205
367		0.787205
367.125		0.788786
367.25		0.788786
367.375		0.788786
367.5		0.788786
367.625		0.788786
367.75		0.788786
367.875		0.788786
368		0.788786
368.125		0.794166
368.25		0.794166
368.375		0.794166
368.5		0.794166
368.625		0.794166
368.75		0.794166
368.875		0.794166
369		0.794166
369.125		0.794302
369.25		0.794302
369.375		0.794302
369.5		0.794302
369.625		0.794302
369.75		0.794302
369.875		0.794302
370		0.794302
370.125		0.798293
370.25		0.798293
370.375		0.798293
370.5		0.798293
370.625		0.798293
370.75		0.798293
370.875		0.798293
371		0.798293
371.125		0.799113
371.25		0.799113
371.375		0.799113
371.5		0.799113
371.625		0.799113
371.75		0.799113
371.875		0.799113
372		0.799113
372.125		0.804464
372.25		0.804464
372.375		0.804464
372.5		0.804464
372.625		0.804464
372.75		0.804464
372.875		0.804464
373		0.804464
373.125		0.807264
373.25		0.807264
373.375		0.807264
373.5		0.807264
373.625		0.807264
373.75		0.807264
373.875		0.807264
374		0.807264
374.125		0.808943
374.25		0.808943
374.375		0.808943
374.5		0.808943
374.625		0.808943
374.75		0.808943
374.875		0.808943
375		0.808943
375.125		0.810368
375.25		0.810368
375.375		0.810368
375.5		0.810368
375.625		0.810368
375.75		0.810368
375.875		0.810368
376		0.810368
376.125		0.816814
376.25		0.816814
376.375		0.816814
376.5		0.816814
376.625		0.816814
376.75		0.816814
376.875		0.816814
377		0.816814
377.125		0.818415
377.25		0.818415
377.375		0.818415
377.5		0.818415
377.625		0.818415
377.75		0.818415
377.875		0.818415
378		0.818415
378.125		0.818615
378.25		0.818615
378.375		0.818615
378.5		0.818615
378.625		0.818615
378.75		0.818615
378.875		0.818615
379		0.818615
379.125		0.818826
379.25		0.818826
379.375		0.818826
379.5		0.818826
379.625		0.818826
379.75		0.818826
379.875		0.818826
380		0.818826
380.125		0.827255
380.25		0.827255
380.375		0.827255
380.5		0.827255
380.625		0.827255
380.75		0.827255
380.875		0.827255
381		0.827255
381.125		0.827536
381.25		0.827536
381.375		0.827536
381.5		0.827536
381.625		0.827536
381.75		0.827536
381.875		0.827536
382		0.827536
382.125		0.829147
382.25		0.829147
382.375		0.829147
382.5		0.829147
382.625		0.829147
382.75		0.829147
382.875		0.829147
383		0.829147
383.125		0.830942
383.25		0.830942
383.375		0.830942
383.5		0.830942
383.625		0.830942
383.75		0.830942
383.875		0.830942
384		0.830942
384.125		0.832598
384.25		0.832598
384.375		0.832598
384.5		0.832598
384.625		0.832598
384.75		0.832598
384.875		0.832598
385		0.832598
385.125		0.837384
385.25		0.837384
385.375		0.837384
385.5		0.837384
385.625		0.837384
385.75		0.837384
385.875		0.837384
386		0.837384
386.125		0.838597
386.25		0.838597
386.375		0.838597
386.5		0.838597
386.625		0.838597
386.75		0.838597
386.875		0.838597
387		0.838597
387.125		0.83935
387.25		0.83935
387.375		0.83935
387.5		0.83935
387.625		0.83935
387.75		0.83935
387.875		0.83935
388		0.83935
388.125		0.844002
388.25		0.844002
388.375		0.844002
388.5		0.844002
388.625		0.844002
388.75		0.844002
388.875		0.844002
389		0.844002
389.125		0.845033
389.25		0.845033
389.375		0.845033
389.5		0.845033
389.625		0.845033
389.75		0.845033
389.875		0.845033
390		0.845033
390.125		0.846342
390.25		0.846342
390.375		0.846342
390.5		0.846342
390.625		0.846342
390.75		0.846342
390.875		0.846342
391		0.846342
391.125		0.850121
391.25		0.850121
391.375		0.850121
391.5		0.850121
391.625		0.850121
391.75		0.850121
391.875		0.850121
392		0.850121
392.125		0.851175
392.25		0.851175
392.375		0.851175
392.5		0.851175
392.625		0.851175
392.75		0.851175
392.875		0.851175
393		0.851175
393.125		0.853234
393.25		0.853234
393.375		0.853234
393.5		0.853234
393.625		0.853234
393.75		0.853234
393.875		0.853234
394		0.853234
394.125		0.854605
394.25		0.854605
394.375		0.854605
394.5		0.854605
394.625		0.854605
394.75		0.854605
394.875		0.854605
395		0.854605
395.125		0.856052
395.25		0.856052
395.375		0.856052
395.5		0.856052
395.625		0.856052
395.75		0.856052
395.875		0.856052
396		0.856052
396.125		0.859487
396.25		0.859487
396.375		0.859487
396.5		0.859487
396.625		0.859487
396.75		0.859487
396.875		0.859487
397		0.859487
397.125		0.863001
397.25		0.863001
397.375		0.863001
397.5		0.863001
397.625		0.863001
397.75		0.863001
397.875		0.863001
398		0.863001
398.125		0.863284
398.25		0.863284
398.375		0.863284
398.5		0.863284
398.625		0.863284
398.75		0.863284
398.875		0.863284
399		0.863284
399.125		0.866432
399.25		0.866432
399.375		0.866432
399.5		0.866432
399.625		0.866432
399.75		0.866432
399.875		0.866432
400		0.866432
400.125		0.868676
400.25		0.868676
400.375		0.868676
400.5		0.868676
400.625		0.868676
400.75		0.868676
400.875		0.868676
401		0.868676
401.125		0.869964
401.25		0.869964
401.375		0.869964
401.5		0.869964
401.625		0.869964
401.75		0.869964
401.875		0.869964
402		0.869964
402.125		0.872826
402.25		0.872826
402.375		0.872826
402.5		0.872826
402.625		0.872826
402.75		0.872826
402.875		0.872826
403		0.872826
403.125		0.876236
403.25		0.876236
403.375		0.876236
403.5		0.876236
403.625		0.876236
403.75		0.876236
403.875		0.876236
404		0.876236
404.125		0.877097
404.25		0.877097
404.375		0.877097
404.5		0.877097
404.625		0.877097
404.75		0.877097
404.875		0.877097
405		0.877097
405.125		0.879449
405.25		0.879449
405.375		0.879449
405.5		0.879449
405.625		0.879449
405.75		0.879449
405.875		0.879449
406		0.879449
406.125		0.880723
406.25		0.880723
406.375		0.880723
406.5		0.880723
406.625		0.880723
406.75		0.880723
406.875		0.880723
407		0.880723
407.125		0.883787
407.25		0.883787
407.375		0.883787
407.5		0.883787
407.625		0.883787
407.75		0.883787
407.875		0.883787
408		0.883787
408.125		0.885071
408.25		0.885071
408.375		0.885071
408.5		0.885071
408.625		0.885071
408.75		0.885071
408.875		0.885071
409		0.885071
409.125		0.887426
409.25		0.887426
409.375		0.887426
409.5		0.887426
409.625		0.887426
409.75		0.887426
409.875		0.887426
410		0.887426
410.125		0.889379
410.25		0.889379
410.375		0.889379
410.5		0.889379
410.625		0.889379
410.75		0.889379
410.875		0.889379
411		0.889379
411.125		0.889589
411.25		0.889589
411.375		0.889589
411.5		0.889589
411.625		0.889589
411.75		0.889589
411.875		0.889589
412		0.889589
412.125		0.89537
412.25		0.89537
412.375		0.89537
412.5		0.89537
412.625		0.89537
412.75		0.89537
412.875		0.89537
413		0.89537
413.125		0.896613
413.25		0.896613
413.375		0.896613
413.5		0.896613
413.625		0.896613
413.75		0.896613
413.875		0.896613
414		0.896613
414.125		0.898186
414.25		0.898186
414.375		0.898186
414.5		0.898186
414.625		0.898186
414.75		0.898186
414.875		0.898186
415		0.898186
415.125		0.900331
415.25		0.900331
415.375		0.900331
415.5		0.900331
415.625		0.900331
415.75		0.900331
415.875		0.900331
416		0.900331
416.125		0.904787
416.25		0.904787
416.375		0.904787
416.5		0.904787
416.625		0.904787
416.75		0.904787
416.875		0.904787
417		0.904787
417.125		0.907261
417.25		0.907261
417.375		0.907261
417.5		0.907261
417.625		0.907261
417.75		0.907261
417.875		0.907261
418		0.907261
418.125		0.907591
418.25		0.907591
418.375		0.907591
418.5		0.907591
418.625		0.907591
418.75		0.907591
418.875		0.907591
419		0.907591
419.125		0.90988
419.25		0.90988
419.375		0.90988
419.5		0.90988
419.625		0.90988
419.75		0.90988
419.875		0.90988
420		0.90988
420.125		0.913396
420.25		0.913396
420.375		0.913396
420.5		0.913396
420.625		0.913396
420.75		0.913396
420.875		0.913396
421		0.913396
421.125		0.913958
421.25		0.913958
421.375		0.913958
421.5		0.913958
421.625		0.913958
421.75		0.913958
421.875		0.913958
422		0.913958
422.125		0.915547
422.25		0.915547
422.375		0.915547
422.5		0.915547
422.625		0.915547
422.75		0.915547
422.875		0.915547
423		0.915547
423.125		0.916097
423.25		0.916097
423.375		0.916097
423.5		0.916097
423.625		0.916097
423.75		0.916097
423.875		0.916097
424		0.916097
424.125		0.919452
424.25		0.919452
424.375		0.919452
424.5		0.919452
424.625		0.919452
424.75		0.919452
424.875		0.919452
425		0.919452
425.125		0.923318
425.25		0.923318
425.375		0.923318
425.5		0.923318
425.625		0.923318
425.75		0.923318
425.875		0.923318
426		0.923318
426.125		0.924961
426.25		0.924961
426.375		0.924961
426.5		0.924961
426.625		0.924961
426.75		0.924961
426.875		0.924961
427		0.924961
427.125		0.927195
427.25		0.927195
427.375		0.927195
427.5		0.927195
427.625		0.927195
427.75		0.927195
427.875		0.927195
428		0.927195
428.125		0.929274
428.25		0.929274
428.375		0.929274
428.5		0.929274
428.625		0.929274
428.75		0.929274
428.875		0.929274
429		0.929274
429.125		0.931755
429.25		0.931755
429.375		0.931755
429.5		0.931755
429.625		0.931755
429.75		0.931755
429.875		0.931755
430		0.931755
430.125		0.93289
430.25		0.93289
430.375		0.93289
430.5		0.93289
430.625		0.93289
430.75		0.93289
430.875		0.93289
431		0.93289
431.125		0.935391
431.25		0.935391
431.375		0.935391
431.5		0.935391
431.625		0.935391
431.75		0.935391
431.875		0.935391
432		0.935391
432.125		0.937829
432.25		0.937829
432.375		0.937829
432.5		0.937829
432.625		0.937829
432.75		0.937829
432.875		0.937829
433		0.937829
433.125		0.939117
433.25		0.939117
433.375		0.939117
433.5		0.939117
433.625		0.939117
433.75		0.939117
433.875		0.939117
434		0.939117
434.125		0.941532
434.25		0.941532
434.375		0.941532
434.5		0.941532
434.625		0.941532
434.75		0.941532
434.875		0.941532
435		0.941532
435.125		0.943136
435.25		0.943136
435.375		0.943136
435.5		0.943136
435.625		0.943136
435.75		0.943136
435.875		0.943136
436		0.943136
436.125		0.944536
436.25		0.944536
436.375		0.944536
436.5		0.944536
436.625		0.944536
436.75		0.944536
436.875		0.944536
437		0.944536
437.125		0.947952
437.25		0.947952
437.375		0.947952
437.5		0.947952
437.625		0.947952
437.75		0.947952
437.875		0.947952
438		0.947952
438.125		0.950545
438.25		0.950545
438.375		0.950545
438.5		0.950545
438.625		0.950545
438.75		0.950545
438.875		0.950545
439		0.950545
439.125		0.952635
439.25		0.952635
439.375		0.952635
439.5		0.952635
439.625		0.952635
439.75		0.952635
439.875		0.952635
440		0.952635
440.125		0.953951
440.25		0.953951
440.375		0.953951
440.5		0.953951
440.625		0.953951
440.75		0.953951
440.875		0.953951
441		0.953951
441.125		0.956623
441.25		0.956623
441.375		0.956623
441.5		0.956623
441.625		0.956623
441.75		0.956623
441.875		0.956623
442		0.956623
442.125		0.958546
442.25		0.958546
442.375		0.958546
442.5		0.958546
442.625		0.958546
442.75		0.958546
442.875		0.958546
443		0.958546
443.125		0.960803
443.25		0.960803
443.375		0.960803
443.5		0.960803
443.625		0.960803
443.75		0.960803
443.875		0.960803
444		0.960803
444.125		0.962282
444.25		0.962282
444.375		0.962282
444.5		0.962282
444.625		0.962282
444.75		0.962282
444.875		0.962282
445		0.962282
445.125		0.963124
445.25		0.963124
445.375		0.963124
445.5		0.963124
445.625		0.963124
445.75		0.963124
445.875		0.963124
446		0.963124
446.125		0.967186
446.25		0.967186
446.375		0.967186
446.5		0.967186
446.625		0.967186
446.75		0.967186
446.875		0.967186
447		0.967186
447.125		0.967951
447.25		0.967951
447.375		0.967951
447.5		0.967951
447.625		0.967951
447.75		0.967951
447.875		0.967951
448		0.967951
448.125		0.969868
448.25		0.969868
448.375		0.969868
448.5		0.969868
448.625		0.969868
448.75		0.969868
448.875		0.969868
449		0.969868
449.125		0.970224
449.25		0.970224
449.375		0.970224
449.5		0.970224
449.625		0.970224
449.75		0.970224
449.875		0.970224
450		0.970224
450.125		0.970926
450.25		0.970926
450.375		0.970926
450.5		0.970926
450.625		0.970926
450.75		0.970926
450.875		0.970926
451		0.970926
451.125		0.975706
451.25		0.975706
451.375		0.975706
451.5		0.975706
451.625		0.975706
451.75		0.975706
451.875		0.975706
452		0.975706
452.125		0.977853
452.25		0.977853
452.375		0.977853
452.5		0.977853
452.625		0.977853
452.75		0.977853
452.875		0.977853
453		0.977853
453.125		0.982488
453.25		0.982488
453.375		0.982488
453.5		0.982488
453.625		0.982488
453.75		0.982488
453.875		0.982488
454		0.982488
454.125		0.98284
454.25		0.98284
454.375		0.98284
454.5		0.98284
454.625		0.98284
454.75		0.98284
454.875		0.98284
455		0.98284
455.125		0.983562
455.25		0.983562
455.375		0.983562
455.5		0.983562
455.625		0.983562
455.75		0.983562
455.875		0.983562
456		0.983562
456.125		0.98692
456.25		0.98692
456.375		0.98692
456.5		0.98692
456.625		0.98692
456.75		0.98692
456.875		0.98692
457		0.98692
457.125		0.989107
457.25		0.989107
457.375		0.989107
457.5		0.989107
457.625		0.989107
457.75		0.989107
457.875		0.989107
458		0.989107
458.125		0.989649
458.25		0.989649
458.375		0.989649
458.5		0.989649
458.625		0.989649
458.75		0.989649
458.875		0.989649
459		0.989649
459.125		0.99439
459.25		0.99439
459.375		0.99439
459.5		0.99439
459.625		0.99439
459.75		0.99439
459.875		0.99439
460		0.99439
460.125		0.995892
460.25		0.995892
460.375		0.995892
460.5		0.995892
460.625		0.995892
460.75		0.995892
460.875		0.995892
461		0.995892
461.125		0.997119
461.25		0.997119
461.375		0.997119
461.5		0.997119
461.625		0.997119
461.75		0.997119
461.875		0.997119
462		0.997119
462.125		0.998028
462.25		0.998028
462.375		0.998028
462.5		0.998028
462.625		0.998028
462.75		0.998028
462.875		0.998028
463		0.998028
463.125		0.999823
463.25		0.999823
463.375		0.999823
463.5		0.999823
463.625		0.999823
463.75		0.999823
463.875		0.999823
464		0.999823
464.125		0.999994
464.25		0.999994
464.375		0.999994
464.5		0.999994
464.625		0.999994
464.75		0.999994
464.875		0.999994
465		0.999994
465.125		0.999998
465.25		0.999998
465.375		0.999998
465.5		0.999998
465.625		0.999998
465.75		0.999998
465.875		0.999998
466		0.999998
466.125		0.999998
466.25		0.999998
466.375		0.999998
466.5		0.999998
466.625		0.999998
466.75		0.999998
466.875		0.999998
467		0.999998
467.125		0.999998
467.25		0.999998
467.375		0.999998
467.5		0.999998
467.625		0.999998
467.75		0.999998
467.875		0.999998
468		0.999998
468.125		1
468.25		1
468.375		1
468.5		1
468.625		1
468.75		1
468.875		1
469		1
469.125		1
469.25		1
469.375		1
469.5		1
469.625		1
469.75		1
469.875		1
470		1
470.125		1
470.25		1
470.375		1
470.5		1
470.625		1
470.75		1
470.875		1
471		1
471.125		1
471.25		1
471.375		1
471.5		1
471.625		1
471.75		1
471.875		1
472		1
472.125		1
472.25		1
472.375		1
472.5		1
472.625		1
472.75		1
472.875		1
473		1
473.125		1
473.25		1
473.375		1
473.5		1
473.625		1
473.75		1
473.875		1
474		1
474.125		1
474.25		1
474.375		1
474.5		1
474.625		1
474.75		1
474.875		1
475		1
475.125		1
475.25		1
475.375		1
475.5		1
475.625		1
475.75		1
475.875		1
476		1
476.125		1
476.25		1
476.375		1
476.5		1
476.625		1
476.75		1
476.875		1
477		1
477.125		1
477.25		1
477.375		1
477.5		1
477.625		1
477.75		1
477.875		1
478		1
478.125		1
478.25		1
478.375		1
478.5		1
478.625		1
478.75		1
478.875		1
479		1
479.125		1
479.25		1
479.375		1
479.5		1
479.625		1
479.75		1
479.875		1
480		1
480.125		1
480.25		1
480.375		1
480.5		1
480.625		1
480.75		1
480.875		1
481		1
481.125		1
481.25		1
481.375		1
481.5		1
481.625		1
481.75		1
481.875		1
482		1
482.125		1
482.25		1
482.375		1
482.5		1
482.625		1
482.75		1
482.875		1
483		1
483.125		1
483.25		1
483.375		1
483.5		1
483.625		1
483.75		1
483.875		1
484		1
484.125		1
484.25		1
484.375		1
484.5		1
484.625		1
484.75		1
484.875		1
485		1
485.125		1
485.25		1
485.375		1
485.5		1
485.625		1
485.75		1
485.875		1
486		1
486.125		1
486.25		1
486.375		1
486.5		1
486.625		1
486.75		1
486.875		1
487		1
487.125		1
487.25		1
487.375		1
487.5		1
487.625		1
487.75		1
487.875		1
488		1
488.125		1
488.25		1
488.375		1
488.5		1
488.625		1
488.75		1
488.875		1
489		1
489.125		1
489.25		1
489.375		1
489.5		1
489.625		1
489.75		1
489.875		1
490		1
490.125		1
490.25		1
490.375		1
490.5		1
490.625		1
490.75		1
490.875		1
491		1
491.125		1
491.25		1
491.375		1
491.5		1
491.625		1
491.75		1
491.875		1
492		1
492.125		1
492.25		1
492.375		1
492.5		1
492.625		1
492.75		1
492.875		1
493		1
493.125		1
493.25		1
493.375		1
493.5		1
493.625		1
493.75		1
493.875		1
494		1
494.125		1
494.25		1
494.375		1
494.5		1
494.625		1
494.75		1
494.875		1
495		1
495.125		1
495.25		1
495.375		1
495.5		1
495.625		1
495.75		1
495.875		1
496		1
496.125		1
496.25		1
496.375		1
496.5		1
496.625		1
496.75		1
496.875		1
497		1
497.125		1
497.25		1
497.375		1
497.5		1
497.625		1
497.75		1
497.875		1
498		1
498.125		1
498.25		1
498.375		1
498.5		1
498.625		1
498.75		1
498.875		1
499		1
499.125		1
499.25		1
499.375		1
499.5		1
499.625		1
499.75		1
499.875		1
500		1
