# Calibration file of tamex_id 1 @ channel 9
# fine_T bin		 Calibration value
0.125		0
0.25		0
0.375		0
0.5		0
0.625		0
0.75		0
0.875		0
1		0
1.125		0
1.25		0
1.375		0
1.5		0
1.625		0
1.75		0
1.875		0
2		0
2.125		0
2.25		0
2.375		0
2.5		0
2.625		0
2.75		0
2.875		0
3		0
3.125		0
3.25		0
3.375		0
3.5		0
3.625		0
3.75		0
3.875		0
4		0
4.125		0
4.25		0
4.375		0
4.5		0
4.625		0
4.75		0
4.875		0
5		0
5.125		0
5.25		0
5.375		0
5.5		0
5.625		0
5.75		0
5.875		0
6		0
6.125		0
6.25		0
6.375		0
6.5		0
6.625		0
6.75		0
6.875		0
7		0
7.125		0
7.25		0
7.375		0
7.5		0
7.625		0
7.75		0
7.875		0
8		0
8.125		0
8.25		0
8.375		0
8.5		0
8.625		0
8.75		0
8.875		0
9		0
9.125		0
9.25		0
9.375		0
9.5		0
9.625		0
9.75		0
9.875		0
10		0
10.125		0
10.25		0
10.375		0
10.5		0
10.625		0
10.75		0
10.875		0
11		0
11.125		0
11.25		0
11.375		0
11.5		0
11.625		0
11.75		0
11.875		0
12		0
12.125		0
12.25		0
12.375		0
12.5		0
12.625		0
12.75		0
12.875		0
13		0
13.125		0
13.25		0
13.375		0
13.5		0
13.625		0
13.75		0
13.875		0
14		0
14.125		0
14.25		0
14.375		0
14.5		0
14.625		0
14.75		0
14.875		0
15		0
15.125		0
15.25		0
15.375		0
15.5		0
15.625		0
15.75		0
15.875		0
16		0
16.125		0
16.25		0
16.375		0
16.5		0
16.625		0
16.75		0
16.875		0
17		0
17.125		0.00497698
17.25		0.00497698
17.375		0.00497698
17.5		0.00497698
17.625		0.00497698
17.75		0.00497698
17.875		0.00497698
18		0.00497698
18.125		0.0106438
18.25		0.0106438
18.375		0.0106438
18.5		0.0106438
18.625		0.0106438
18.75		0.0106438
18.875		0.0106438
19		0.0106438
19.125		0.0123769
19.25		0.0123769
19.375		0.0123769
19.5		0.0123769
19.625		0.0123769
19.75		0.0123769
19.875		0.0123769
20		0.0123769
20.125		0.0164441
20.25		0.0164441
20.375		0.0164441
20.5		0.0164441
20.625		0.0164441
20.75		0.0164441
20.875		0.0164441
21		0.0164441
21.125		0.0165974
21.25		0.0165974
21.375		0.0165974
21.5		0.0165974
21.625		0.0165974
21.75		0.0165974
21.875		0.0165974
22		0.0165974
22.125		0.0197893
22.25		0.0197893
22.375		0.0197893
22.5		0.0197893
22.625		0.0197893
22.75		0.0197893
22.875		0.0197893
23		0.0197893
23.125		0.0219304
23.25		0.0219304
23.375		0.0219304
23.5		0.0219304
23.625		0.0219304
23.75		0.0219304
23.875		0.0219304
24		0.0219304
24.125		0.0236561
24.25		0.0236561
24.375		0.0236561
24.5		0.0236561
24.625		0.0236561
24.75		0.0236561
24.875		0.0236561
25		0.0236561
25.125		0.0250605
25.25		0.0250605
25.375		0.0250605
25.5		0.0250605
25.625		0.0250605
25.75		0.0250605
25.875		0.0250605
26		0.0250605
26.125		0.0282697
26.25		0.0282697
26.375		0.0282697
26.5		0.0282697
26.625		0.0282697
26.75		0.0282697
26.875		0.0282697
27		0.0282697
27.125		0.0312835
27.25		0.0312835
27.375		0.0312835
27.5		0.0312835
27.625		0.0312835
27.75		0.0312835
27.875		0.0312835
28		0.0312835
28.125		0.0320401
28.25		0.0320401
28.375		0.0320401
28.5		0.0320401
28.625		0.0320401
28.75		0.0320401
28.875		0.0320401
29		0.0320401
29.125		0.0334617
29.25		0.0334617
29.375		0.0334617
29.5		0.0334617
29.625		0.0334617
29.75		0.0334617
29.875		0.0334617
30		0.0334617
30.125		0.0396551
30.25		0.0396551
30.375		0.0396551
30.5		0.0396551
30.625		0.0396551
30.75		0.0396551
30.875		0.0396551
31		0.0396551
31.125		0.0400829
31.25		0.0400829
31.375		0.0400829
31.5		0.0400829
31.625		0.0400829
31.75		0.0400829
31.875		0.0400829
32		0.0400829
32.125		0.0410249
32.25		0.0410249
32.375		0.0410249
32.5		0.0410249
32.625		0.0410249
32.75		0.0410249
32.875		0.0410249
33		0.0410249
33.125		0.0429781
33.25		0.0429781
33.375		0.0429781
33.5		0.0429781
33.625		0.0429781
33.75		0.0429781
33.875		0.0429781
34		0.0429781
34.125		0.0455939
34.25		0.0455939
34.375		0.0455939
34.5		0.0455939
34.625		0.0455939
34.75		0.0455939
34.875		0.0455939
35		0.0455939
35.125		0.047777
35.25		0.047777
35.375		0.047777
35.5		0.047777
35.625		0.047777
35.75		0.047777
35.875		0.047777
36		0.047777
36.125		0.0509442
36.25		0.0509442
36.375		0.0509442
36.5		0.0509442
36.625		0.0509442
36.75		0.0509442
36.875		0.0509442
37		0.0509442
37.125		0.0516217
37.25		0.0516217
37.375		0.0516217
37.5		0.0516217
37.625		0.0516217
37.75		0.0516217
37.875		0.0516217
38		0.0516217
38.125		0.0535328
38.25		0.0535328
38.375		0.0535328
38.5		0.0535328
38.625		0.0535328
38.75		0.0535328
38.875		0.0535328
39		0.0535328
39.125		0.0565171
39.25		0.0565171
39.375		0.0565171
39.5		0.0565171
39.625		0.0565171
39.75		0.0565171
39.875		0.0565171
40		0.0565171
40.125		0.0587942
40.25		0.0587942
40.375		0.0587942
40.5		0.0587942
40.625		0.0587942
40.75		0.0587942
40.875		0.0587942
41		0.0587942
41.125		0.0597806
41.25		0.0597806
41.375		0.0597806
41.5		0.0597806
41.625		0.0597806
41.75		0.0597806
41.875		0.0597806
42		0.0597806
42.125		0.0630418
42.25		0.0630418
42.375		0.0630418
42.5		0.0630418
42.625		0.0630418
42.75		0.0630418
42.875		0.0630418
43		0.0630418
43.125		0.0634497
43.25		0.0634497
43.375		0.0634497
43.5		0.0634497
43.625		0.0634497
43.75		0.0634497
43.875		0.0634497
44		0.0634497
44.125		0.0674254
44.25		0.0674254
44.375		0.0674254
44.5		0.0674254
44.625		0.0674254
44.75		0.0674254
44.875		0.0674254
45		0.0674254
45.125		0.068486
45.25		0.068486
45.375		0.068486
45.5		0.068486
45.625		0.068486
45.75		0.068486
45.875		0.068486
46		0.068486
46.125		0.071401
46.25		0.071401
46.375		0.071401
46.5		0.071401
46.625		0.071401
46.75		0.071401
46.875		0.071401
47		0.071401
47.125		0.0740811
47.25		0.0740811
47.375		0.0740811
47.5		0.0740811
47.625		0.0740811
47.75		0.0740811
47.875		0.0740811
48		0.0740811
48.125		0.0745039
48.25		0.0745039
48.375		0.0745039
48.5		0.0745039
48.625		0.0745039
48.75		0.0745039
48.875		0.0745039
49		0.0745039
49.125		0.0775178
49.25		0.0775178
49.375		0.0775178
49.5		0.0775178
49.625		0.0775178
49.75		0.0775178
49.875		0.0775178
50		0.0775178
50.125		0.0790161
50.25		0.0790161
50.375		0.0790161
50.5		0.0790161
50.625		0.0790161
50.75		0.0790161
50.875		0.0790161
51		0.0790161
51.125		0.0823934
51.25		0.0823934
51.375		0.0823934
51.5		0.0823934
51.625		0.0823934
51.75		0.0823934
51.875		0.0823934
52		0.0823934
52.125		0.0853628
52.25		0.0853628
52.375		0.0853628
52.5		0.0853628
52.625		0.0853628
52.75		0.0853628
52.875		0.0853628
53		0.0853628
53.125		0.0857015
53.25		0.0857015
53.375		0.0857015
53.5		0.0857015
53.625		0.0857015
53.75		0.0857015
53.875		0.0857015
54		0.0857015
54.125		0.0887871
54.25		0.0887871
54.375		0.0887871
54.5		0.0887871
54.625		0.0887871
54.75		0.0887871
54.875		0.0887871
55		0.0887871
55.125		0.0893013
55.25		0.0893013
55.375		0.0893013
55.5		0.0893013
55.625		0.0893013
55.75		0.0893013
55.875		0.0893013
56		0.0893013
56.125		0.0937245
56.25		0.0937245
56.375		0.0937245
56.5		0.0937245
56.625		0.0937245
56.75		0.0937245
56.875		0.0937245
57		0.0937245
57.125		0.0940904
57.25		0.0940904
57.375		0.0940904
57.5		0.0940904
57.625		0.0940904
57.75		0.0940904
57.875		0.0940904
58		0.0940904
58.125		0.0969337
58.25		0.0969337
58.375		0.0969337
58.5		0.0969337
58.625		0.0969337
58.75		0.0969337
58.875		0.0969337
59		0.0969337
59.125		0.0988746
59.25		0.0988746
59.375		0.0988746
59.5		0.0988746
59.625		0.0988746
59.75		0.0988746
59.875		0.0988746
60		0.0988746
60.125		0.103599
60.25		0.103599
60.375		0.103599
60.5		0.103599
60.625		0.103599
60.75		0.103599
60.875		0.103599
61		0.103599
61.125		0.104665
61.25		0.104665
61.375		0.104665
61.5		0.104665
61.625		0.104665
61.75		0.104665
61.875		0.104665
62		0.104665
62.125		0.106232
62.25		0.106232
62.375		0.106232
62.5		0.106232
62.625		0.106232
62.75		0.106232
62.875		0.106232
63		0.106232
63.125		0.106425
63.25		0.106425
63.375		0.106425
63.5		0.106425
63.625		0.106425
63.75		0.106425
63.875		0.106425
64		0.106425
64.125		0.111882
64.25		0.111882
64.375		0.111882
64.5		0.111882
64.625		0.111882
64.75		0.111882
64.875		0.111882
65		0.111882
65.125		0.112599
65.25		0.112599
65.375		0.112599
65.5		0.112599
65.625		0.112599
65.75		0.112599
65.875		0.112599
66		0.112599
66.125		0.115964
66.25		0.115964
66.375		0.115964
66.5		0.115964
66.625		0.115964
66.75		0.115964
66.875		0.115964
67		0.115964
67.125		0.116711
67.25		0.116711
67.375		0.116711
67.5		0.116711
67.625		0.116711
67.75		0.116711
67.875		0.116711
68		0.116711
68.125		0.119168
68.25		0.119168
68.375		0.119168
68.5		0.119168
68.625		0.119168
68.75		0.119168
68.875		0.119168
69		0.119168
69.125		0.123458
69.25		0.123458
69.375		0.123458
69.5		0.123458
69.625		0.123458
69.75		0.123458
69.875		0.123458
70		0.123458
70.125		0.123846
70.25		0.123846
70.375		0.123846
70.5		0.123846
70.625		0.123846
70.75		0.123846
70.875		0.123846
71		0.123846
71.125		0.124066
71.25		0.124066
71.375		0.124066
71.5		0.124066
71.625		0.124066
71.75		0.124066
71.875		0.124066
72		0.124066
72.125		0.128699
72.25		0.128699
72.375		0.128699
72.5		0.128699
72.625		0.128699
72.75		0.128699
72.875		0.128699
73		0.128699
73.125		0.131832
73.25		0.131832
73.375		0.131832
73.5		0.131832
73.625		0.131832
73.75		0.131832
73.875		0.131832
74		0.131832
74.125		0.134114
74.25		0.134114
74.375		0.134114
74.5		0.134114
74.625		0.134114
74.75		0.134114
74.875		0.134114
75		0.134114
75.125		0.13473
75.25		0.13473
75.375		0.13473
75.5		0.13473
75.625		0.13473
75.75		0.13473
75.875		0.13473
76		0.13473
76.125		0.137778
76.25		0.137778
76.375		0.137778
76.5		0.137778
76.625		0.137778
76.75		0.137778
76.875		0.137778
77		0.137778
77.125		0.139279
77.25		0.139279
77.375		0.139279
77.5		0.139279
77.625		0.139279
77.75		0.139279
77.875		0.139279
78		0.139279
78.125		0.139642
78.25		0.139642
78.375		0.139642
78.5		0.139642
78.625		0.139642
78.75		0.139642
78.875		0.139642
79		0.139642
79.125		0.144456
79.25		0.144456
79.375		0.144456
79.5		0.144456
79.625		0.144456
79.75		0.144456
79.875		0.144456
80		0.144456
80.125		0.147072
80.25		0.147072
80.375		0.147072
80.5		0.147072
80.625		0.147072
80.75		0.147072
80.875		0.147072
81		0.147072
81.125		0.148306
81.25		0.148306
81.375		0.148306
81.5		0.148306
81.625		0.148306
81.75		0.148306
81.875		0.148306
82		0.148306
82.125		0.149401
82.25		0.149401
82.375		0.149401
82.5		0.149401
82.625		0.149401
82.75		0.149401
82.875		0.149401
83		0.149401
83.125		0.150143
83.25		0.150143
83.375		0.150143
83.5		0.150143
83.625		0.150143
83.75		0.150143
83.875		0.150143
84		0.150143
84.125		0.151399
84.25		0.151399
84.375		0.151399
84.5		0.151399
84.625		0.151399
84.75		0.151399
84.875		0.151399
85		0.151399
85.125		0.157995
85.25		0.157995
85.375		0.157995
85.5		0.157995
85.625		0.157995
85.75		0.157995
85.875		0.157995
86		0.157995
86.125		0.160791
86.25		0.160791
86.375		0.160791
86.5		0.160791
86.625		0.160791
86.75		0.160791
86.875		0.160791
87		0.160791
87.125		0.161199
87.25		0.161199
87.375		0.161199
87.5		0.161199
87.625		0.161199
87.75		0.161199
87.875		0.161199
88		0.161199
88.125		0.162112
88.25		0.162112
88.375		0.162112
88.5		0.162112
88.625		0.162112
88.75		0.162112
88.875		0.162112
89		0.162112
89.125		0.162737
89.25		0.162737
89.375		0.162737
89.5		0.162737
89.625		0.162737
89.75		0.162737
89.875		0.162737
90		0.162737
90.125		0.16945
90.25		0.16945
90.375		0.16945
90.5		0.16945
90.625		0.16945
90.75		0.16945
90.875		0.16945
91		0.16945
91.125		0.169784
91.25		0.169784
91.375		0.169784
91.5		0.169784
91.625		0.169784
91.75		0.169784
91.875		0.169784
92		0.169784
92.125		0.171423
92.25		0.171423
92.375		0.171423
92.5		0.171423
92.625		0.171423
92.75		0.171423
92.875		0.171423
93		0.171423
93.125		0.173445
93.25		0.173445
93.375		0.173445
93.5		0.173445
93.625		0.173445
93.75		0.173445
93.875		0.173445
94		0.173445
94.125		0.177856
94.25		0.177856
94.375		0.177856
94.5		0.177856
94.625		0.177856
94.75		0.177856
94.875		0.177856
95		0.177856
95.125		0.179629
95.25		0.179629
95.375		0.179629
95.5		0.179629
95.625		0.179629
95.75		0.179629
95.875		0.179629
96		0.179629
96.125		0.181688
96.25		0.181688
96.375		0.181688
96.5		0.181688
96.625		0.181688
96.75		0.181688
96.875		0.181688
97		0.181688
97.125		0.182685
97.25		0.182685
97.375		0.182685
97.5		0.182685
97.625		0.182685
97.75		0.182685
97.875		0.182685
98		0.182685
98.125		0.187086
98.25		0.187086
98.375		0.187086
98.5		0.187086
98.625		0.187086
98.75		0.187086
98.875		0.187086
99		0.187086
99.125		0.188502
99.25		0.188502
99.375		0.188502
99.5		0.188502
99.625		0.188502
99.75		0.188502
99.875		0.188502
100		0.188502
100.125		0.189872
100.25		0.189872
100.375		0.189872
100.5		0.189872
100.625		0.189872
100.75		0.189872
100.875		0.189872
101		0.189872
101.125		0.192424
101.25		0.192424
101.375		0.192424
101.5		0.192424
101.625		0.192424
101.75		0.192424
101.875		0.192424
102		0.192424
102.125		0.19404
102.25		0.19404
102.375		0.19404
102.5		0.19404
102.625		0.19404
102.75		0.19404
102.875		0.19404
103		0.19404
103.125		0.199764
103.25		0.199764
103.375		0.199764
103.5		0.199764
103.625		0.199764
103.75		0.199764
103.875		0.199764
104		0.199764
104.125		0.199912
104.25		0.199912
104.375		0.199912
104.5		0.199912
104.625		0.199912
104.75		0.199912
104.875		0.199912
105		0.199912
105.125		0.200805
105.25		0.200805
105.375		0.200805
105.5		0.200805
105.625		0.200805
105.75		0.200805
105.875		0.200805
106		0.200805
106.125		0.201423
106.25		0.201423
106.375		0.201423
106.5		0.201423
106.625		0.201423
106.75		0.201423
106.875		0.201423
107		0.201423
107.125		0.205048
107.25		0.205048
107.375		0.205048
107.5		0.205048
107.625		0.205048
107.75		0.205048
107.875		0.205048
108		0.205048
108.125		0.207901
108.25		0.207901
108.375		0.207901
108.5		0.207901
108.625		0.207901
108.75		0.207901
108.875		0.207901
109		0.207901
109.125		0.209456
109.25		0.209456
109.375		0.209456
109.5		0.209456
109.625		0.209456
109.75		0.209456
109.875		0.209456
110		0.209456
110.125		0.210826
110.25		0.210826
110.375		0.210826
110.5		0.210826
110.625		0.210826
110.75		0.210826
110.875		0.210826
111		0.210826
111.125		0.211738
111.25		0.211738
111.375		0.211738
111.5		0.211738
111.625		0.211738
111.75		0.211738
111.875		0.211738
112		0.211738
112.125		0.218087
112.25		0.218087
112.375		0.218087
112.5		0.218087
112.625		0.218087
112.75		0.218087
112.875		0.218087
113		0.218087
113.125		0.219301
113.25		0.219301
113.375		0.219301
113.5		0.219301
113.625		0.219301
113.75		0.219301
113.875		0.219301
114		0.219301
114.125		0.220238
114.25		0.220238
114.375		0.220238
114.5		0.220238
114.625		0.220238
114.75		0.220238
114.875		0.220238
115		0.220238
115.125		0.221509
115.25		0.221509
115.375		0.221509
115.5		0.221509
115.625		0.221509
115.75		0.221509
115.875		0.221509
116		0.221509
116.125		0.225354
116.25		0.225354
116.375		0.225354
116.5		0.225354
116.625		0.225354
116.75		0.225354
116.875		0.225354
117		0.225354
117.125		0.226545
117.25		0.226545
117.375		0.226545
117.5		0.226545
117.625		0.226545
117.75		0.226545
117.875		0.226545
118		0.226545
118.125		0.229757
118.25		0.229757
118.375		0.229757
118.5		0.229757
118.625		0.229757
118.75		0.229757
118.875		0.229757
119		0.229757
119.125		0.231129
119.25		0.231129
119.375		0.231129
119.5		0.231129
119.625		0.231129
119.75		0.231129
119.875		0.231129
120		0.231129
120.125		0.234062
120.25		0.234062
120.375		0.234062
120.5		0.234062
120.625		0.234062
120.75		0.234062
120.875		0.234062
121		0.234062
121.125		0.236252
121.25		0.236252
121.375		0.236252
121.5		0.236252
121.625		0.236252
121.75		0.236252
121.875		0.236252
122		0.236252
122.125		0.236932
122.25		0.236932
122.375		0.236932
122.5		0.236932
122.625		0.236932
122.75		0.236932
122.875		0.236932
123		0.236932
123.125		0.237926
123.25		0.237926
123.375		0.237926
123.5		0.237926
123.625		0.237926
123.75		0.237926
123.875		0.237926
124		0.237926
124.125		0.243739
124.25		0.243739
124.375		0.243739
124.5		0.243739
124.625		0.243739
124.75		0.243739
124.875		0.243739
125		0.243739
125.125		0.246026
125.25		0.246026
125.375		0.246026
125.5		0.246026
125.625		0.246026
125.75		0.246026
125.875		0.246026
126		0.246026
126.125		0.247282
126.25		0.247282
126.375		0.247282
126.5		0.247282
126.625		0.247282
126.75		0.247282
126.875		0.247282
127		0.247282
127.125		0.249077
127.25		0.249077
127.375		0.249077
127.5		0.249077
127.625		0.249077
127.75		0.249077
127.875		0.249077
128		0.249077
128.125		0.250555
128.25		0.250555
128.375		0.250555
128.5		0.250555
128.625		0.250555
128.75		0.250555
128.875		0.250555
129		0.250555
129.125		0.255322
129.25		0.255322
129.375		0.255322
129.5		0.255322
129.625		0.255322
129.75		0.255322
129.875		0.255322
130		0.255322
130.125		0.257757
130.25		0.257757
130.375		0.257757
130.5		0.257757
130.625		0.257757
130.75		0.257757
130.875		0.257757
131		0.257757
131.125		0.259154
131.25		0.259154
131.375		0.259154
131.5		0.259154
131.625		0.259154
131.75		0.259154
131.875		0.259154
132		0.259154
132.125		0.260563
132.25		0.260563
132.375		0.260563
132.5		0.260563
132.625		0.260563
132.75		0.260563
132.875		0.260563
133		0.260563
133.125		0.261083
133.25		0.261083
133.375		0.261083
133.5		0.261083
133.625		0.261083
133.75		0.261083
133.875		0.261083
134		0.261083
134.125		0.266965
134.25		0.266965
134.375		0.266965
134.5		0.266965
134.625		0.266965
134.75		0.266965
134.875		0.266965
135		0.266965
135.125		0.267899
135.25		0.267899
135.375		0.267899
135.5		0.267899
135.625		0.267899
135.75		0.267899
135.875		0.267899
136		0.267899
136.125		0.268245
136.25		0.268245
136.375		0.268245
136.5		0.268245
136.625		0.268245
136.75		0.268245
136.875		0.268245
137		0.268245
137.125		0.269865
137.25		0.269865
137.375		0.269865
137.5		0.269865
137.625		0.269865
137.75		0.269865
137.875		0.269865
138		0.269865
138.125		0.27592
138.25		0.27592
138.375		0.27592
138.5		0.27592
138.625		0.27592
138.75		0.27592
138.875		0.27592
139		0.27592
139.125		0.277314
139.25		0.277314
139.375		0.277314
139.5		0.277314
139.625		0.277314
139.75		0.277314
139.875		0.277314
140		0.277314
140.125		0.278034
140.25		0.278034
140.375		0.278034
140.5		0.278034
140.625		0.278034
140.75		0.278034
140.875		0.278034
141		0.278034
141.125		0.281527
141.25		0.281527
141.375		0.281527
141.5		0.281527
141.625		0.281527
141.75		0.281527
141.875		0.281527
142		0.281527
142.125		0.283777
142.25		0.283777
142.375		0.283777
142.5		0.283777
142.625		0.283777
142.75		0.283777
142.875		0.283777
143		0.283777
143.125		0.284556
143.25		0.284556
143.375		0.284556
143.5		0.284556
143.625		0.284556
143.75		0.284556
143.875		0.284556
144		0.284556
144.125		0.287498
144.25		0.287498
144.375		0.287498
144.5		0.287498
144.625		0.287498
144.75		0.287498
144.875		0.287498
145		0.287498
145.125		0.288944
145.25		0.288944
145.375		0.288944
145.5		0.288944
145.625		0.288944
145.75		0.288944
145.875		0.288944
146		0.288944
146.125		0.292979
146.25		0.292979
146.375		0.292979
146.5		0.292979
146.625		0.292979
146.75		0.292979
146.875		0.292979
147		0.292979
147.125		0.293862
147.25		0.293862
147.375		0.293862
147.5		0.293862
147.625		0.293862
147.75		0.293862
147.875		0.293862
148		0.293862
148.125		0.295437
148.25		0.295437
148.375		0.295437
148.5		0.295437
148.625		0.295437
148.75		0.295437
148.875		0.295437
149		0.295437
149.125		0.296863
149.25		0.296863
149.375		0.296863
149.5		0.296863
149.625		0.296863
149.75		0.296863
149.875		0.296863
150		0.296863
150.125		0.299598
150.25		0.299598
150.375		0.299598
150.5		0.299598
150.625		0.299598
150.75		0.299598
150.875		0.299598
151		0.299598
151.125		0.303841
151.25		0.303841
151.375		0.303841
151.5		0.303841
151.625		0.303841
151.75		0.303841
151.875		0.303841
152		0.303841
152.125		0.304399
152.25		0.304399
152.375		0.304399
152.5		0.304399
152.625		0.304399
152.75		0.304399
152.875		0.304399
153		0.304399
153.125		0.304642
153.25		0.304642
153.375		0.304642
153.5		0.304642
153.625		0.304642
153.75		0.304642
153.875		0.304642
154		0.304642
154.125		0.307572
154.25		0.307572
154.375		0.307572
154.5		0.307572
154.625		0.307572
154.75		0.307572
154.875		0.307572
155		0.307572
155.125		0.310558
155.25		0.310558
155.375		0.310558
155.5		0.310558
155.625		0.310558
155.75		0.310558
155.875		0.310558
156		0.310558
156.125		0.312818
156.25		0.312818
156.375		0.312818
156.5		0.312818
156.625		0.312818
156.75		0.312818
156.875		0.312818
157		0.312818
157.125		0.315933
157.25		0.315933
157.375		0.315933
157.5		0.315933
157.625		0.315933
157.75		0.315933
157.875		0.315933
158		0.315933
158.125		0.316359
158.25		0.316359
158.375		0.316359
158.5		0.316359
158.625		0.316359
158.75		0.316359
158.875		0.316359
159		0.316359
159.125		0.318747
159.25		0.318747
159.375		0.318747
159.5		0.318747
159.625		0.318747
159.75		0.318747
159.875		0.318747
160		0.318747
160.125		0.323266
160.25		0.323266
160.375		0.323266
160.5		0.323266
160.625		0.323266
160.75		0.323266
160.875		0.323266
161		0.323266
161.125		0.323941
161.25		0.323941
161.375		0.323941
161.5		0.323941
161.625		0.323941
161.75		0.323941
161.875		0.323941
162		0.323941
162.125		0.325002
162.25		0.325002
162.375		0.325002
162.5		0.325002
162.625		0.325002
162.75		0.325002
162.875		0.325002
163		0.325002
163.125		0.326001
163.25		0.326001
163.375		0.326001
163.5		0.326001
163.625		0.326001
163.75		0.326001
163.875		0.326001
164		0.326001
164.125		0.332756
164.25		0.332756
164.375		0.332756
164.5		0.332756
164.625		0.332756
164.75		0.332756
164.875		0.332756
165		0.332756
165.125		0.333097
165.25		0.333097
165.375		0.333097
165.5		0.333097
165.625		0.333097
165.75		0.333097
165.875		0.333097
166		0.333097
166.125		0.333351
166.25		0.333351
166.375		0.333351
166.5		0.333351
166.625		0.333351
166.75		0.333351
166.875		0.333351
167		0.333351
167.125		0.337839
167.25		0.337839
167.375		0.337839
167.5		0.337839
167.625		0.337839
167.75		0.337839
167.875		0.337839
168		0.337839
168.125		0.340084
168.25		0.340084
168.375		0.340084
168.5		0.340084
168.625		0.340084
168.75		0.340084
168.875		0.340084
169		0.340084
169.125		0.342336
169.25		0.342336
169.375		0.342336
169.5		0.342336
169.625		0.342336
169.75		0.342336
169.875		0.342336
170		0.342336
170.125		0.343043
170.25		0.343043
170.375		0.343043
170.5		0.343043
170.625		0.343043
170.75		0.343043
170.875		0.343043
171		0.343043
171.125		0.347803
171.25		0.347803
171.375		0.347803
171.5		0.347803
171.625		0.347803
171.75		0.347803
171.875		0.347803
172		0.347803
172.125		0.348045
172.25		0.348045
172.375		0.348045
172.5		0.348045
172.625		0.348045
172.75		0.348045
172.875		0.348045
173		0.348045
173.125		0.351887
173.25		0.351887
173.375		0.351887
173.5		0.351887
173.625		0.351887
173.75		0.351887
173.875		0.351887
174		0.351887
174.125		0.352743
174.25		0.352743
174.375		0.352743
174.5		0.352743
174.625		0.352743
174.75		0.352743
174.875		0.352743
175		0.352743
175.125		0.354446
175.25		0.354446
175.375		0.354446
175.5		0.354446
175.625		0.354446
175.75		0.354446
175.875		0.354446
176		0.354446
176.125		0.358095
176.25		0.358095
176.375		0.358095
176.5		0.358095
176.625		0.358095
176.75		0.358095
176.875		0.358095
177		0.358095
177.125		0.359171
177.25		0.359171
177.375		0.359171
177.5		0.359171
177.625		0.359171
177.75		0.359171
177.875		0.359171
178		0.359171
178.125		0.362106
178.25		0.362106
178.375		0.362106
178.5		0.362106
178.625		0.362106
178.75		0.362106
178.875		0.362106
179		0.362106
179.125		0.365775
179.25		0.365775
179.375		0.365775
179.5		0.365775
179.625		0.365775
179.75		0.365775
179.875		0.365775
180		0.365775
180.125		0.366146
180.25		0.366146
180.375		0.366146
180.5		0.366146
180.625		0.366146
180.75		0.366146
180.875		0.366146
181		0.366146
181.125		0.369328
181.25		0.369328
181.375		0.369328
181.5		0.369328
181.625		0.369328
181.75		0.369328
181.875		0.369328
182		0.369328
182.125		0.37181
182.25		0.37181
182.375		0.37181
182.5		0.37181
182.625		0.37181
182.75		0.37181
182.875		0.37181
183		0.37181
183.125		0.375375
183.25		0.375375
183.375		0.375375
183.5		0.375375
183.625		0.375375
183.75		0.375375
183.875		0.375375
184		0.375375
184.125		0.376043
184.25		0.376043
184.375		0.376043
184.5		0.376043
184.625		0.376043
184.75		0.376043
184.875		0.376043
185		0.376043
185.125		0.379697
185.25		0.379697
185.375		0.379697
185.5		0.379697
185.625		0.379697
185.75		0.379697
185.875		0.379697
186		0.379697
186.125		0.3817
186.25		0.3817
186.375		0.3817
186.5		0.3817
186.625		0.3817
186.75		0.3817
186.875		0.3817
187		0.3817
187.125		0.382792
187.25		0.382792
187.375		0.382792
187.5		0.382792
187.625		0.382792
187.75		0.382792
187.875		0.382792
188		0.382792
188.125		0.384365
188.25		0.384365
188.375		0.384365
188.5		0.384365
188.625		0.384365
188.75		0.384365
188.875		0.384365
189		0.384365
189.125		0.386348
189.25		0.386348
189.375		0.386348
189.5		0.386348
189.625		0.386348
189.75		0.386348
189.875		0.386348
190		0.386348
190.125		0.390432
190.25		0.390432
190.375		0.390432
190.5		0.390432
190.625		0.390432
190.75		0.390432
190.875		0.390432
191		0.390432
191.125		0.391082
191.25		0.391082
191.375		0.391082
191.5		0.391082
191.625		0.391082
191.75		0.391082
191.875		0.391082
192		0.391082
192.125		0.392408
192.25		0.392408
192.375		0.392408
192.5		0.392408
192.625		0.392408
192.75		0.392408
192.875		0.392408
193		0.392408
193.125		0.395538
193.25		0.395538
193.375		0.395538
193.5		0.395538
193.625		0.395538
193.75		0.395538
193.875		0.395538
194		0.395538
194.125		0.399729
194.25		0.399729
194.375		0.399729
194.5		0.399729
194.625		0.399729
194.75		0.399729
194.875		0.399729
195		0.399729
195.125		0.400814
195.25		0.400814
195.375		0.400814
195.5		0.400814
195.625		0.400814
195.75		0.400814
195.875		0.400814
196		0.400814
196.125		0.402641
196.25		0.402641
196.375		0.402641
196.5		0.402641
196.625		0.402641
196.75		0.402641
196.875		0.402641
197		0.402641
197.125		0.403136
197.25		0.403136
197.375		0.403136
197.5		0.403136
197.625		0.403136
197.75		0.403136
197.875		0.403136
198		0.403136
198.125		0.405361
198.25		0.405361
198.375		0.405361
198.5		0.405361
198.625		0.405361
198.75		0.405361
198.875		0.405361
199		0.405361
199.125		0.411099
199.25		0.411099
199.375		0.411099
199.5		0.411099
199.625		0.411099
199.75		0.411099
199.875		0.411099
200		0.411099
200.125		0.411324
200.25		0.411324
200.375		0.411324
200.5		0.411324
200.625		0.411324
200.75		0.411324
200.875		0.411324
201		0.411324
201.125		0.411903
201.25		0.411903
201.375		0.411903
201.5		0.411903
201.625		0.411903
201.75		0.411903
201.875		0.411903
202		0.411903
202.125		0.413767
202.25		0.413767
202.375		0.413767
202.5		0.413767
202.625		0.413767
202.75		0.413767
202.875		0.413767
203		0.413767
203.125		0.41953
203.25		0.41953
203.375		0.41953
203.5		0.41953
203.625		0.41953
203.75		0.41953
203.875		0.41953
204		0.41953
204.125		0.420084
204.25		0.420084
204.375		0.420084
204.5		0.420084
204.625		0.420084
204.75		0.420084
204.875		0.420084
205		0.420084
205.125		0.422566
205.25		0.422566
205.375		0.422566
205.5		0.422566
205.625		0.422566
205.75		0.422566
205.875		0.422566
206		0.422566
206.125		0.42339
206.25		0.42339
206.375		0.42339
206.5		0.42339
206.625		0.42339
206.75		0.42339
206.875		0.42339
207		0.42339
207.125		0.424925
207.25		0.424925
207.375		0.424925
207.5		0.424925
207.625		0.424925
207.75		0.424925
207.875		0.424925
208		0.424925
208.125		0.426747
208.25		0.426747
208.375		0.426747
208.5		0.426747
208.625		0.426747
208.75		0.426747
208.875		0.426747
209		0.426747
209.125		0.43167
209.25		0.43167
209.375		0.43167
209.5		0.43167
209.625		0.43167
209.75		0.43167
209.875		0.43167
210		0.43167
210.125		0.431949
210.25		0.431949
210.375		0.431949
210.5		0.431949
210.625		0.431949
210.75		0.431949
210.875		0.431949
211		0.431949
211.125		0.432513
211.25		0.432513
211.375		0.432513
211.5		0.432513
211.625		0.432513
211.75		0.432513
211.875		0.432513
212		0.432513
212.125		0.437804
212.25		0.437804
212.375		0.437804
212.5		0.437804
212.625		0.437804
212.75		0.437804
212.875		0.437804
213		0.437804
213.125		0.438229
213.25		0.438229
213.375		0.438229
213.5		0.438229
213.625		0.438229
213.75		0.438229
213.875		0.438229
214		0.438229
214.125		0.439532
214.25		0.439532
214.375		0.439532
214.5		0.439532
214.625		0.439532
214.75		0.439532
214.875		0.439532
215		0.439532
215.125		0.442479
215.25		0.442479
215.375		0.442479
215.5		0.442479
215.625		0.442479
215.75		0.442479
215.875		0.442479
216		0.442479
216.125		0.447864
216.25		0.447864
216.375		0.447864
216.5		0.447864
216.625		0.447864
216.75		0.447864
216.875		0.447864
217		0.447864
217.125		0.448532
217.25		0.448532
217.375		0.448532
217.5		0.448532
217.625		0.448532
217.75		0.448532
217.875		0.448532
218		0.448532
218.125		0.450601
218.25		0.450601
218.375		0.450601
218.5		0.450601
218.625		0.450601
218.75		0.450601
218.875		0.450601
219		0.450601
219.125		0.451437
219.25		0.451437
219.375		0.451437
219.5		0.451437
219.625		0.451437
219.75		0.451437
219.875		0.451437
220		0.451437
220.125		0.455726
220.25		0.455726
220.375		0.455726
220.5		0.455726
220.625		0.455726
220.75		0.455726
220.875		0.455726
221		0.455726
221.125		0.456258
221.25		0.456258
221.375		0.456258
221.5		0.456258
221.625		0.456258
221.75		0.456258
221.875		0.456258
222		0.456258
222.125		0.459037
222.25		0.459037
222.375		0.459037
222.5		0.459037
222.625		0.459037
222.75		0.459037
222.875		0.459037
223		0.459037
223.125		0.460216
223.25		0.460216
223.375		0.460216
223.5		0.460216
223.625		0.460216
223.75		0.460216
223.875		0.460216
224		0.460216
224.125		0.462528
224.25		0.462528
224.375		0.462528
224.5		0.462528
224.625		0.462528
224.75		0.462528
224.875		0.462528
225		0.462528
225.125		0.466988
225.25		0.466988
225.375		0.466988
225.5		0.466988
225.625		0.466988
225.75		0.466988
225.875		0.466988
226		0.466988
226.125		0.467807
226.25		0.467807
226.375		0.467807
226.5		0.467807
226.625		0.467807
226.75		0.467807
226.875		0.467807
227		0.467807
227.125		0.468257
227.25		0.468257
227.375		0.468257
227.5		0.468257
227.625		0.468257
227.75		0.468257
227.875		0.468257
228		0.468257
228.125		0.468937
228.25		0.468937
228.375		0.468937
228.5		0.468937
228.625		0.468937
228.75		0.468937
228.875		0.468937
229		0.468937
229.125		0.474729
229.25		0.474729
229.375		0.474729
229.5		0.474729
229.625		0.474729
229.75		0.474729
229.875		0.474729
230		0.474729
230.125		0.475998
230.25		0.475998
230.375		0.475998
230.5		0.475998
230.625		0.475998
230.75		0.475998
230.875		0.475998
231		0.475998
231.125		0.479002
231.25		0.479002
231.375		0.479002
231.5		0.479002
231.625		0.479002
231.75		0.479002
231.875		0.479002
232		0.479002
232.125		0.48001
232.25		0.48001
232.375		0.48001
232.5		0.48001
232.625		0.48001
232.75		0.48001
232.875		0.48001
233		0.48001
233.125		0.480161
233.25		0.480161
233.375		0.480161
233.5		0.480161
233.625		0.480161
233.75		0.480161
233.875		0.480161
234		0.480161
234.125		0.485789
234.25		0.485789
234.375		0.485789
234.5		0.485789
234.625		0.485789
234.75		0.485789
234.875		0.485789
235		0.485789
235.125		0.487314
235.25		0.487314
235.375		0.487314
235.5		0.487314
235.625		0.487314
235.75		0.487314
235.875		0.487314
236		0.487314
236.125		0.487532
236.25		0.487532
236.375		0.487532
236.5		0.487532
236.625		0.487532
236.75		0.487532
236.875		0.487532
237		0.487532
237.125		0.491465
237.25		0.491465
237.375		0.491465
237.5		0.491465
237.625		0.491465
237.75		0.491465
237.875		0.491465
238		0.491465
238.125		0.493755
238.25		0.493755
238.375		0.493755
238.5		0.493755
238.625		0.493755
238.75		0.493755
238.875		0.493755
239		0.493755
239.125		0.49683
239.25		0.49683
239.375		0.49683
239.5		0.49683
239.625		0.49683
239.75		0.49683
239.875		0.49683
240		0.49683
240.125		0.497243
240.25		0.497243
240.375		0.497243
240.5		0.497243
240.625		0.497243
240.75		0.497243
240.875		0.497243
241		0.497243
241.125		0.499167
241.25		0.499167
241.375		0.499167
241.5		0.499167
241.625		0.499167
241.75		0.499167
241.875		0.499167
242		0.499167
242.125		0.502438
242.25		0.502438
242.375		0.502438
242.5		0.502438
242.625		0.502438
242.75		0.502438
242.875		0.502438
243		0.502438
243.125		0.503644
243.25		0.503644
243.375		0.503644
243.5		0.503644
243.625		0.503644
243.75		0.503644
243.875		0.503644
244		0.503644
244.125		0.504779
244.25		0.504779
244.375		0.504779
244.5		0.504779
244.625		0.504779
244.75		0.504779
244.875		0.504779
245		0.504779
245.125		0.509007
245.25		0.509007
245.375		0.509007
245.5		0.509007
245.625		0.509007
245.75		0.509007
245.875		0.509007
246		0.509007
246.125		0.512738
246.25		0.512738
246.375		0.512738
246.5		0.512738
246.625		0.512738
246.75		0.512738
246.875		0.512738
247		0.512738
247.125		0.514236
247.25		0.514236
247.375		0.514236
247.5		0.514236
247.625		0.514236
247.75		0.514236
247.875		0.514236
248		0.514236
248.125		0.515725
248.25		0.515725
248.375		0.515725
248.5		0.515725
248.625		0.515725
248.75		0.515725
248.875		0.515725
249		0.515725
249.125		0.515915
249.25		0.515915
249.375		0.515915
249.5		0.515915
249.625		0.515915
249.75		0.515915
249.875		0.515915
250		0.515915
250.125		0.519151
250.25		0.519151
250.375		0.519151
250.5		0.519151
250.625		0.519151
250.75		0.519151
250.875		0.519151
251		0.519151
251.125		0.521372
251.25		0.521372
251.375		0.521372
251.5		0.521372
251.625		0.521372
251.75		0.521372
251.875		0.521372
252		0.521372
252.125		0.52419
252.25		0.52419
252.375		0.52419
252.5		0.52419
252.625		0.52419
252.75		0.52419
252.875		0.52419
253		0.52419
253.125		0.52624
253.25		0.52624
253.375		0.52624
253.5		0.52624
253.625		0.52624
253.75		0.52624
253.875		0.52624
254		0.52624
254.125		0.529162
254.25		0.529162
254.375		0.529162
254.5		0.529162
254.625		0.529162
254.75		0.529162
254.875		0.529162
255		0.529162
255.125		0.529887
255.25		0.529887
255.375		0.529887
255.5		0.529887
255.625		0.529887
255.75		0.529887
255.875		0.529887
256		0.529887
256.125		0.531862
256.25		0.531862
256.375		0.531862
256.5		0.531862
256.625		0.531862
256.75		0.531862
256.875		0.531862
257		0.531862
257.125		0.53448
257.25		0.53448
257.375		0.53448
257.5		0.53448
257.625		0.53448
257.75		0.53448
257.875		0.53448
258		0.53448
258.125		0.535012
258.25		0.535012
258.375		0.535012
258.5		0.535012
258.625		0.535012
258.75		0.535012
258.875		0.535012
259		0.535012
259.125		0.541477
259.25		0.541477
259.375		0.541477
259.5		0.541477
259.625		0.541477
259.75		0.541477
259.875		0.541477
260		0.541477
260.125		0.542597
260.25		0.542597
260.375		0.542597
260.5		0.542597
260.625		0.542597
260.75		0.542597
260.875		0.542597
261		0.542597
261.125		0.543688
261.25		0.543688
261.375		0.543688
261.5		0.543688
261.625		0.543688
261.75		0.543688
261.875		0.543688
262		0.543688
262.125		0.544311
262.25		0.544311
262.375		0.544311
262.5		0.544311
262.625		0.544311
262.75		0.544311
262.875		0.544311
263		0.544311
263.125		0.547658
263.25		0.547658
263.375		0.547658
263.5		0.547658
263.625		0.547658
263.75		0.547658
263.875		0.547658
264		0.547658
264.125		0.552086
264.25		0.552086
264.375		0.552086
264.5		0.552086
264.625		0.552086
264.75		0.552086
264.875		0.552086
265		0.552086
265.125		0.552586
265.25		0.552586
265.375		0.552586
265.5		0.552586
265.625		0.552586
265.75		0.552586
265.875		0.552586
266		0.552586
266.125		0.55378
266.25		0.55378
266.375		0.55378
266.5		0.55378
266.625		0.55378
266.75		0.55378
266.875		0.55378
267		0.55378
267.125		0.555625
267.25		0.555625
267.375		0.555625
267.5		0.555625
267.625		0.555625
267.75		0.555625
267.875		0.555625
268		0.555625
268.125		0.56074
268.25		0.56074
268.375		0.56074
268.5		0.56074
268.625		0.56074
268.75		0.56074
268.875		0.56074
269		0.56074
269.125		0.561746
269.25		0.561746
269.375		0.561746
269.5		0.561746
269.625		0.561746
269.75		0.561746
269.875		0.561746
270		0.561746
270.125		0.56232
270.25		0.56232
270.375		0.56232
270.5		0.56232
270.625		0.56232
270.75		0.56232
270.875		0.56232
271		0.56232
271.125		0.562629
271.25		0.562629
271.375		0.562629
271.5		0.562629
271.625		0.562629
271.75		0.562629
271.875		0.562629
272		0.562629
272.125		0.5688
272.25		0.5688
272.375		0.5688
272.5		0.5688
272.625		0.5688
272.75		0.5688
272.875		0.5688
273		0.5688
273.125		0.571211
273.25		0.571211
273.375		0.571211
273.5		0.571211
273.625		0.571211
273.75		0.571211
273.875		0.571211
274		0.571211
274.125		0.571871
274.25		0.571871
274.375		0.571871
274.5		0.571871
274.625		0.571871
274.75		0.571871
274.875		0.571871
275		0.571871
275.125		0.573671
275.25		0.573671
275.375		0.573671
275.5		0.573671
275.625		0.573671
275.75		0.573671
275.875		0.573671
276		0.573671
276.125		0.578747
276.25		0.578747
276.375		0.578747
276.5		0.578747
276.625		0.578747
276.75		0.578747
276.875		0.578747
277		0.578747
277.125		0.58005
277.25		0.58005
277.375		0.58005
277.5		0.58005
277.625		0.58005
277.75		0.58005
277.875		0.58005
278		0.58005
278.125		0.581434
278.25		0.581434
278.375		0.581434
278.5		0.581434
278.625		0.581434
278.75		0.581434
278.875		0.581434
279		0.581434
279.125		0.583667
279.25		0.583667
279.375		0.583667
279.5		0.583667
279.625		0.583667
279.75		0.583667
279.875		0.583667
280		0.583667
280.125		0.587949
280.25		0.587949
280.375		0.587949
280.5		0.587949
280.625		0.587949
280.75		0.587949
280.875		0.587949
281		0.587949
281.125		0.589524
281.25		0.589524
281.375		0.589524
281.5		0.589524
281.625		0.589524
281.75		0.589524
281.875		0.589524
282		0.589524
282.125		0.594573
282.25		0.594573
282.375		0.594573
282.5		0.594573
282.625		0.594573
282.75		0.594573
282.875		0.594573
283		0.594573
283.125		0.595322
283.25		0.595322
283.375		0.595322
283.5		0.595322
283.625		0.595322
283.75		0.595322
283.875		0.595322
284		0.595322
284.125		0.59684
284.25		0.59684
284.375		0.59684
284.5		0.59684
284.625		0.59684
284.75		0.59684
284.875		0.59684
285		0.59684
285.125		0.59841
285.25		0.59841
285.375		0.59841
285.5		0.59841
285.625		0.59841
285.75		0.59841
285.875		0.59841
286		0.59841
286.125		0.604682
286.25		0.604682
286.375		0.604682
286.5		0.604682
286.625		0.604682
286.75		0.604682
286.875		0.604682
287		0.604682
287.125		0.606186
287.25		0.606186
287.375		0.606186
287.5		0.606186
287.625		0.606186
287.75		0.606186
287.875		0.606186
288		0.606186
288.125		0.606186
288.25		0.606186
288.375		0.606186
288.5		0.606186
288.625		0.606186
288.75		0.606186
288.875		0.606186
289		0.606186
289.125		0.611172
289.25		0.611172
289.375		0.611172
289.5		0.611172
289.625		0.611172
289.75		0.611172
289.875		0.611172
290		0.611172
290.125		0.611286
290.25		0.611286
290.375		0.611286
290.5		0.611286
290.625		0.611286
290.75		0.611286
290.875		0.611286
291		0.611286
291.125		0.612451
291.25		0.612451
291.375		0.612451
291.5		0.612451
291.625		0.612451
291.75		0.612451
291.875		0.612451
292		0.612451
292.125		0.615467
292.25		0.615467
292.375		0.615467
292.5		0.615467
292.625		0.615467
292.75		0.615467
292.875		0.615467
293		0.615467
293.125		0.619675
293.25		0.619675
293.375		0.619675
293.5		0.619675
293.625		0.619675
293.75		0.619675
293.875		0.619675
294		0.619675
294.125		0.621391
294.25		0.621391
294.375		0.621391
294.5		0.621391
294.625		0.621391
294.75		0.621391
294.875		0.621391
295		0.621391
295.125		0.623661
295.25		0.623661
295.375		0.623661
295.5		0.623661
295.625		0.623661
295.75		0.623661
295.875		0.623661
296		0.623661
296.125		0.62577
296.25		0.62577
296.375		0.62577
296.5		0.62577
296.625		0.62577
296.75		0.62577
296.875		0.62577
297		0.62577
297.125		0.627911
297.25		0.627911
297.375		0.627911
297.5		0.627911
297.625		0.627911
297.75		0.627911
297.875		0.627911
298		0.627911
298.125		0.629023
298.25		0.629023
298.375		0.629023
298.5		0.629023
298.625		0.629023
298.75		0.629023
298.875		0.629023
299		0.629023
299.125		0.632049
299.25		0.632049
299.375		0.632049
299.5		0.632049
299.625		0.632049
299.75		0.632049
299.875		0.632049
300		0.632049
300.125		0.634905
300.25		0.634905
300.375		0.634905
300.5		0.634905
300.625		0.634905
300.75		0.634905
300.875		0.634905
301		0.634905
301.125		0.63715
301.25		0.63715
301.375		0.63715
301.5		0.63715
301.625		0.63715
301.75		0.63715
301.875		0.63715
302		0.63715
302.125		0.640003
302.25		0.640003
302.375		0.640003
302.5		0.640003
302.625		0.640003
302.75		0.640003
302.875		0.640003
303		0.640003
303.125		0.640589
303.25		0.640589
303.375		0.640589
303.5		0.640589
303.625		0.640589
303.75		0.640589
303.875		0.640589
304		0.640589
304.125		0.64453
304.25		0.64453
304.375		0.64453
304.5		0.64453
304.625		0.64453
304.75		0.64453
304.875		0.64453
305		0.64453
305.125		0.649104
305.25		0.649104
305.375		0.649104
305.5		0.649104
305.625		0.649104
305.75		0.649104
305.875		0.649104
306		0.649104
306.125		0.652064
306.25		0.652064
306.375		0.652064
306.5		0.652064
306.625		0.652064
306.75		0.652064
306.875		0.652064
307		0.652064
307.125		0.653651
307.25		0.653651
307.375		0.653651
307.5		0.653651
307.625		0.653651
307.75		0.653651
307.875		0.653651
308		0.653651
308.125		0.657676
308.25		0.657676
308.375		0.657676
308.5		0.657676
308.625		0.657676
308.75		0.657676
308.875		0.657676
309		0.657676
309.125		0.65939
309.25		0.65939
309.375		0.65939
309.5		0.65939
309.625		0.65939
309.75		0.65939
309.875		0.65939
310		0.65939
310.125		0.662797
310.25		0.662797
310.375		0.662797
310.5		0.662797
310.625		0.662797
310.75		0.662797
310.875		0.662797
311		0.662797
311.125		0.66405
311.25		0.66405
311.375		0.66405
311.5		0.66405
311.625		0.66405
311.75		0.66405
311.875		0.66405
312		0.66405
312.125		0.665187
312.25		0.665187
312.375		0.665187
312.5		0.665187
312.625		0.665187
312.75		0.665187
312.875		0.665187
313		0.665187
313.125		0.66768
313.25		0.66768
313.375		0.66768
313.5		0.66768
313.625		0.66768
313.75		0.66768
313.875		0.66768
314		0.66768
314.125		0.668073
314.25		0.668073
314.375		0.668073
314.5		0.668073
314.625		0.668073
314.75		0.668073
314.875		0.668073
315		0.668073
315.125		0.669551
315.25		0.669551
315.375		0.669551
315.5		0.669551
315.625		0.669551
315.75		0.669551
315.875		0.669551
316		0.669551
316.125		0.675982
316.25		0.675982
316.375		0.675982
316.5		0.675982
316.625		0.675982
316.75		0.675982
316.875		0.675982
317		0.675982
317.125		0.676721
317.25		0.676721
317.375		0.676721
317.5		0.676721
317.625		0.676721
317.75		0.676721
317.875		0.676721
318		0.676721
318.125		0.677463
318.25		0.677463
318.375		0.677463
318.5		0.677463
318.625		0.677463
318.75		0.677463
318.875		0.677463
319		0.677463
319.125		0.679458
319.25		0.679458
319.375		0.679458
319.5		0.679458
319.625		0.679458
319.75		0.679458
319.875		0.679458
320		0.679458
320.125		0.681421
320.25		0.681421
320.375		0.681421
320.5		0.681421
320.625		0.681421
320.75		0.681421
320.875		0.681421
321		0.681421
321.125		0.686099
321.25		0.686099
321.375		0.686099
321.5		0.686099
321.625		0.686099
321.75		0.686099
321.875		0.686099
322		0.686099
322.125		0.687639
322.25		0.687639
322.375		0.687639
322.5		0.687639
322.625		0.687639
322.75		0.687639
322.875		0.687639
323		0.687639
323.125		0.687956
323.25		0.687956
323.375		0.687956
323.5		0.687956
323.625		0.687956
323.75		0.687956
323.875		0.687956
324		0.687956
324.125		0.691435
324.25		0.691435
324.375		0.691435
324.5		0.691435
324.625		0.691435
324.75		0.691435
324.875		0.691435
325		0.691435
325.125		0.695052
325.25		0.695052
325.375		0.695052
325.5		0.695052
325.625		0.695052
325.75		0.695052
325.875		0.695052
326		0.695052
326.125		0.695403
326.25		0.695403
326.375		0.695403
326.5		0.695403
326.625		0.695403
326.75		0.695403
326.875		0.695403
327		0.695403
327.125		0.697381
327.25		0.697381
327.375		0.697381
327.5		0.697381
327.625		0.697381
327.75		0.697381
327.875		0.697381
328		0.697381
328.125		0.701913
328.25		0.701913
328.375		0.701913
328.5		0.701913
328.625		0.701913
328.75		0.701913
328.875		0.701913
329		0.701913
329.125		0.703132
329.25		0.703132
329.375		0.703132
329.5		0.703132
329.625		0.703132
329.75		0.703132
329.875		0.703132
330		0.703132
330.125		0.704489
330.25		0.704489
330.375		0.704489
330.5		0.704489
330.625		0.704489
330.75		0.704489
330.875		0.704489
331		0.704489
331.125		0.706858
331.25		0.706858
331.375		0.706858
331.5		0.706858
331.625		0.706858
331.75		0.706858
331.875		0.706858
332		0.706858
332.125		0.707263
332.25		0.707263
332.375		0.707263
332.5		0.707263
332.625		0.707263
332.75		0.707263
332.875		0.707263
333		0.707263
333.125		0.712423
333.25		0.712423
333.375		0.712423
333.5		0.712423
333.625		0.712423
333.75		0.712423
333.875		0.712423
334		0.712423
334.125		0.715024
334.25		0.715024
334.375		0.715024
334.5		0.715024
334.625		0.715024
334.75		0.715024
334.875		0.715024
335		0.715024
335.125		0.71716
335.25		0.71716
335.375		0.71716
335.5		0.71716
335.625		0.71716
335.75		0.71716
335.875		0.71716
336		0.71716
336.125		0.717459
336.25		0.717459
336.375		0.717459
336.5		0.717459
336.625		0.717459
336.75		0.717459
336.875		0.717459
337		0.717459
337.125		0.71763
337.25		0.71763
337.375		0.71763
337.5		0.71763
337.625		0.71763
337.75		0.71763
337.875		0.71763
338		0.71763
338.125		0.72454
338.25		0.72454
338.375		0.72454
338.5		0.72454
338.625		0.72454
338.75		0.72454
338.875		0.72454
339		0.72454
339.125		0.725425
339.25		0.725425
339.375		0.725425
339.5		0.725425
339.625		0.725425
339.75		0.725425
339.875		0.725425
340		0.725425
340.125		0.727028
340.25		0.727028
340.375		0.727028
340.5		0.727028
340.625		0.727028
340.75		0.727028
340.875		0.727028
341		0.727028
341.125		0.728353
341.25		0.728353
341.375		0.728353
341.5		0.728353
341.625		0.728353
341.75		0.728353
341.875		0.728353
342		0.728353
342.125		0.731238
342.25		0.731238
342.375		0.731238
342.5		0.731238
342.625		0.731238
342.75		0.731238
342.875		0.731238
343		0.731238
343.125		0.736111
343.25		0.736111
343.375		0.736111
343.5		0.736111
343.625		0.736111
343.75		0.736111
343.875		0.736111
344		0.736111
344.125		0.737283
344.25		0.737283
344.375		0.737283
344.5		0.737283
344.625		0.737283
344.75		0.737283
344.875		0.737283
345		0.737283
345.125		0.740524
345.25		0.740524
345.375		0.740524
345.5		0.740524
345.625		0.740524
345.75		0.740524
345.875		0.740524
346		0.740524
346.125		0.745405
346.25		0.745405
346.375		0.745405
346.5		0.745405
346.625		0.745405
346.75		0.745405
346.875		0.745405
347		0.745405
347.125		0.746421
347.25		0.746421
347.375		0.746421
347.5		0.746421
347.625		0.746421
347.75		0.746421
347.875		0.746421
348		0.746421
348.125		0.747657
348.25		0.747657
348.375		0.747657
348.5		0.747657
348.625		0.747657
348.75		0.747657
348.875		0.747657
349		0.747657
349.125		0.750194
349.25		0.750194
349.375		0.750194
349.5		0.750194
349.625		0.750194
349.75		0.750194
349.875		0.750194
350		0.750194
350.125		0.751015
350.25		0.751015
350.375		0.751015
350.5		0.751015
350.625		0.751015
350.75		0.751015
350.875		0.751015
351		0.751015
351.125		0.756521
351.25		0.756521
351.375		0.756521
351.5		0.756521
351.625		0.756521
351.75		0.756521
351.875		0.756521
352		0.756521
352.125		0.759226
352.25		0.759226
352.375		0.759226
352.5		0.759226
352.625		0.759226
352.75		0.759226
352.875		0.759226
353		0.759226
353.125		0.759243
353.25		0.759243
353.375		0.759243
353.5		0.759243
353.625		0.759243
353.75		0.759243
353.875		0.759243
354		0.759243
354.125		0.759602
354.25		0.759602
354.375		0.759602
354.5		0.759602
354.625		0.759602
354.75		0.759602
354.875		0.759602
355		0.759602
355.125		0.763229
355.25		0.763229
355.375		0.763229
355.5		0.763229
355.625		0.763229
355.75		0.763229
355.875		0.763229
356		0.763229
356.125		0.76352
356.25		0.76352
356.375		0.76352
356.5		0.76352
356.625		0.76352
356.75		0.76352
356.875		0.76352
357		0.76352
357.125		0.766448
357.25		0.766448
357.375		0.766448
357.5		0.766448
357.625		0.766448
357.75		0.766448
357.875		0.766448
358		0.766448
358.125		0.769148
358.25		0.769148
358.375		0.769148
358.5		0.769148
358.625		0.769148
358.75		0.769148
358.875		0.769148
359		0.769148
359.125		0.769778
359.25		0.769778
359.375		0.769778
359.5		0.769778
359.625		0.769778
359.75		0.769778
359.875		0.769778
360		0.769778
360.125		0.771917
360.25		0.771917
360.375		0.771917
360.5		0.771917
360.625		0.771917
360.75		0.771917
360.875		0.771917
361		0.771917
361.125		0.774478
361.25		0.774478
361.375		0.774478
361.5		0.774478
361.625		0.774478
361.75		0.774478
361.875		0.774478
362		0.774478
362.125		0.780516
362.25		0.780516
362.375		0.780516
362.5		0.780516
362.625		0.780516
362.75		0.780516
362.875		0.780516
363		0.780516
363.125		0.781005
363.25		0.781005
363.375		0.781005
363.5		0.781005
363.625		0.781005
363.75		0.781005
363.875		0.781005
364		0.781005
364.125		0.781547
364.25		0.781547
364.375		0.781547
364.5		0.781547
364.625		0.781547
364.75		0.781547
364.875		0.781547
365		0.781547
365.125		0.784677
365.25		0.784677
365.375		0.784677
365.5		0.784677
365.625		0.784677
365.75		0.784677
365.875		0.784677
366		0.784677
366.125		0.787607
366.25		0.787607
366.375		0.787607
366.5		0.787607
366.625		0.787607
366.75		0.787607
366.875		0.787607
367		0.787607
367.125		0.789093
367.25		0.789093
367.375		0.789093
367.5		0.789093
367.625		0.789093
367.75		0.789093
367.875		0.789093
368		0.789093
368.125		0.791728
368.25		0.791728
368.375		0.791728
368.5		0.791728
368.625		0.791728
368.75		0.791728
368.875		0.791728
369		0.791728
369.125		0.792109
369.25		0.792109
369.375		0.792109
369.5		0.792109
369.625		0.792109
369.75		0.792109
369.875		0.792109
370		0.792109
370.125		0.797704
370.25		0.797704
370.375		0.797704
370.5		0.797704
370.625		0.797704
370.75		0.797704
370.875		0.797704
371		0.797704
371.125		0.798518
371.25		0.798518
371.375		0.798518
371.5		0.798518
371.625		0.798518
371.75		0.798518
371.875		0.798518
372		0.798518
372.125		0.802585
372.25		0.802585
372.375		0.802585
372.5		0.802585
372.625		0.802585
372.75		0.802585
372.875		0.802585
373		0.802585
373.125		0.805871
373.25		0.805871
373.375		0.805871
373.5		0.805871
373.625		0.805871
373.75		0.805871
373.875		0.805871
374		0.805871
374.125		0.810462
374.25		0.810462
374.375		0.810462
374.5		0.810462
374.625		0.810462
374.75		0.810462
374.875		0.810462
375		0.810462
375.125		0.811485
375.25		0.811485
375.375		0.811485
375.5		0.811485
375.625		0.811485
375.75		0.811485
375.875		0.811485
376		0.811485
376.125		0.813584
376.25		0.813584
376.375		0.813584
376.5		0.813584
376.625		0.813584
376.75		0.813584
376.875		0.813584
377		0.813584
377.125		0.816868
377.25		0.816868
377.375		0.816868
377.5		0.816868
377.625		0.816868
377.75		0.816868
377.875		0.816868
378		0.816868
378.125		0.819958
378.25		0.819958
378.375		0.819958
378.5		0.819958
378.625		0.819958
378.75		0.819958
378.875		0.819958
379		0.819958
379.125		0.822045
379.25		0.822045
379.375		0.822045
379.5		0.822045
379.625		0.822045
379.75		0.822045
379.875		0.822045
380		0.822045
380.125		0.82315
380.25		0.82315
380.375		0.82315
380.5		0.82315
380.625		0.82315
380.75		0.82315
380.875		0.82315
381		0.82315
381.125		0.826147
381.25		0.826147
381.375		0.826147
381.5		0.826147
381.625		0.826147
381.75		0.826147
381.875		0.826147
382		0.826147
382.125		0.826807
382.25		0.826807
382.375		0.826807
382.5		0.826807
382.625		0.826807
382.75		0.826807
382.875		0.826807
383		0.826807
383.125		0.829878
383.25		0.829878
383.375		0.829878
383.5		0.829878
383.625		0.829878
383.75		0.829878
383.875		0.829878
384		0.829878
384.125		0.830775
384.25		0.830775
384.375		0.830775
384.5		0.830775
384.625		0.830775
384.75		0.830775
384.875		0.830775
385		0.830775
385.125		0.833408
385.25		0.833408
385.375		0.833408
385.5		0.833408
385.625		0.833408
385.75		0.833408
385.875		0.833408
386		0.833408
386.125		0.838341
386.25		0.838341
386.375		0.838341
386.5		0.838341
386.625		0.838341
386.75		0.838341
386.875		0.838341
387		0.838341
387.125		0.839322
387.25		0.839322
387.375		0.839322
387.5		0.839322
387.625		0.839322
387.75		0.839322
387.875		0.839322
388		0.839322
388.125		0.840376
388.25		0.840376
388.375		0.840376
388.5		0.840376
388.625		0.840376
388.75		0.840376
388.875		0.840376
389		0.840376
389.125		0.841211
389.25		0.841211
389.375		0.841211
389.5		0.841211
389.625		0.841211
389.75		0.841211
389.875		0.841211
390		0.841211
390.125		0.844621
390.25		0.844621
390.375		0.844621
390.5		0.844621
390.625		0.844621
390.75		0.844621
390.875		0.844621
391		0.844621
391.125		0.847966
391.25		0.847966
391.375		0.847966
391.5		0.847966
391.625		0.847966
391.75		0.847966
391.875		0.847966
392		0.847966
392.125		0.848908
392.25		0.848908
392.375		0.848908
392.5		0.848908
392.625		0.848908
392.75		0.848908
392.875		0.848908
393		0.848908
393.125		0.852661
393.25		0.852661
393.375		0.852661
393.5		0.852661
393.625		0.852661
393.75		0.852661
393.875		0.852661
394		0.852661
394.125		0.853032
394.25		0.853032
394.375		0.853032
394.5		0.853032
394.625		0.853032
394.75		0.853032
394.875		0.853032
395		0.853032
395.125		0.855813
395.25		0.855813
395.375		0.855813
395.5		0.855813
395.625		0.855813
395.75		0.855813
395.875		0.855813
396		0.855813
396.125		0.858041
396.25		0.858041
396.375		0.858041
396.5		0.858041
396.625		0.858041
396.75		0.858041
396.875		0.858041
397		0.858041
397.125		0.858296
397.25		0.858296
397.375		0.858296
397.5		0.858296
397.625		0.858296
397.75		0.858296
397.875		0.858296
398		0.858296
398.125		0.862237
398.25		0.862237
398.375		0.862237
398.5		0.862237
398.625		0.862237
398.75		0.862237
398.875		0.862237
399		0.862237
399.125		0.864501
399.25		0.864501
399.375		0.864501
399.5		0.864501
399.625		0.864501
399.75		0.864501
399.875		0.864501
400		0.864501
400.125		0.868376
400.25		0.868376
400.375		0.868376
400.5		0.868376
400.625		0.868376
400.75		0.868376
400.875		0.868376
401		0.868376
401.125		0.869985
401.25		0.869985
401.375		0.869985
401.5		0.869985
401.625		0.869985
401.75		0.869985
401.875		0.869985
402		0.869985
402.125		0.870349
402.25		0.870349
402.375		0.870349
402.5		0.870349
402.625		0.870349
402.75		0.870349
402.875		0.870349
403		0.870349
403.125		0.874478
403.25		0.874478
403.375		0.874478
403.5		0.874478
403.625		0.874478
403.75		0.874478
403.875		0.874478
404		0.874478
404.125		0.877009
404.25		0.877009
404.375		0.877009
404.5		0.877009
404.625		0.877009
404.75		0.877009
404.875		0.877009
405		0.877009
405.125		0.878488
405.25		0.878488
405.375		0.878488
405.5		0.878488
405.625		0.878488
405.75		0.878488
405.875		0.878488
406		0.878488
406.125		0.881574
406.25		0.881574
406.375		0.881574
406.5		0.881574
406.625		0.881574
406.75		0.881574
406.875		0.881574
407		0.881574
407.125		0.881999
407.25		0.881999
407.375		0.881999
407.5		0.881999
407.625		0.881999
407.75		0.881999
407.875		0.881999
408		0.881999
408.125		0.885705
408.25		0.885705
408.375		0.885705
408.5		0.885705
408.625		0.885705
408.75		0.885705
408.875		0.885705
409		0.885705
409.125		0.886605
409.25		0.886605
409.375		0.886605
409.5		0.886605
409.625		0.886605
409.75		0.886605
409.875		0.886605
410		0.886605
410.125		0.8882
410.25		0.8882
410.375		0.8882
410.5		0.8882
410.625		0.8882
410.75		0.8882
410.875		0.8882
411		0.8882
411.125		0.889159
411.25		0.889159
411.375		0.889159
411.5		0.889159
411.625		0.889159
411.75		0.889159
411.875		0.889159
412		0.889159
412.125		0.893298
412.25		0.893298
412.375		0.893298
412.5		0.893298
412.625		0.893298
412.75		0.893298
412.875		0.893298
413		0.893298
413.125		0.896643
413.25		0.896643
413.375		0.896643
413.5		0.896643
413.625		0.896643
413.75		0.896643
413.875		0.896643
414		0.896643
414.125		0.897179
414.25		0.897179
414.375		0.897179
414.5		0.897179
414.625		0.897179
414.75		0.897179
414.875		0.897179
415		0.897179
415.125		0.898838
415.25		0.898838
415.375		0.898838
415.5		0.898838
415.625		0.898838
415.75		0.898838
415.875		0.898838
416		0.898838
416.125		0.903076
416.25		0.903076
416.375		0.903076
416.5		0.903076
416.625		0.903076
416.75		0.903076
416.875		0.903076
417		0.903076
417.125		0.905341
417.25		0.905341
417.375		0.905341
417.5		0.905341
417.625		0.905341
417.75		0.905341
417.875		0.905341
418		0.905341
418.125		0.905751
418.25		0.905751
418.375		0.905751
418.5		0.905751
418.625		0.905751
418.75		0.905751
418.875		0.905751
419		0.905751
419.125		0.909119
419.25		0.909119
419.375		0.909119
419.5		0.909119
419.625		0.909119
419.75		0.909119
419.875		0.909119
420		0.909119
420.125		0.910924
420.25		0.910924
420.375		0.910924
420.5		0.910924
420.625		0.910924
420.75		0.910924
420.875		0.910924
421		0.910924
421.125		0.914214
421.25		0.914214
421.375		0.914214
421.5		0.914214
421.625		0.914214
421.75		0.914214
421.875		0.914214
422		0.914214
422.125		0.914944
422.25		0.914944
422.375		0.914944
422.5		0.914944
422.625		0.914944
422.75		0.914944
422.875		0.914944
423		0.914944
423.125		0.917364
423.25		0.917364
423.375		0.917364
423.5		0.917364
423.625		0.917364
423.75		0.917364
423.875		0.917364
424		0.917364
424.125		0.919545
424.25		0.919545
424.375		0.919545
424.5		0.919545
424.625		0.919545
424.75		0.919545
424.875		0.919545
425		0.919545
425.125		0.919997
425.25		0.919997
425.375		0.919997
425.5		0.919997
425.625		0.919997
425.75		0.919997
425.875		0.919997
426		0.919997
426.125		0.924252
426.25		0.924252
426.375		0.924252
426.5		0.924252
426.625		0.924252
426.75		0.924252
426.875		0.924252
427		0.924252
427.125		0.924643
427.25		0.924643
427.375		0.924643
427.5		0.924643
427.625		0.924643
427.75		0.924643
427.875		0.924643
428		0.924643
428.125		0.926132
428.25		0.926132
428.375		0.926132
428.5		0.926132
428.625		0.926132
428.75		0.926132
428.875		0.926132
429		0.926132
429.125		0.930092
429.25		0.930092
429.375		0.930092
429.5		0.930092
429.625		0.930092
429.75		0.930092
429.875		0.930092
430		0.930092
430.125		0.93321
430.25		0.93321
430.375		0.93321
430.5		0.93321
430.625		0.93321
430.75		0.93321
430.875		0.93321
431		0.93321
431.125		0.935776
431.25		0.935776
431.375		0.935776
431.5		0.935776
431.625		0.935776
431.75		0.935776
431.875		0.935776
432		0.935776
432.125		0.936073
432.25		0.936073
432.375		0.936073
432.5		0.936073
432.625		0.936073
432.75		0.936073
432.875		0.936073
433		0.936073
433.125		0.936521
433.25		0.936521
433.375		0.936521
433.5		0.936521
433.625		0.936521
433.75		0.936521
433.875		0.936521
434		0.936521
434.125		0.940734
434.25		0.940734
434.375		0.940734
434.5		0.940734
434.625		0.940734
434.75		0.940734
434.875		0.940734
435		0.940734
435.125		0.943241
435.25		0.943241
435.375		0.943241
435.5		0.943241
435.625		0.943241
435.75		0.943241
435.875		0.943241
436		0.943241
436.125		0.943436
436.25		0.943436
436.375		0.943436
436.5		0.943436
436.625		0.943436
436.75		0.943436
436.875		0.943436
437		0.943436
437.125		0.945498
437.25		0.945498
437.375		0.945498
437.5		0.945498
437.625		0.945498
437.75		0.945498
437.875		0.945498
438		0.945498
438.125		0.945498
438.25		0.945498
438.375		0.945498
438.5		0.945498
438.625		0.945498
438.75		0.945498
438.875		0.945498
439		0.945498
439.125		0.950782
439.25		0.950782
439.375		0.950782
439.5		0.950782
439.625		0.950782
439.75		0.950782
439.875		0.950782
440		0.950782
440.125		0.952156
440.25		0.952156
440.375		0.952156
440.5		0.952156
440.625		0.952156
440.75		0.952156
440.875		0.952156
441		0.952156
441.125		0.953884
441.25		0.953884
441.375		0.953884
441.5		0.953884
441.625		0.953884
441.75		0.953884
441.875		0.953884
442		0.953884
442.125		0.956537
442.25		0.956537
442.375		0.956537
442.5		0.956537
442.625		0.956537
442.75		0.956537
442.875		0.956537
443		0.956537
443.125		0.957096
443.25		0.957096
443.375		0.957096
443.5		0.957096
443.625		0.957096
443.75		0.957096
443.875		0.957096
444		0.957096
444.125		0.961208
444.25		0.961208
444.375		0.961208
444.5		0.961208
444.625		0.961208
444.75		0.961208
444.875		0.961208
445		0.961208
445.125		0.962051
445.25		0.962051
445.375		0.962051
445.5		0.962051
445.625		0.962051
445.75		0.962051
445.875		0.962051
446		0.962051
446.125		0.964068
446.25		0.964068
446.375		0.964068
446.5		0.964068
446.625		0.964068
446.75		0.964068
446.875		0.964068
447		0.964068
447.125		0.967943
447.25		0.967943
447.375		0.967943
447.5		0.967943
447.625		0.967943
447.75		0.967943
447.875		0.967943
448		0.967943
448.125		0.969288
448.25		0.969288
448.375		0.969288
448.5		0.969288
448.625		0.969288
448.75		0.969288
448.875		0.969288
449		0.969288
449.125		0.973018
449.25		0.973018
449.375		0.973018
449.5		0.973018
449.625		0.973018
449.75		0.973018
449.875		0.973018
450		0.973018
450.125		0.974497
450.25		0.974497
450.375		0.974497
450.5		0.974497
450.625		0.974497
450.75		0.974497
450.875		0.974497
451		0.974497
451.125		0.974967
451.25		0.974967
451.375		0.974967
451.5		0.974967
451.625		0.974967
451.75		0.974967
451.875		0.974967
452		0.974967
452.125		0.981593
452.25		0.981593
452.375		0.981593
452.5		0.981593
452.625		0.981593
452.75		0.981593
452.875		0.981593
453		0.981593
453.125		0.98226
453.25		0.98226
453.375		0.98226
453.5		0.98226
453.625		0.98226
453.75		0.98226
453.875		0.98226
454		0.98226
454.125		0.983
454.25		0.983
454.375		0.983
454.5		0.983
454.625		0.983
454.75		0.983
454.875		0.983
455		0.983
455.125		0.986703
455.25		0.986703
455.375		0.986703
455.5		0.986703
455.625		0.986703
455.75		0.986703
455.875		0.986703
456		0.986703
456.125		0.990983
456.25		0.990983
456.375		0.990983
456.5		0.990983
456.625		0.990983
456.75		0.990983
456.875		0.990983
457		0.990983
457.125		0.991398
457.25		0.991398
457.375		0.991398
457.5		0.991398
457.625		0.991398
457.75		0.991398
457.875		0.991398
458		0.991398
458.125		0.992654
458.25		0.992654
458.375		0.992654
458.5		0.992654
458.625		0.992654
458.75		0.992654
458.875		0.992654
459		0.992654
459.125		0.995562
459.25		0.995562
459.375		0.995562
459.5		0.995562
459.625		0.995562
459.75		0.995562
459.875		0.995562
460		0.995562
460.125		0.998479
460.25		0.998479
460.375		0.998479
460.5		0.998479
460.625		0.998479
460.75		0.998479
460.875		0.998479
461		0.998479
461.125		0.999832
461.25		0.999832
461.375		0.999832
461.5		0.999832
461.625		0.999832
461.75		0.999832
461.875		0.999832
462		0.999832
462.125		0.999968
462.25		0.999968
462.375		0.999968
462.5		0.999968
462.625		0.999968
462.75		0.999968
462.875		0.999968
463		0.999968
463.125		1
463.25		1
463.375		1
463.5		1
463.625		1
463.75		1
463.875		1
464		1
464.125		1
464.25		1
464.375		1
464.5		1
464.625		1
464.75		1
464.875		1
465		1
465.125		1
465.25		1
465.375		1
465.5		1
465.625		1
465.75		1
465.875		1
466		1
466.125		1
466.25		1
466.375		1
466.5		1
466.625		1
466.75		1
466.875		1
467		1
467.125		1
467.25		1
467.375		1
467.5		1
467.625		1
467.75		1
467.875		1
468		1
468.125		1
468.25		1
468.375		1
468.5		1
468.625		1
468.75		1
468.875		1
469		1
469.125		1
469.25		1
469.375		1
469.5		1
469.625		1
469.75		1
469.875		1
470		1
470.125		1
470.25		1
470.375		1
470.5		1
470.625		1
470.75		1
470.875		1
471		1
471.125		1
471.25		1
471.375		1
471.5		1
471.625		1
471.75		1
471.875		1
472		1
472.125		1
472.25		1
472.375		1
472.5		1
472.625		1
472.75		1
472.875		1
473		1
473.125		1
473.25		1
473.375		1
473.5		1
473.625		1
473.75		1
473.875		1
474		1
474.125		1
474.25		1
474.375		1
474.5		1
474.625		1
474.75		1
474.875		1
475		1
475.125		1
475.25		1
475.375		1
475.5		1
475.625		1
475.75		1
475.875		1
476		1
476.125		1
476.25		1
476.375		1
476.5		1
476.625		1
476.75		1
476.875		1
477		1
477.125		1
477.25		1
477.375		1
477.5		1
477.625		1
477.75		1
477.875		1
478		1
478.125		1
478.25		1
478.375		1
478.5		1
478.625		1
478.75		1
478.875		1
479		1
479.125		1
479.25		1
479.375		1
479.5		1
479.625		1
479.75		1
479.875		1
480		1
480.125		1
480.25		1
480.375		1
480.5		1
480.625		1
480.75		1
480.875		1
481		1
481.125		1
481.25		1
481.375		1
481.5		1
481.625		1
481.75		1
481.875		1
482		1
482.125		1
482.25		1
482.375		1
482.5		1
482.625		1
482.75		1
482.875		1
483		1
483.125		1
483.25		1
483.375		1
483.5		1
483.625		1
483.75		1
483.875		1
484		1
484.125		1
484.25		1
484.375		1
484.5		1
484.625		1
484.75		1
484.875		1
485		1
485.125		1
485.25		1
485.375		1
485.5		1
485.625		1
485.75		1
485.875		1
486		1
486.125		1
486.25		1
486.375		1
486.5		1
486.625		1
486.75		1
486.875		1
487		1
487.125		1
487.25		1
487.375		1
487.5		1
487.625		1
487.75		1
487.875		1
488		1
488.125		1
488.25		1
488.375		1
488.5		1
488.625		1
488.75		1
488.875		1
489		1
489.125		1
489.25		1
489.375		1
489.5		1
489.625		1
489.75		1
489.875		1
490		1
490.125		1
490.25		1
490.375		1
490.5		1
490.625		1
490.75		1
490.875		1
491		1
491.125		1
491.25		1
491.375		1
491.5		1
491.625		1
491.75		1
491.875		1
492		1
492.125		1
492.25		1
492.375		1
492.5		1
492.625		1
492.75		1
492.875		1
493		1
493.125		1
493.25		1
493.375		1
493.5		1
493.625		1
493.75		1
493.875		1
494		1
494.125		1
494.25		1
494.375		1
494.5		1
494.625		1
494.75		1
494.875		1
495		1
495.125		1
495.25		1
495.375		1
495.5		1
495.625		1
495.75		1
495.875		1
496		1
496.125		1
496.25		1
496.375		1
496.5		1
496.625		1
496.75		1
496.875		1
497		1
497.125		1
497.25		1
497.375		1
497.5		1
497.625		1
497.75		1
497.875		1
498		1
498.125		1
498.25		1
498.375		1
498.5		1
498.625		1
498.75		1
498.875		1
499		1
499.125		1
499.25		1
499.375		1
499.5		1
499.625		1
499.75		1
499.875		1
500		1
