# Calibration file of tamex_id 0 @ channel 2
# fine_T bin		 Calibration value
0.125		0
0.25		0
0.375		0
0.5		0
0.625		0
0.75		0
0.875		0
1		0
1.125		0
1.25		0
1.375		0
1.5		0
1.625		0
1.75		0
1.875		0
2		0
2.125		0
2.25		0
2.375		0
2.5		0
2.625		0
2.75		0
2.875		0
3		0
3.125		0
3.25		0
3.375		0
3.5		0
3.625		0
3.75		0
3.875		0
4		0
4.125		0
4.25		0
4.375		0
4.5		0
4.625		0
4.75		0
4.875		0
5		0
5.125		0
5.25		0
5.375		0
5.5		0
5.625		0
5.75		0
5.875		0
6		0
6.125		0
6.25		0
6.375		0
6.5		0
6.625		0
6.75		0
6.875		0
7		0
7.125		0
7.25		0
7.375		0
7.5		0
7.625		0
7.75		0
7.875		0
8		0
8.125		0
8.25		0
8.375		0
8.5		0
8.625		0
8.75		0
8.875		0
9		0
9.125		0
9.25		0
9.375		0
9.5		0
9.625		0
9.75		0
9.875		0
10		0
10.125		0
10.25		0
10.375		0
10.5		0
10.625		0
10.75		0
10.875		0
11		0
11.125		0
11.25		0
11.375		0
11.5		0
11.625		0
11.75		0
11.875		0
12		0
12.125		0
12.25		0
12.375		0
12.5		0
12.625		0
12.75		0
12.875		0
13		0
13.125		0
13.25		0
13.375		0
13.5		0
13.625		0
13.75		0
13.875		0
14		0
14.125		0
14.25		0
14.375		0
14.5		0
14.625		0
14.75		0
14.875		0
15		0
15.125		0
15.25		0
15.375		0
15.5		0
15.625		0
15.75		0
15.875		0
16		0
16.125		0.00236575
16.25		0.00236575
16.375		0.00236575
16.5		0.00236575
16.625		0.00236575
16.75		0.00236575
16.875		0.00236575
17		0.00236575
17.125		0.00852549
17.25		0.00852549
17.375		0.00852549
17.5		0.00852549
17.625		0.00852549
17.75		0.00852549
17.875		0.00852549
18		0.00852549
18.125		0.0115216
18.25		0.0115216
18.375		0.0115216
18.5		0.0115216
18.625		0.0115216
18.75		0.0115216
18.875		0.0115216
19		0.0115216
19.125		0.0118587
19.25		0.0118587
19.375		0.0118587
19.5		0.0118587
19.625		0.0118587
19.75		0.0118587
19.875		0.0118587
20		0.0118587
20.125		0.0165822
20.25		0.0165822
20.375		0.0165822
20.5		0.0165822
20.625		0.0165822
20.75		0.0165822
20.875		0.0165822
21		0.0165822
21.125		0.0201408
21.25		0.0201408
21.375		0.0201408
21.5		0.0201408
21.625		0.0201408
21.75		0.0201408
21.875		0.0201408
22		0.0201408
22.125		0.0203842
22.25		0.0203842
22.375		0.0203842
22.5		0.0203842
22.625		0.0203842
22.75		0.0203842
22.875		0.0203842
23		0.0203842
23.125		0.0236735
23.25		0.0236735
23.375		0.0236735
23.5		0.0236735
23.625		0.0236735
23.75		0.0236735
23.875		0.0236735
24		0.0236735
24.125		0.0268092
24.25		0.0268092
24.375		0.0268092
24.5		0.0268092
24.625		0.0268092
24.75		0.0268092
24.875		0.0268092
25		0.0268092
25.125		0.0279682
25.25		0.0279682
25.375		0.0279682
25.5		0.0279682
25.625		0.0279682
25.75		0.0279682
25.875		0.0279682
26		0.0279682
26.125		0.0289316
26.25		0.0289316
26.375		0.0289316
26.5		0.0289316
26.625		0.0289316
26.75		0.0289316
26.875		0.0289316
27		0.0289316
27.125		0.0308885
27.25		0.0308885
27.375		0.0308885
27.5		0.0308885
27.625		0.0308885
27.75		0.0308885
27.875		0.0308885
28		0.0308885
28.125		0.0336133
28.25		0.0336133
28.375		0.0336133
28.5		0.0336133
28.625		0.0336133
28.75		0.0336133
28.875		0.0336133
29		0.0336133
29.125		0.0369684
29.25		0.0369684
29.375		0.0369684
29.5		0.0369684
29.625		0.0369684
29.75		0.0369684
29.875		0.0369684
30		0.0369684
30.125		0.0386001
30.25		0.0386001
30.375		0.0386001
30.5		0.0386001
30.625		0.0386001
30.75		0.0386001
30.875		0.0386001
31		0.0386001
31.125		0.0399785
31.25		0.0399785
31.375		0.0399785
31.5		0.0399785
31.625		0.0399785
31.75		0.0399785
31.875		0.0399785
32		0.0399785
32.125		0.0426334
32.25		0.0426334
32.375		0.0426334
32.5		0.0426334
32.625		0.0426334
32.75		0.0426334
32.875		0.0426334
33		0.0426334
33.125		0.0429466
33.25		0.0429466
33.375		0.0429466
33.5		0.0429466
33.625		0.0429466
33.75		0.0429466
33.875		0.0429466
34		0.0429466
34.125		0.0463616
34.25		0.0463616
34.375		0.0463616
34.5		0.0463616
34.625		0.0463616
34.75		0.0463616
34.875		0.0463616
35		0.0463616
35.125		0.0485698
35.25		0.0485698
35.375		0.0485698
35.5		0.0485698
35.625		0.0485698
35.75		0.0485698
35.875		0.0485698
36		0.0485698
36.125		0.0516836
36.25		0.0516836
36.375		0.0516836
36.5		0.0516836
36.625		0.0516836
36.75		0.0516836
36.875		0.0516836
37		0.0516836
37.125		0.0537022
37.25		0.0537022
37.375		0.0537022
37.5		0.0537022
37.625		0.0537022
37.75		0.0537022
37.875		0.0537022
38		0.0537022
38.125		0.0578872
38.25		0.0578872
38.375		0.0578872
38.5		0.0578872
38.625		0.0578872
38.75		0.0578872
38.875		0.0578872
39		0.0578872
39.125		0.0586791
39.25		0.0586791
39.375		0.0586791
39.5		0.0586791
39.625		0.0586791
39.75		0.0586791
39.875		0.0586791
40		0.0586791
40.125		0.0588885
40.25		0.0588885
40.375		0.0588885
40.5		0.0588885
40.625		0.0588885
40.75		0.0588885
40.875		0.0588885
41		0.0588885
41.125		0.0606259
41.25		0.0606259
41.375		0.0606259
41.5		0.0606259
41.625		0.0606259
41.75		0.0606259
41.875		0.0606259
42		0.0606259
42.125		0.064757
42.25		0.064757
42.375		0.064757
42.5		0.064757
42.625		0.064757
42.75		0.064757
42.875		0.064757
43		0.064757
43.125		0.067436
43.25		0.067436
43.375		0.067436
43.5		0.067436
43.625		0.067436
43.75		0.067436
43.875		0.067436
44		0.067436
44.125		0.0689959
44.25		0.0689959
44.375		0.0689959
44.5		0.0689959
44.625		0.0689959
44.75		0.0689959
44.875		0.0689959
45		0.0689959
45.125		0.0691993
45.25		0.0691993
45.375		0.0691993
45.5		0.0691993
45.625		0.0691993
45.75		0.0691993
45.875		0.0691993
46		0.0691993
46.125		0.0736097
46.25		0.0736097
46.375		0.0736097
46.5		0.0736097
46.625		0.0736097
46.75		0.0736097
46.875		0.0736097
47		0.0736097
47.125		0.0737074
47.25		0.0737074
47.375		0.0737074
47.5		0.0737074
47.625		0.0737074
47.75		0.0737074
47.875		0.0737074
48		0.0737074
48.125		0.0770366
48.25		0.0770366
48.375		0.0770366
48.5		0.0770366
48.625		0.0770366
48.75		0.0770366
48.875		0.0770366
49		0.0770366
49.125		0.0774176
49.25		0.0774176
49.375		0.0774176
49.5		0.0774176
49.625		0.0774176
49.75		0.0774176
49.875		0.0774176
50		0.0774176
50.125		0.0782654
50.25		0.0782654
50.375		0.0782654
50.5		0.0782654
50.625		0.0782654
50.75		0.0782654
50.875		0.0782654
51		0.0782654
51.125		0.0840222
51.25		0.0840222
51.375		0.0840222
51.5		0.0840222
51.625		0.0840222
51.75		0.0840222
51.875		0.0840222
52		0.0840222
52.125		0.0849956
52.25		0.0849956
52.375		0.0849956
52.5		0.0849956
52.625		0.0849956
52.75		0.0849956
52.875		0.0849956
53		0.0849956
53.125		0.087517
53.25		0.087517
53.375		0.087517
53.5		0.087517
53.625		0.087517
53.75		0.087517
53.875		0.087517
54		0.087517
54.125		0.0889332
54.25		0.0889332
54.375		0.0889332
54.5		0.0889332
54.625		0.0889332
54.75		0.0889332
54.875		0.0889332
55		0.0889332
55.125		0.089781
55.25		0.089781
55.375		0.089781
55.5		0.089781
55.625		0.089781
55.75		0.089781
55.875		0.089781
56		0.089781
56.125		0.0960006
56.25		0.0960006
56.375		0.0960006
56.5		0.0960006
56.625		0.0960006
56.75		0.0960006
56.875		0.0960006
57		0.0960006
57.125		0.0966488
57.25		0.0966488
57.375		0.0966488
57.5		0.0966488
57.625		0.0966488
57.75		0.0966488
57.875		0.0966488
58		0.0966488
58.125		0.0987453
58.25		0.0987453
58.375		0.0987453
58.5		0.0987453
58.625		0.0987453
58.75		0.0987453
58.875		0.0987453
59		0.0987453
59.125		0.0989568
59.25		0.0989568
59.375		0.0989568
59.5		0.0989568
59.625		0.0989568
59.75		0.0989568
59.875		0.0989568
60		0.0989568
60.125		0.104622
60.25		0.104622
60.375		0.104622
60.5		0.104622
60.625		0.104622
60.75		0.104622
60.875		0.104622
61		0.104622
61.125		0.104813
61.25		0.104813
61.375		0.104813
61.5		0.104813
61.625		0.104813
61.75		0.104813
61.875		0.104813
62		0.104813
62.125		0.107474
62.25		0.107474
62.375		0.107474
62.5		0.107474
62.625		0.107474
62.75		0.107474
62.875		0.107474
63		0.107474
63.125		0.110253
63.25		0.110253
63.375		0.110253
63.5		0.110253
63.625		0.110253
63.75		0.110253
63.875		0.110253
64		0.110253
64.125		0.113682
64.25		0.113682
64.375		0.113682
64.5		0.113682
64.625		0.113682
64.75		0.113682
64.875		0.113682
65		0.113682
65.125		0.114799
65.25		0.114799
65.375		0.114799
65.5		0.114799
65.625		0.114799
65.75		0.114799
65.875		0.114799
66		0.114799
66.125		0.115006
66.25		0.115006
66.375		0.115006
66.5		0.115006
66.625		0.115006
66.75		0.115006
66.875		0.115006
67		0.115006
67.125		0.115627
67.25		0.115627
67.375		0.115627
67.5		0.115627
67.625		0.115627
67.75		0.115627
67.875		0.115627
68		0.115627
68.125		0.122604
68.25		0.122604
68.375		0.122604
68.5		0.122604
68.625		0.122604
68.75		0.122604
68.875		0.122604
69		0.122604
69.125		0.123552
69.25		0.123552
69.375		0.123552
69.5		0.123552
69.625		0.123552
69.75		0.123552
69.875		0.123552
70		0.123552
70.125		0.125539
70.25		0.125539
70.375		0.125539
70.5		0.125539
70.625		0.125539
70.75		0.125539
70.875		0.125539
71		0.125539
71.125		0.125987
71.25		0.125987
71.375		0.125987
71.5		0.125987
71.625		0.125987
71.75		0.125987
71.875		0.125987
72		0.125987
72.125		0.131238
72.25		0.131238
72.375		0.131238
72.5		0.131238
72.625		0.131238
72.75		0.131238
72.875		0.131238
73		0.131238
73.125		0.131567
73.25		0.131567
73.375		0.131567
73.5		0.131567
73.625		0.131567
73.75		0.131567
73.875		0.131567
74		0.131567
74.125		0.132361
74.25		0.132361
74.375		0.132361
74.5		0.132361
74.625		0.132361
74.75		0.132361
74.875		0.132361
75		0.132361
75.125		0.134678
75.25		0.134678
75.375		0.134678
75.5		0.134678
75.625		0.134678
75.75		0.134678
75.875		0.134678
76		0.134678
76.125		0.138829
76.25		0.138829
76.375		0.138829
76.5		0.138829
76.625		0.138829
76.75		0.138829
76.875		0.138829
77		0.138829
77.125		0.139564
77.25		0.139564
77.375		0.139564
77.5		0.139564
77.625		0.139564
77.75		0.139564
77.875		0.139564
78		0.139564
78.125		0.143354
78.25		0.143354
78.375		0.143354
78.5		0.143354
78.625		0.143354
78.75		0.143354
78.875		0.143354
79		0.143354
79.125		0.1448
79.25		0.1448
79.375		0.1448
79.5		0.1448
79.625		0.1448
79.75		0.1448
79.875		0.1448
80		0.1448
80.125		0.1517
80.25		0.1517
80.375		0.1517
80.5		0.1517
80.625		0.1517
80.75		0.1517
80.875		0.1517
81		0.1517
81.125		0.151971
81.25		0.151971
81.375		0.151971
81.5		0.151971
81.625		0.151971
81.75		0.151971
81.875		0.151971
82		0.151971
82.125		0.152978
82.25		0.152978
82.375		0.152978
82.5		0.152978
82.625		0.152978
82.75		0.152978
82.875		0.152978
83		0.152978
83.125		0.157215
83.25		0.157215
83.375		0.157215
83.5		0.157215
83.625		0.157215
83.75		0.157215
83.875		0.157215
84		0.157215
84.125		0.159615
84.25		0.159615
84.375		0.159615
84.5		0.159615
84.625		0.159615
84.75		0.159615
84.875		0.159615
85		0.159615
85.125		0.163574
85.25		0.163574
85.375		0.163574
85.5		0.163574
85.625		0.163574
85.75		0.163574
85.875		0.163574
86		0.163574
86.125		0.164627
86.25		0.164627
86.375		0.164627
86.5		0.164627
86.625		0.164627
86.75		0.164627
86.875		0.164627
87		0.164627
87.125		0.167504
87.25		0.167504
87.375		0.167504
87.5		0.167504
87.625		0.167504
87.75		0.167504
87.875		0.167504
88		0.167504
88.125		0.16881
88.25		0.16881
88.375		0.16881
88.5		0.16881
88.625		0.16881
88.75		0.16881
88.875		0.16881
89		0.16881
89.125		0.170761
89.25		0.170761
89.375		0.170761
89.5		0.170761
89.625		0.170761
89.75		0.170761
89.875		0.170761
90		0.170761
90.125		0.170959
90.25		0.170959
90.375		0.170959
90.5		0.170959
90.625		0.170959
90.75		0.170959
90.875		0.170959
91		0.170959
91.125		0.176079
91.25		0.176079
91.375		0.176079
91.5		0.176079
91.625		0.176079
91.75		0.176079
91.875		0.176079
92		0.176079
92.125		0.177469
92.25		0.177469
92.375		0.177469
92.5		0.177469
92.625		0.177469
92.75		0.177469
92.875		0.177469
93		0.177469
93.125		0.180049
93.25		0.180049
93.375		0.180049
93.5		0.180049
93.625		0.180049
93.75		0.180049
93.875		0.180049
94		0.180049
94.125		0.181319
94.25		0.181319
94.375		0.181319
94.5		0.181319
94.625		0.181319
94.75		0.181319
94.875		0.181319
95		0.181319
95.125		0.183398
95.25		0.183398
95.375		0.183398
95.5		0.183398
95.625		0.183398
95.75		0.183398
95.875		0.183398
96		0.183398
96.125		0.185231
96.25		0.185231
96.375		0.185231
96.5		0.185231
96.625		0.185231
96.75		0.185231
96.875		0.185231
97		0.185231
97.125		0.18706
97.25		0.18706
97.375		0.18706
97.5		0.18706
97.625		0.18706
97.75		0.18706
97.875		0.18706
98		0.18706
98.125		0.192191
98.25		0.192191
98.375		0.192191
98.5		0.192191
98.625		0.192191
98.75		0.192191
98.875		0.192191
99		0.192191
99.125		0.19324
99.25		0.19324
99.375		0.19324
99.5		0.19324
99.625		0.19324
99.75		0.19324
99.875		0.19324
100		0.19324
100.125		0.193856
100.25		0.193856
100.375		0.193856
100.5		0.193856
100.625		0.193856
100.75		0.193856
100.875		0.193856
101		0.193856
101.125		0.196222
101.25		0.196222
101.375		0.196222
101.5		0.196222
101.625		0.196222
101.75		0.196222
101.875		0.196222
102		0.196222
102.125		0.200205
102.25		0.200205
102.375		0.200205
102.5		0.200205
102.625		0.200205
102.75		0.200205
102.875		0.200205
103		0.200205
103.125		0.203449
103.25		0.203449
103.375		0.203449
103.5		0.203449
103.625		0.203449
103.75		0.203449
103.875		0.203449
104		0.203449
104.125		0.204153
104.25		0.204153
104.375		0.204153
104.5		0.204153
104.625		0.204153
104.75		0.204153
104.875		0.204153
105		0.204153
105.125		0.204392
105.25		0.204392
105.375		0.204392
105.5		0.204392
105.625		0.204392
105.75		0.204392
105.875		0.204392
106		0.204392
106.125		0.211478
106.25		0.211478
106.375		0.211478
106.5		0.211478
106.625		0.211478
106.75		0.211478
106.875		0.211478
107		0.211478
107.125		0.212483
107.25		0.212483
107.375		0.212483
107.5		0.212483
107.625		0.212483
107.75		0.212483
107.875		0.212483
108		0.212483
108.125		0.213909
108.25		0.213909
108.375		0.213909
108.5		0.213909
108.625		0.213909
108.75		0.213909
108.875		0.213909
109		0.213909
109.125		0.214984
109.25		0.214984
109.375		0.214984
109.5		0.214984
109.625		0.214984
109.75		0.214984
109.875		0.214984
110		0.214984
110.125		0.220486
110.25		0.220486
110.375		0.220486
110.5		0.220486
110.625		0.220486
110.75		0.220486
110.875		0.220486
111		0.220486
111.125		0.222457
111.25		0.222457
111.375		0.222457
111.5		0.222457
111.625		0.222457
111.75		0.222457
111.875		0.222457
112		0.222457
112.125		0.223368
112.25		0.223368
112.375		0.223368
112.5		0.223368
112.625		0.223368
112.75		0.223368
112.875		0.223368
113		0.223368
113.125		0.229795
113.25		0.229795
113.375		0.229795
113.5		0.229795
113.625		0.229795
113.75		0.229795
113.875		0.229795
114		0.229795
114.125		0.229913
114.25		0.229913
114.375		0.229913
114.5		0.229913
114.625		0.229913
114.75		0.229913
114.875		0.229913
115		0.229913
115.125		0.232373
115.25		0.232373
115.375		0.232373
115.5		0.232373
115.625		0.232373
115.75		0.232373
115.875		0.232373
116		0.232373
116.125		0.233873
116.25		0.233873
116.375		0.233873
116.5		0.233873
116.625		0.233873
116.75		0.233873
116.875		0.233873
117		0.233873
117.125		0.235281
117.25		0.235281
117.375		0.235281
117.5		0.235281
117.625		0.235281
117.75		0.235281
117.875		0.235281
118		0.235281
118.125		0.239815
118.25		0.239815
118.375		0.239815
118.5		0.239815
118.625		0.239815
118.75		0.239815
118.875		0.239815
119		0.239815
119.125		0.243366
119.25		0.243366
119.375		0.243366
119.5		0.243366
119.625		0.243366
119.75		0.243366
119.875		0.243366
120		0.243366
120.125		0.245017
120.25		0.245017
120.375		0.245017
120.5		0.245017
120.625		0.245017
120.75		0.245017
120.875		0.245017
121		0.245017
121.125		0.245747
121.25		0.245747
121.375		0.245747
121.5		0.245747
121.625		0.245747
121.75		0.245747
121.875		0.245747
122		0.245747
122.125		0.246376
122.25		0.246376
122.375		0.246376
122.5		0.246376
122.625		0.246376
122.75		0.246376
122.875		0.246376
123		0.246376
123.125		0.247552
123.25		0.247552
123.375		0.247552
123.5		0.247552
123.625		0.247552
123.75		0.247552
123.875		0.247552
124		0.247552
124.125		0.251781
124.25		0.251781
124.375		0.251781
124.5		0.251781
124.625		0.251781
124.75		0.251781
124.875		0.251781
125		0.251781
125.125		0.254458
125.25		0.254458
125.375		0.254458
125.5		0.254458
125.625		0.254458
125.75		0.254458
125.875		0.254458
126		0.254458
126.125		0.254678
126.25		0.254678
126.375		0.254678
126.5		0.254678
126.625		0.254678
126.75		0.254678
126.875		0.254678
127		0.254678
127.125		0.259804
127.25		0.259804
127.375		0.259804
127.5		0.259804
127.625		0.259804
127.75		0.259804
127.875		0.259804
128		0.259804
128.125		0.260149
128.25		0.260149
128.375		0.260149
128.5		0.260149
128.625		0.260149
128.75		0.260149
128.875		0.260149
129		0.260149
129.125		0.263099
129.25		0.263099
129.375		0.263099
129.5		0.263099
129.625		0.263099
129.75		0.263099
129.875		0.263099
130		0.263099
130.125		0.265469
130.25		0.265469
130.375		0.265469
130.5		0.265469
130.625		0.265469
130.75		0.265469
130.875		0.265469
131		0.265469
131.125		0.267989
131.25		0.267989
131.375		0.267989
131.5		0.267989
131.625		0.267989
131.75		0.267989
131.875		0.267989
132		0.267989
132.125		0.26967
132.25		0.26967
132.375		0.26967
132.5		0.26967
132.625		0.26967
132.75		0.26967
132.875		0.26967
133		0.26967
133.125		0.270059
133.25		0.270059
133.375		0.270059
133.5		0.270059
133.625		0.270059
133.75		0.270059
133.875		0.270059
134		0.270059
134.125		0.272537
134.25		0.272537
134.375		0.272537
134.5		0.272537
134.625		0.272537
134.75		0.272537
134.875		0.272537
135		0.272537
135.125		0.277234
135.25		0.277234
135.375		0.277234
135.5		0.277234
135.625		0.277234
135.75		0.277234
135.875		0.277234
136		0.277234
136.125		0.277547
136.25		0.277547
136.375		0.277547
136.5		0.277547
136.625		0.277547
136.75		0.277547
136.875		0.277547
137		0.277547
137.125		0.279716
137.25		0.279716
137.375		0.279716
137.5		0.279716
137.625		0.279716
137.75		0.279716
137.875		0.279716
138		0.279716
138.125		0.28427
138.25		0.28427
138.375		0.28427
138.5		0.28427
138.625		0.28427
138.75		0.28427
138.875		0.28427
139		0.28427
139.125		0.286051
139.25		0.286051
139.375		0.286051
139.5		0.286051
139.625		0.286051
139.75		0.286051
139.875		0.286051
140		0.286051
140.125		0.286334
140.25		0.286334
140.375		0.286334
140.5		0.286334
140.625		0.286334
140.75		0.286334
140.875		0.286334
141		0.286334
141.125		0.288401
141.25		0.288401
141.375		0.288401
141.5		0.288401
141.625		0.288401
141.75		0.288401
141.875		0.288401
142		0.288401
142.125		0.290393
142.25		0.290393
142.375		0.290393
142.5		0.290393
142.625		0.290393
142.75		0.290393
142.875		0.290393
143		0.290393
143.125		0.294086
143.25		0.294086
143.375		0.294086
143.5		0.294086
143.625		0.294086
143.75		0.294086
143.875		0.294086
144		0.294086
144.125		0.295354
144.25		0.295354
144.375		0.295354
144.5		0.295354
144.625		0.295354
144.75		0.295354
144.875		0.295354
145		0.295354
145.125		0.298201
145.25		0.298201
145.375		0.298201
145.5		0.298201
145.625		0.298201
145.75		0.298201
145.875		0.298201
146		0.298201
146.125		0.30152
146.25		0.30152
146.375		0.30152
146.5		0.30152
146.625		0.30152
146.75		0.30152
146.875		0.30152
147		0.30152
147.125		0.302168
147.25		0.302168
147.375		0.302168
147.5		0.302168
147.625		0.302168
147.75		0.302168
147.875		0.302168
148		0.302168
148.125		0.305212
148.25		0.305212
148.375		0.305212
148.5		0.305212
148.625		0.305212
148.75		0.305212
148.875		0.305212
149		0.305212
149.125		0.307063
149.25		0.307063
149.375		0.307063
149.5		0.307063
149.625		0.307063
149.75		0.307063
149.875		0.307063
150		0.307063
150.125		0.307331
150.25		0.307331
150.375		0.307331
150.5		0.307331
150.625		0.307331
150.75		0.307331
150.875		0.307331
151		0.307331
151.125		0.312918
151.25		0.312918
151.375		0.312918
151.5		0.312918
151.625		0.312918
151.75		0.312918
151.875		0.312918
152		0.312918
152.125		0.316313
152.25		0.316313
152.375		0.316313
152.5		0.316313
152.625		0.316313
152.75		0.316313
152.875		0.316313
153		0.316313
153.125		0.316682
153.25		0.316682
153.375		0.316682
153.5		0.316682
153.625		0.316682
153.75		0.316682
153.875		0.316682
154		0.316682
154.125		0.317123
154.25		0.317123
154.375		0.317123
154.5		0.317123
154.625		0.317123
154.75		0.317123
154.875		0.317123
155		0.317123
155.125		0.320103
155.25		0.320103
155.375		0.320103
155.5		0.320103
155.625		0.320103
155.75		0.320103
155.875		0.320103
156		0.320103
156.125		0.324118
156.25		0.324118
156.375		0.324118
156.5		0.324118
156.625		0.324118
156.75		0.324118
156.875		0.324118
157		0.324118
157.125		0.324404
157.25		0.324404
157.375		0.324404
157.5		0.324404
157.625		0.324404
157.75		0.324404
157.875		0.324404
158		0.324404
158.125		0.326107
158.25		0.326107
158.375		0.326107
158.5		0.326107
158.625		0.326107
158.75		0.326107
158.875		0.326107
159		0.326107
159.125		0.327268
159.25		0.327268
159.375		0.327268
159.5		0.327268
159.625		0.327268
159.75		0.327268
159.875		0.327268
160		0.327268
160.125		0.332319
160.25		0.332319
160.375		0.332319
160.5		0.332319
160.625		0.332319
160.75		0.332319
160.875		0.332319
161		0.332319
161.125		0.333767
161.25		0.333767
161.375		0.333767
161.5		0.333767
161.625		0.333767
161.75		0.333767
161.875		0.333767
162		0.333767
162.125		0.335885
162.25		0.335885
162.375		0.335885
162.5		0.335885
162.625		0.335885
162.75		0.335885
162.875		0.335885
163		0.335885
163.125		0.336811
163.25		0.336811
163.375		0.336811
163.5		0.336811
163.625		0.336811
163.75		0.336811
163.875		0.336811
164		0.336811
164.125		0.338957
164.25		0.338957
164.375		0.338957
164.5		0.338957
164.625		0.338957
164.75		0.338957
164.875		0.338957
165		0.338957
165.125		0.342843
165.25		0.342843
165.375		0.342843
165.5		0.342843
165.625		0.342843
165.75		0.342843
165.875		0.342843
166		0.342843
166.125		0.344191
166.25		0.344191
166.375		0.344191
166.5		0.344191
166.625		0.344191
166.75		0.344191
166.875		0.344191
167		0.344191
167.125		0.344586
167.25		0.344586
167.375		0.344586
167.5		0.344586
167.625		0.344586
167.75		0.344586
167.875		0.344586
168		0.344586
168.125		0.348408
168.25		0.348408
168.375		0.348408
168.5		0.348408
168.625		0.348408
168.75		0.348408
168.875		0.348408
169		0.348408
169.125		0.350806
169.25		0.350806
169.375		0.350806
169.5		0.350806
169.625		0.350806
169.75		0.350806
169.875		0.350806
170		0.350806
170.125		0.352587
170.25		0.352587
170.375		0.352587
170.5		0.352587
170.625		0.352587
170.75		0.352587
170.875		0.352587
171		0.352587
171.125		0.353337
171.25		0.353337
171.375		0.353337
171.5		0.353337
171.625		0.353337
171.75		0.353337
171.875		0.353337
172		0.353337
172.125		0.353654
172.25		0.353654
172.375		0.353654
172.5		0.353654
172.625		0.353654
172.75		0.353654
172.875		0.353654
173		0.353654
173.125		0.360197
173.25		0.360197
173.375		0.360197
173.5		0.360197
173.625		0.360197
173.75		0.360197
173.875		0.360197
174		0.360197
174.125		0.364093
174.25		0.364093
174.375		0.364093
174.5		0.364093
174.625		0.364093
174.75		0.364093
174.875		0.364093
175		0.364093
175.125		0.364248
175.25		0.364248
175.375		0.364248
175.5		0.364248
175.625		0.364248
175.75		0.364248
175.875		0.364248
176		0.364248
176.125		0.364681
176.25		0.364681
176.375		0.364681
176.5		0.364681
176.625		0.364681
176.75		0.364681
176.875		0.364681
177		0.364681
177.125		0.36516
177.25		0.36516
177.375		0.36516
177.5		0.36516
177.625		0.36516
177.75		0.36516
177.875		0.36516
178		0.36516
178.125		0.372425
178.25		0.372425
178.375		0.372425
178.5		0.372425
178.625		0.372425
178.75		0.372425
178.875		0.372425
179		0.372425
179.125		0.373091
179.25		0.373091
179.375		0.373091
179.5		0.373091
179.625		0.373091
179.75		0.373091
179.875		0.373091
180		0.373091
180.125		0.374254
180.25		0.374254
180.375		0.374254
180.5		0.374254
180.625		0.374254
180.75		0.374254
180.875		0.374254
181		0.374254
181.125		0.376211
181.25		0.376211
181.375		0.376211
181.5		0.376211
181.625		0.376211
181.75		0.376211
181.875		0.376211
182		0.376211
182.125		0.378004
182.25		0.378004
182.375		0.378004
182.5		0.378004
182.625		0.378004
182.75		0.378004
182.875		0.378004
183		0.378004
183.125		0.379195
183.25		0.379195
183.375		0.379195
183.5		0.379195
183.625		0.379195
183.75		0.379195
183.875		0.379195
184		0.379195
184.125		0.383256
184.25		0.383256
184.375		0.383256
184.5		0.383256
184.625		0.383256
184.75		0.383256
184.875		0.383256
185		0.383256
185.125		0.383739
185.25		0.383739
185.375		0.383739
185.5		0.383739
185.625		0.383739
185.75		0.383739
185.875		0.383739
186		0.383739
186.125		0.388163
186.25		0.388163
186.375		0.388163
186.5		0.388163
186.625		0.388163
186.75		0.388163
186.875		0.388163
187		0.388163
187.125		0.388764
187.25		0.388764
187.375		0.388764
187.5		0.388764
187.625		0.388764
187.75		0.388764
187.875		0.388764
188		0.388764
188.125		0.389568
188.25		0.389568
188.375		0.389568
188.5		0.389568
188.625		0.389568
188.75		0.389568
188.875		0.389568
189		0.389568
189.125		0.390409
189.25		0.390409
189.375		0.390409
189.5		0.390409
189.625		0.390409
189.75		0.390409
189.875		0.390409
190		0.390409
190.125		0.396023
190.25		0.396023
190.375		0.396023
190.5		0.396023
190.625		0.396023
190.75		0.396023
190.875		0.396023
191		0.396023
191.125		0.398488
191.25		0.398488
191.375		0.398488
191.5		0.398488
191.625		0.398488
191.75		0.398488
191.875		0.398488
192		0.398488
192.125		0.398807
192.25		0.398807
192.375		0.398807
192.5		0.398807
192.625		0.398807
192.75		0.398807
192.875		0.398807
193		0.398807
193.125		0.399156
193.25		0.399156
193.375		0.399156
193.5		0.399156
193.625		0.399156
193.75		0.399156
193.875		0.399156
194		0.399156
194.125		0.402053
194.25		0.402053
194.375		0.402053
194.5		0.402053
194.625		0.402053
194.75		0.402053
194.875		0.402053
195		0.402053
195.125		0.406387
195.25		0.406387
195.375		0.406387
195.5		0.406387
195.625		0.406387
195.75		0.406387
195.875		0.406387
196		0.406387
196.125		0.408049
196.25		0.408049
196.375		0.408049
196.5		0.408049
196.625		0.408049
196.75		0.408049
196.875		0.408049
197		0.408049
197.125		0.411725
197.25		0.411725
197.375		0.411725
197.5		0.411725
197.625		0.411725
197.75		0.411725
197.875		0.411725
198		0.411725
198.125		0.412585
198.25		0.412585
198.375		0.412585
198.5		0.412585
198.625		0.412585
198.75		0.412585
198.875		0.412585
199		0.412585
199.125		0.413048
199.25		0.413048
199.375		0.413048
199.5		0.413048
199.625		0.413048
199.75		0.413048
199.875		0.413048
200		0.413048
200.125		0.416846
200.25		0.416846
200.375		0.416846
200.5		0.416846
200.625		0.416846
200.75		0.416846
200.875		0.416846
201		0.416846
201.125		0.417502
201.25		0.417502
201.375		0.417502
201.5		0.417502
201.625		0.417502
201.75		0.417502
201.875		0.417502
202		0.417502
202.125		0.419802
202.25		0.419802
202.375		0.419802
202.5		0.419802
202.625		0.419802
202.75		0.419802
202.875		0.419802
203		0.419802
203.125		0.423414
203.25		0.423414
203.375		0.423414
203.5		0.423414
203.625		0.423414
203.75		0.423414
203.875		0.423414
204		0.423414
204.125		0.427094
204.25		0.427094
204.375		0.427094
204.5		0.427094
204.625		0.427094
204.75		0.427094
204.875		0.427094
205		0.427094
205.125		0.428024
205.25		0.428024
205.375		0.428024
205.5		0.428024
205.625		0.428024
205.75		0.428024
205.875		0.428024
206		0.428024
206.125		0.428499
206.25		0.428499
206.375		0.428499
206.5		0.428499
206.625		0.428499
206.75		0.428499
206.875		0.428499
207		0.428499
207.125		0.43041
207.25		0.43041
207.375		0.43041
207.5		0.43041
207.625		0.43041
207.75		0.43041
207.875		0.43041
208		0.43041
208.125		0.437361
208.25		0.437361
208.375		0.437361
208.5		0.437361
208.625		0.437361
208.75		0.437361
208.875		0.437361
209		0.437361
209.125		0.437561
209.25		0.437561
209.375		0.437561
209.5		0.437561
209.625		0.437561
209.75		0.437561
209.875		0.437561
210		0.437561
210.125		0.437796
210.25		0.437796
210.375		0.437796
210.5		0.437796
210.625		0.437796
210.75		0.437796
210.875		0.437796
211		0.437796
211.125		0.439803
211.25		0.439803
211.375		0.439803
211.5		0.439803
211.625		0.439803
211.75		0.439803
211.875		0.439803
212		0.439803
212.125		0.444931
212.25		0.444931
212.375		0.444931
212.5		0.444931
212.625		0.444931
212.75		0.444931
212.875		0.444931
213		0.444931
213.125		0.445458
213.25		0.445458
213.375		0.445458
213.5		0.445458
213.625		0.445458
213.75		0.445458
213.875		0.445458
214		0.445458
214.125		0.448614
214.25		0.448614
214.375		0.448614
214.5		0.448614
214.625		0.448614
214.75		0.448614
214.875		0.448614
215		0.448614
215.125		0.448877
215.25		0.448877
215.375		0.448877
215.5		0.448877
215.625		0.448877
215.75		0.448877
215.875		0.448877
216		0.448877
216.125		0.450624
216.25		0.450624
216.375		0.450624
216.5		0.450624
216.625		0.450624
216.75		0.450624
216.875		0.450624
217		0.450624
217.125		0.455523
217.25		0.455523
217.375		0.455523
217.5		0.455523
217.625		0.455523
217.75		0.455523
217.875		0.455523
218		0.455523
218.125		0.456898
218.25		0.456898
218.375		0.456898
218.5		0.456898
218.625		0.456898
218.75		0.456898
218.875		0.456898
219		0.456898
219.125		0.457987
219.25		0.457987
219.375		0.457987
219.5		0.457987
219.625		0.457987
219.75		0.457987
219.875		0.457987
220		0.457987
220.125		0.459603
220.25		0.459603
220.375		0.459603
220.5		0.459603
220.625		0.459603
220.75		0.459603
220.875		0.459603
221		0.459603
221.125		0.463071
221.25		0.463071
221.375		0.463071
221.5		0.463071
221.625		0.463071
221.75		0.463071
221.875		0.463071
222		0.463071
222.125		0.463381
222.25		0.463381
222.375		0.463381
222.5		0.463381
222.625		0.463381
222.75		0.463381
222.875		0.463381
223		0.463381
223.125		0.469905
223.25		0.469905
223.375		0.469905
223.5		0.469905
223.625		0.469905
223.75		0.469905
223.875		0.469905
224		0.469905
224.125		0.470827
224.25		0.470827
224.375		0.470827
224.5		0.470827
224.625		0.470827
224.75		0.470827
224.875		0.470827
225		0.470827
225.125		0.471368
225.25		0.471368
225.375		0.471368
225.5		0.471368
225.625		0.471368
225.75		0.471368
225.875		0.471368
226		0.471368
226.125		0.473125
226.25		0.473125
226.375		0.473125
226.5		0.473125
226.625		0.473125
226.75		0.473125
226.875		0.473125
227		0.473125
227.125		0.474354
227.25		0.474354
227.375		0.474354
227.5		0.474354
227.625		0.474354
227.75		0.474354
227.875		0.474354
228		0.474354
228.125		0.475201
228.25		0.475201
228.375		0.475201
228.5		0.475201
228.625		0.475201
228.75		0.475201
228.875		0.475201
229		0.475201
229.125		0.480942
229.25		0.480942
229.375		0.480942
229.5		0.480942
229.625		0.480942
229.75		0.480942
229.875		0.480942
230		0.480942
230.125		0.483863
230.25		0.483863
230.375		0.483863
230.5		0.483863
230.625		0.483863
230.75		0.483863
230.875		0.483863
231		0.483863
231.125		0.484531
231.25		0.484531
231.375		0.484531
231.5		0.484531
231.625		0.484531
231.75		0.484531
231.875		0.484531
232		0.484531
232.125		0.484776
232.25		0.484776
232.375		0.484776
232.5		0.484776
232.625		0.484776
232.75		0.484776
232.875		0.484776
233		0.484776
233.125		0.486615
233.25		0.486615
233.375		0.486615
233.5		0.486615
233.625		0.486615
233.75		0.486615
233.875		0.486615
234		0.486615
234.125		0.493132
234.25		0.493132
234.375		0.493132
234.5		0.493132
234.625		0.493132
234.75		0.493132
234.875		0.493132
235		0.493132
235.125		0.494277
235.25		0.494277
235.375		0.494277
235.5		0.494277
235.625		0.494277
235.75		0.494277
235.875		0.494277
236		0.494277
236.125		0.49465
236.25		0.49465
236.375		0.49465
236.5		0.49465
236.625		0.49465
236.75		0.49465
236.875		0.49465
237		0.49465
237.125		0.495314
237.25		0.495314
237.375		0.495314
237.5		0.495314
237.625		0.495314
237.75		0.495314
237.875		0.495314
238		0.495314
238.125		0.501725
238.25		0.501725
238.375		0.501725
238.5		0.501725
238.625		0.501725
238.75		0.501725
238.875		0.501725
239		0.501725
239.125		0.502585
239.25		0.502585
239.375		0.502585
239.5		0.502585
239.625		0.502585
239.75		0.502585
239.875		0.502585
240		0.502585
240.125		0.503778
240.25		0.503778
240.375		0.503778
240.5		0.503778
240.625		0.503778
240.75		0.503778
240.875		0.503778
241		0.503778
241.125		0.504325
241.25		0.504325
241.375		0.504325
241.5		0.504325
241.625		0.504325
241.75		0.504325
241.875		0.504325
242		0.504325
242.125		0.509421
242.25		0.509421
242.375		0.509421
242.5		0.509421
242.625		0.509421
242.75		0.509421
242.875		0.509421
243		0.509421
243.125		0.511861
243.25		0.511861
243.375		0.511861
243.5		0.511861
243.625		0.511861
243.75		0.511861
243.875		0.511861
244		0.511861
244.125		0.512768
244.25		0.512768
244.375		0.512768
244.5		0.512768
244.625		0.512768
244.75		0.512768
244.875		0.512768
245		0.512768
245.125		0.516576
245.25		0.516576
245.375		0.516576
245.5		0.516576
245.625		0.516576
245.75		0.516576
245.875		0.516576
246		0.516576
246.125		0.518112
246.25		0.518112
246.375		0.518112
246.5		0.518112
246.625		0.518112
246.75		0.518112
246.875		0.518112
247		0.518112
247.125		0.519983
247.25		0.519983
247.375		0.519983
247.5		0.519983
247.625		0.519983
247.75		0.519983
247.875		0.519983
248		0.519983
248.125		0.521146
248.25		0.521146
248.375		0.521146
248.5		0.521146
248.625		0.521146
248.75		0.521146
248.875		0.521146
249		0.521146
249.125		0.524842
249.25		0.524842
249.375		0.524842
249.5		0.524842
249.625		0.524842
249.75		0.524842
249.875		0.524842
250		0.524842
250.125		0.527212
250.25		0.527212
250.375		0.527212
250.5		0.527212
250.625		0.527212
250.75		0.527212
250.875		0.527212
251		0.527212
251.125		0.529921
251.25		0.529921
251.375		0.529921
251.5		0.529921
251.625		0.529921
251.75		0.529921
251.875		0.529921
252		0.529921
252.125		0.531132
252.25		0.531132
252.375		0.531132
252.5		0.531132
252.625		0.531132
252.75		0.531132
252.875		0.531132
253		0.531132
253.125		0.532121
253.25		0.532121
253.375		0.532121
253.5		0.532121
253.625		0.532121
253.75		0.532121
253.875		0.532121
254		0.532121
254.125		0.5326
254.25		0.5326
254.375		0.5326
254.5		0.5326
254.625		0.5326
254.75		0.5326
254.875		0.5326
255		0.5326
255.125		0.535913
255.25		0.535913
255.375		0.535913
255.5		0.535913
255.625		0.535913
255.75		0.535913
255.875		0.535913
256		0.535913
256.125		0.541237
256.25		0.541237
256.375		0.541237
256.5		0.541237
256.625		0.541237
256.75		0.541237
256.875		0.541237
257		0.541237
257.125		0.542498
257.25		0.542498
257.375		0.542498
257.5		0.542498
257.625		0.542498
257.75		0.542498
257.875		0.542498
258		0.542498
258.125		0.543846
258.25		0.543846
258.375		0.543846
258.5		0.543846
258.625		0.543846
258.75		0.543846
258.875		0.543846
259		0.543846
259.125		0.545195
259.25		0.545195
259.375		0.545195
259.5		0.545195
259.625		0.545195
259.75		0.545195
259.875		0.545195
260		0.545195
260.125		0.550154
260.25		0.550154
260.375		0.550154
260.5		0.550154
260.625		0.550154
260.75		0.550154
260.875		0.550154
261		0.550154
261.125		0.551971
261.25		0.551971
261.375		0.551971
261.5		0.551971
261.625		0.551971
261.75		0.551971
261.875		0.551971
262		0.551971
262.125		0.552641
262.25		0.552641
262.375		0.552641
262.5		0.552641
262.625		0.552641
262.75		0.552641
262.875		0.552641
263		0.552641
263.125		0.553186
263.25		0.553186
263.375		0.553186
263.5		0.553186
263.625		0.553186
263.75		0.553186
263.875		0.553186
264		0.553186
264.125		0.55697
264.25		0.55697
264.375		0.55697
264.5		0.55697
264.625		0.55697
264.75		0.55697
264.875		0.55697
265		0.55697
265.125		0.559517
265.25		0.559517
265.375		0.559517
265.5		0.559517
265.625		0.559517
265.75		0.559517
265.875		0.559517
266		0.559517
266.125		0.561071
266.25		0.561071
266.375		0.561071
266.5		0.561071
266.625		0.561071
266.75		0.561071
266.875		0.561071
267		0.561071
267.125		0.561891
267.25		0.561891
267.375		0.561891
267.5		0.561891
267.625		0.561891
267.75		0.561891
267.875		0.561891
268		0.561891
268.125		0.567456
268.25		0.567456
268.375		0.567456
268.5		0.567456
268.625		0.567456
268.75		0.567456
268.875		0.567456
269		0.567456
269.125		0.568294
269.25		0.568294
269.375		0.568294
269.5		0.568294
269.625		0.568294
269.75		0.568294
269.875		0.568294
270		0.568294
270.125		0.568587
270.25		0.568587
270.375		0.568587
270.5		0.568587
270.625		0.568587
270.75		0.568587
270.875		0.568587
271		0.568587
271.125		0.572018
271.25		0.572018
271.375		0.572018
271.5		0.572018
271.625		0.572018
271.75		0.572018
271.875		0.572018
272		0.572018
272.125		0.572684
272.25		0.572684
272.375		0.572684
272.5		0.572684
272.625		0.572684
272.75		0.572684
272.875		0.572684
273		0.572684
273.125		0.576807
273.25		0.576807
273.375		0.576807
273.5		0.576807
273.625		0.576807
273.75		0.576807
273.875		0.576807
274		0.576807
274.125		0.577793
274.25		0.577793
274.375		0.577793
274.5		0.577793
274.625		0.577793
274.75		0.577793
274.875		0.577793
275		0.577793
275.125		0.581253
275.25		0.581253
275.375		0.581253
275.5		0.581253
275.625		0.581253
275.75		0.581253
275.875		0.581253
276		0.581253
276.125		0.584184
276.25		0.584184
276.375		0.584184
276.5		0.584184
276.625		0.584184
276.75		0.584184
276.875		0.584184
277		0.584184
277.125		0.585049
277.25		0.585049
277.375		0.585049
277.5		0.585049
277.625		0.585049
277.75		0.585049
277.875		0.585049
278		0.585049
278.125		0.586159
278.25		0.586159
278.375		0.586159
278.5		0.586159
278.625		0.586159
278.75		0.586159
278.875		0.586159
279		0.586159
279.125		0.588147
279.25		0.588147
279.375		0.588147
279.5		0.588147
279.625		0.588147
279.75		0.588147
279.875		0.588147
280		0.588147
280.125		0.595885
280.25		0.595885
280.375		0.595885
280.5		0.595885
280.625		0.595885
280.75		0.595885
280.875		0.595885
281		0.595885
281.125		0.596779
281.25		0.596779
281.375		0.596779
281.5		0.596779
281.625		0.596779
281.75		0.596779
281.875		0.596779
282		0.596779
282.125		0.598386
282.25		0.598386
282.375		0.598386
282.5		0.598386
282.625		0.598386
282.75		0.598386
282.875		0.598386
283		0.598386
283.125		0.598602
283.25		0.598602
283.375		0.598602
283.5		0.598602
283.625		0.598602
283.75		0.598602
283.875		0.598602
284		0.598602
284.125		0.598803
284.25		0.598803
284.375		0.598803
284.5		0.598803
284.625		0.598803
284.75		0.598803
284.875		0.598803
285		0.598803
285.125		0.605005
285.25		0.605005
285.375		0.605005
285.5		0.605005
285.625		0.605005
285.75		0.605005
285.875		0.605005
286		0.605005
286.125		0.606166
286.25		0.606166
286.375		0.606166
286.5		0.606166
286.625		0.606166
286.75		0.606166
286.875		0.606166
287		0.606166
287.125		0.606166
287.25		0.606166
287.375		0.606166
287.5		0.606166
287.625		0.606166
287.75		0.606166
287.875		0.606166
288		0.606166
288.125		0.610199
288.25		0.610199
288.375		0.610199
288.5		0.610199
288.625		0.610199
288.75		0.610199
288.875		0.610199
289		0.610199
289.125		0.612026
289.25		0.612026
289.375		0.612026
289.5		0.612026
289.625		0.612026
289.75		0.612026
289.875		0.612026
290		0.612026
290.125		0.614767
290.25		0.614767
290.375		0.614767
290.5		0.614767
290.625		0.614767
290.75		0.614767
290.875		0.614767
291		0.614767
291.125		0.616512
291.25		0.616512
291.375		0.616512
291.5		0.616512
291.625		0.616512
291.75		0.616512
291.875		0.616512
292		0.616512
292.125		0.617197
292.25		0.617197
292.375		0.617197
292.5		0.617197
292.625		0.617197
292.75		0.617197
292.875		0.617197
293		0.617197
293.125		0.6189
293.25		0.6189
293.375		0.6189
293.5		0.6189
293.625		0.6189
293.75		0.6189
293.875		0.6189
294		0.6189
294.125		0.625816
294.25		0.625816
294.375		0.625816
294.5		0.625816
294.625		0.625816
294.75		0.625816
294.875		0.625816
295		0.625816
295.125		0.626586
295.25		0.626586
295.375		0.626586
295.5		0.626586
295.625		0.626586
295.75		0.626586
295.875		0.626586
296		0.626586
296.125		0.627045
296.25		0.627045
296.375		0.627045
296.5		0.627045
296.625		0.627045
296.75		0.627045
296.875		0.627045
297		0.627045
297.125		0.627996
297.25		0.627996
297.375		0.627996
297.5		0.627996
297.625		0.627996
297.75		0.627996
297.875		0.627996
298		0.627996
298.125		0.631892
298.25		0.631892
298.375		0.631892
298.5		0.631892
298.625		0.631892
298.75		0.631892
298.875		0.631892
299		0.631892
299.125		0.63548
299.25		0.63548
299.375		0.63548
299.5		0.63548
299.625		0.63548
299.75		0.63548
299.875		0.63548
300		0.63548
300.125		0.635853
300.25		0.635853
300.375		0.635853
300.5		0.635853
300.625		0.635853
300.75		0.635853
300.875		0.635853
301		0.635853
301.125		0.638054
301.25		0.638054
301.375		0.638054
301.5		0.638054
301.625		0.638054
301.75		0.638054
301.875		0.638054
302		0.638054
302.125		0.641377
302.25		0.641377
302.375		0.641377
302.5		0.641377
302.625		0.641377
302.75		0.641377
302.875		0.641377
303		0.641377
303.125		0.644654
303.25		0.644654
303.375		0.644654
303.5		0.644654
303.625		0.644654
303.75		0.644654
303.875		0.644654
304		0.644654
304.125		0.644909
304.25		0.644909
304.375		0.644909
304.5		0.644909
304.625		0.644909
304.75		0.644909
304.875		0.644909
305		0.644909
305.125		0.647991
305.25		0.647991
305.375		0.647991
305.5		0.647991
305.625		0.647991
305.75		0.647991
305.875		0.647991
306		0.647991
306.125		0.649443
306.25		0.649443
306.375		0.649443
306.5		0.649443
306.625		0.649443
306.75		0.649443
306.875		0.649443
307		0.649443
307.125		0.652823
307.25		0.652823
307.375		0.652823
307.5		0.652823
307.625		0.652823
307.75		0.652823
307.875		0.652823
308		0.652823
308.125		0.656403
308.25		0.656403
308.375		0.656403
308.5		0.656403
308.625		0.656403
308.75		0.656403
308.875		0.656403
309		0.656403
309.125		0.656541
309.25		0.656541
309.375		0.656541
309.5		0.656541
309.625		0.656541
309.75		0.656541
309.875		0.656541
310		0.656541
310.125		0.657464
310.25		0.657464
310.375		0.657464
310.5		0.657464
310.625		0.657464
310.75		0.657464
310.875		0.657464
311		0.657464
311.125		0.659389
311.25		0.659389
311.375		0.659389
311.5		0.659389
311.625		0.659389
311.75		0.659389
311.875		0.659389
312		0.659389
312.125		0.664266
312.25		0.664266
312.375		0.664266
312.5		0.664266
312.625		0.664266
312.75		0.664266
312.875		0.664266
313		0.664266
313.125		0.664815
313.25		0.664815
313.375		0.664815
313.5		0.664815
313.625		0.664815
313.75		0.664815
313.875		0.664815
314		0.664815
314.125		0.665938
314.25		0.665938
314.375		0.665938
314.5		0.665938
314.625		0.665938
314.75		0.665938
314.875		0.665938
315		0.665938
315.125		0.668054
315.25		0.668054
315.375		0.668054
315.5		0.668054
315.625		0.668054
315.75		0.668054
315.875		0.668054
316		0.668054
316.125		0.670556
316.25		0.670556
316.375		0.670556
316.5		0.670556
316.625		0.670556
316.75		0.670556
316.875		0.670556
317		0.670556
317.125		0.672104
317.25		0.672104
317.375		0.672104
317.5		0.672104
317.625		0.672104
317.75		0.672104
317.875		0.672104
318		0.672104
318.125		0.674577
318.25		0.674577
318.375		0.674577
318.5		0.674577
318.625		0.674577
318.75		0.674577
318.875		0.674577
319		0.674577
319.125		0.676101
319.25		0.676101
319.375		0.676101
319.5		0.676101
319.625		0.676101
319.75		0.676101
319.875		0.676101
320		0.676101
320.125		0.681373
320.25		0.681373
320.375		0.681373
320.5		0.681373
320.625		0.681373
320.75		0.681373
320.875		0.681373
321		0.681373
321.125		0.682351
321.25		0.682351
321.375		0.682351
321.5		0.682351
321.625		0.682351
321.75		0.682351
321.875		0.682351
322		0.682351
322.125		0.683488
322.25		0.683488
322.375		0.683488
322.5		0.683488
322.625		0.683488
322.75		0.683488
322.875		0.683488
323		0.683488
323.125		0.68475
323.25		0.68475
323.375		0.68475
323.5		0.68475
323.625		0.68475
323.75		0.68475
323.875		0.68475
324		0.68475
324.125		0.68939
324.25		0.68939
324.375		0.68939
324.5		0.68939
324.625		0.68939
324.75		0.68939
324.875		0.68939
325		0.68939
325.125		0.691032
325.25		0.691032
325.375		0.691032
325.5		0.691032
325.625		0.691032
325.75		0.691032
325.875		0.691032
326		0.691032
326.125		0.693162
326.25		0.693162
326.375		0.693162
326.5		0.693162
326.625		0.693162
326.75		0.693162
326.875		0.693162
327		0.693162
327.125		0.694746
327.25		0.694746
327.375		0.694746
327.5		0.694746
327.625		0.694746
327.75		0.694746
327.875		0.694746
328		0.694746
328.125		0.695111
328.25		0.695111
328.375		0.695111
328.5		0.695111
328.625		0.695111
328.75		0.695111
328.875		0.695111
329		0.695111
329.125		0.698727
329.25		0.698727
329.375		0.698727
329.5		0.698727
329.625		0.698727
329.75		0.698727
329.875		0.698727
330		0.698727
330.125		0.699765
330.25		0.699765
330.375		0.699765
330.5		0.699765
330.625		0.699765
330.75		0.699765
330.875		0.699765
331		0.699765
331.125		0.703172
331.25		0.703172
331.375		0.703172
331.5		0.703172
331.625		0.703172
331.75		0.703172
331.875		0.703172
332		0.703172
332.125		0.705398
332.25		0.705398
332.375		0.705398
332.5		0.705398
332.625		0.705398
332.75		0.705398
332.875		0.705398
333		0.705398
333.125		0.707291
333.25		0.707291
333.375		0.707291
333.5		0.707291
333.625		0.707291
333.75		0.707291
333.875		0.707291
334		0.707291
334.125		0.711621
334.25		0.711621
334.375		0.711621
334.5		0.711621
334.625		0.711621
334.75		0.711621
334.875		0.711621
335		0.711621
335.125		0.711757
335.25		0.711757
335.375		0.711757
335.5		0.711757
335.625		0.711757
335.75		0.711757
335.875		0.711757
336		0.711757
336.125		0.715062
336.25		0.715062
336.375		0.715062
336.5		0.715062
336.625		0.715062
336.75		0.715062
336.875		0.715062
337		0.715062
337.125		0.716772
337.25		0.716772
337.375		0.716772
337.5		0.716772
337.625		0.716772
337.75		0.716772
337.875		0.716772
338		0.716772
338.125		0.717556
338.25		0.717556
338.375		0.717556
338.5		0.717556
338.625		0.717556
338.75		0.717556
338.875		0.717556
339		0.717556
339.125		0.718493
339.25		0.718493
339.375		0.718493
339.5		0.718493
339.625		0.718493
339.75		0.718493
339.875		0.718493
340		0.718493
340.125		0.723897
340.25		0.723897
340.375		0.723897
340.5		0.723897
340.625		0.723897
340.75		0.723897
340.875		0.723897
341		0.723897
341.125		0.725888
341.25		0.725888
341.375		0.725888
341.5		0.725888
341.625		0.725888
341.75		0.725888
341.875		0.725888
342		0.725888
342.125		0.727519
342.25		0.727519
342.375		0.727519
342.5		0.727519
342.625		0.727519
342.75		0.727519
342.875		0.727519
343		0.727519
343.125		0.729995
343.25		0.729995
343.375		0.729995
343.5		0.729995
343.625		0.729995
343.75		0.729995
343.875		0.729995
344		0.729995
344.125		0.730551
344.25		0.730551
344.375		0.730551
344.5		0.730551
344.625		0.730551
344.75		0.730551
344.875		0.730551
345		0.730551
345.125		0.731297
345.25		0.731297
345.375		0.731297
345.5		0.731297
345.625		0.731297
345.75		0.731297
345.875		0.731297
346		0.731297
346.125		0.736306
346.25		0.736306
346.375		0.736306
346.5		0.736306
346.625		0.736306
346.75		0.736306
346.875		0.736306
347		0.736306
347.125		0.740842
347.25		0.740842
347.375		0.740842
347.5		0.740842
347.625		0.740842
347.75		0.740842
347.875		0.740842
348		0.740842
348.125		0.741321
348.25		0.741321
348.375		0.741321
348.5		0.741321
348.625		0.741321
348.75		0.741321
348.875		0.741321
349		0.741321
349.125		0.744379
349.25		0.744379
349.375		0.744379
349.5		0.744379
349.625		0.744379
349.75		0.744379
349.875		0.744379
350		0.744379
350.125		0.744782
350.25		0.744782
350.375		0.744782
350.5		0.744782
350.625		0.744782
350.75		0.744782
350.875		0.744782
351		0.744782
351.125		0.746753
351.25		0.746753
351.375		0.746753
351.5		0.746753
351.625		0.746753
351.75		0.746753
351.875		0.746753
352		0.746753
352.125		0.747052
352.25		0.747052
352.375		0.747052
352.5		0.747052
352.625		0.747052
352.75		0.747052
352.875		0.747052
353		0.747052
353.125		0.754498
353.25		0.754498
353.375		0.754498
353.5		0.754498
353.625		0.754498
353.75		0.754498
353.875		0.754498
354		0.754498
354.125		0.756577
354.25		0.756577
354.375		0.756577
354.5		0.756577
354.625		0.756577
354.75		0.756577
354.875		0.756577
355		0.756577
355.125		0.757221
355.25		0.757221
355.375		0.757221
355.5		0.757221
355.625		0.757221
355.75		0.757221
355.875		0.757221
356		0.757221
356.125		0.75825
356.25		0.75825
356.375		0.75825
356.5		0.75825
356.625		0.75825
356.75		0.75825
356.875		0.75825
357		0.75825
357.125		0.758392
357.25		0.758392
357.375		0.758392
357.5		0.758392
357.625		0.758392
357.75		0.758392
357.875		0.758392
358		0.758392
358.125		0.759583
358.25		0.759583
358.375		0.759583
358.5		0.759583
358.625		0.759583
358.75		0.759583
358.875		0.759583
359		0.759583
359.125		0.76656
359.25		0.76656
359.375		0.76656
359.5		0.76656
359.625		0.76656
359.75		0.76656
359.875		0.76656
360		0.76656
360.125		0.769572
360.25		0.769572
360.375		0.769572
360.5		0.769572
360.625		0.769572
360.75		0.769572
360.875		0.769572
361		0.769572
361.125		0.770035
361.25		0.770035
361.375		0.770035
361.5		0.770035
361.625		0.770035
361.75		0.770035
361.875		0.770035
362		0.770035
362.125		0.770468
362.25		0.770468
362.375		0.770468
362.5		0.770468
362.625		0.770468
362.75		0.770468
362.875		0.770468
363		0.770468
363.125		0.771745
363.25		0.771745
363.375		0.771745
363.5		0.771745
363.625		0.771745
363.75		0.771745
363.875		0.771745
364		0.771745
364.125		0.776624
364.25		0.776624
364.375		0.776624
364.5		0.776624
364.625		0.776624
364.75		0.776624
364.875		0.776624
365		0.776624
365.125		0.779329
365.25		0.779329
365.375		0.779329
365.5		0.779329
365.625		0.779329
365.75		0.779329
365.875		0.779329
366		0.779329
366.125		0.781583
366.25		0.781583
366.375		0.781583
366.5		0.781583
366.625		0.781583
366.75		0.781583
366.875		0.781583
367		0.781583
367.125		0.78186
367.25		0.78186
367.375		0.78186
367.5		0.78186
367.625		0.78186
367.75		0.78186
367.875		0.78186
368		0.78186
368.125		0.785909
368.25		0.785909
368.375		0.785909
368.5		0.785909
368.625		0.785909
368.75		0.785909
368.875		0.785909
369		0.785909
369.125		0.788022
369.25		0.788022
369.375		0.788022
369.5		0.788022
369.625		0.788022
369.75		0.788022
369.875		0.788022
370		0.788022
370.125		0.788536
370.25		0.788536
370.375		0.788536
370.5		0.788536
370.625		0.788536
370.75		0.788536
370.875		0.788536
371		0.788536
371.125		0.790144
371.25		0.790144
371.375		0.790144
371.5		0.790144
371.625		0.790144
371.75		0.790144
371.875		0.790144
372		0.790144
372.125		0.794275
372.25		0.794275
372.375		0.794275
372.5		0.794275
372.625		0.794275
372.75		0.794275
372.875		0.794275
373		0.794275
373.125		0.797044
373.25		0.797044
373.375		0.797044
373.5		0.797044
373.625		0.797044
373.75		0.797044
373.875		0.797044
374		0.797044
374.125		0.797347
374.25		0.797347
374.375		0.797347
374.5		0.797347
374.625		0.797347
374.75		0.797347
374.875		0.797347
375		0.797347
375.125		0.800529
375.25		0.800529
375.375		0.800529
375.5		0.800529
375.625		0.800529
375.75		0.800529
375.875		0.800529
376		0.800529
376.125		0.802958
376.25		0.802958
376.375		0.802958
376.5		0.802958
376.625		0.802958
376.75		0.802958
376.875		0.802958
377		0.802958
377.125		0.805314
377.25		0.805314
377.375		0.805314
377.5		0.805314
377.625		0.805314
377.75		0.805314
377.875		0.805314
378		0.805314
378.125		0.806331
378.25		0.806331
378.375		0.806331
378.5		0.806331
378.625		0.806331
378.75		0.806331
378.875		0.806331
379		0.806331
379.125		0.810014
379.25		0.810014
379.375		0.810014
379.5		0.810014
379.625		0.810014
379.75		0.810014
379.875		0.810014
380		0.810014
380.125		0.811919
380.25		0.811919
380.375		0.811919
380.5		0.811919
380.625		0.811919
380.75		0.811919
380.875		0.811919
381		0.811919
381.125		0.813331
381.25		0.813331
381.375		0.813331
381.5		0.813331
381.625		0.813331
381.75		0.813331
381.875		0.813331
382		0.813331
382.125		0.815982
382.25		0.815982
382.375		0.815982
382.5		0.815982
382.625		0.815982
382.75		0.815982
382.875		0.815982
383		0.815982
383.125		0.817927
383.25		0.817927
383.375		0.817927
383.5		0.817927
383.625		0.817927
383.75		0.817927
383.875		0.817927
384		0.817927
384.125		0.82061
384.25		0.82061
384.375		0.82061
384.5		0.82061
384.625		0.82061
384.75		0.82061
384.875		0.82061
385		0.82061
385.125		0.821928
385.25		0.821928
385.375		0.821928
385.5		0.821928
385.625		0.821928
385.75		0.821928
385.875		0.821928
386		0.821928
386.125		0.825405
386.25		0.825405
386.375		0.825405
386.5		0.825405
386.625		0.825405
386.75		0.825405
386.875		0.825405
387		0.825405
387.125		0.827952
387.25		0.827952
387.375		0.827952
387.5		0.827952
387.625		0.827952
387.75		0.827952
387.875		0.827952
388		0.827952
388.125		0.828527
388.25		0.828527
388.375		0.828527
388.5		0.828527
388.625		0.828527
388.75		0.828527
388.875		0.828527
389		0.828527
389.125		0.831579
389.25		0.831579
389.375		0.831579
389.5		0.831579
389.625		0.831579
389.75		0.831579
389.875		0.831579
390		0.831579
390.125		0.833426
390.25		0.833426
390.375		0.833426
390.5		0.833426
390.625		0.833426
390.75		0.833426
390.875		0.833426
391		0.833426
391.125		0.833954
391.25		0.833954
391.375		0.833954
391.5		0.833954
391.625		0.833954
391.75		0.833954
391.875		0.833954
392		0.833954
392.125		0.836057
392.25		0.836057
392.375		0.836057
392.5		0.836057
392.625		0.836057
392.75		0.836057
392.875		0.836057
393		0.836057
393.125		0.839779
393.25		0.839779
393.375		0.839779
393.5		0.839779
393.625		0.839779
393.75		0.839779
393.875		0.839779
394		0.839779
394.125		0.843409
394.25		0.843409
394.375		0.843409
394.5		0.843409
394.625		0.843409
394.75		0.843409
394.875		0.843409
395		0.843409
395.125		0.843739
395.25		0.843739
395.375		0.843739
395.5		0.843739
395.625		0.843739
395.75		0.843739
395.875		0.843739
396		0.843739
396.125		0.844315
396.25		0.844315
396.375		0.844315
396.5		0.844315
396.625		0.844315
396.75		0.844315
396.875		0.844315
397		0.844315
397.125		0.846493
397.25		0.846493
397.375		0.846493
397.5		0.846493
397.625		0.846493
397.75		0.846493
397.875		0.846493
398		0.846493
398.125		0.851648
398.25		0.851648
398.375		0.851648
398.5		0.851648
398.625		0.851648
398.75		0.851648
398.875		0.851648
399		0.851648
399.125		0.852539
399.25		0.852539
399.375		0.852539
399.5		0.852539
399.625		0.852539
399.75		0.852539
399.875		0.852539
400		0.852539
400.125		0.854654
400.25		0.854654
400.375		0.854654
400.5		0.854654
400.625		0.854654
400.75		0.854654
400.875		0.854654
401		0.854654
401.125		0.856573
401.25		0.856573
401.375		0.856573
401.5		0.856573
401.625		0.856573
401.75		0.856573
401.875		0.856573
402		0.856573
402.125		0.86076
402.25		0.86076
402.375		0.86076
402.5		0.86076
402.625		0.86076
402.75		0.86076
402.875		0.86076
403		0.86076
403.125		0.861165
403.25		0.861165
403.375		0.861165
403.5		0.861165
403.625		0.861165
403.75		0.861165
403.875		0.861165
404		0.861165
404.125		0.86211
404.25		0.86211
404.375		0.86211
404.5		0.86211
404.625		0.86211
404.75		0.86211
404.875		0.86211
405		0.86211
405.125		0.863941
405.25		0.863941
405.375		0.863941
405.5		0.863941
405.625		0.863941
405.75		0.863941
405.875		0.863941
406		0.863941
406.125		0.865996
406.25		0.865996
406.375		0.865996
406.5		0.865996
406.625		0.865996
406.75		0.865996
406.875		0.865996
407		0.865996
407.125		0.870566
407.25		0.870566
407.375		0.870566
407.5		0.870566
407.625		0.870566
407.75		0.870566
407.875		0.870566
408		0.870566
408.125		0.871555
408.25		0.871555
408.375		0.871555
408.5		0.871555
408.625		0.871555
408.75		0.871555
408.875		0.871555
409		0.871555
409.125		0.871872
409.25		0.871872
409.375		0.871872
409.5		0.871872
409.625		0.871872
409.75		0.871872
409.875		0.871872
410		0.871872
410.125		0.877234
410.25		0.877234
410.375		0.877234
410.5		0.877234
410.625		0.877234
410.75		0.877234
410.875		0.877234
411		0.877234
411.125		0.878379
411.25		0.878379
411.375		0.878379
411.5		0.878379
411.625		0.878379
411.75		0.878379
411.875		0.878379
412		0.878379
412.125		0.88251
412.25		0.88251
412.375		0.88251
412.5		0.88251
412.625		0.88251
412.75		0.88251
412.875		0.88251
413		0.88251
413.125		0.882901
413.25		0.882901
413.375		0.882901
413.5		0.882901
413.625		0.882901
413.75		0.882901
413.875		0.882901
414		0.882901
414.125		0.887485
414.25		0.887485
414.375		0.887485
414.5		0.887485
414.625		0.887485
414.75		0.887485
414.875		0.887485
415		0.887485
415.125		0.889193
415.25		0.889193
415.375		0.889193
415.5		0.889193
415.625		0.889193
415.75		0.889193
415.875		0.889193
416		0.889193
416.125		0.88953
416.25		0.88953
416.375		0.88953
416.5		0.88953
416.625		0.88953
416.75		0.88953
416.875		0.88953
417		0.88953
417.125		0.894012
417.25		0.894012
417.375		0.894012
417.5		0.894012
417.625		0.894012
417.75		0.894012
417.875		0.894012
418		0.894012
418.125		0.894558
418.25		0.894558
418.375		0.894558
418.5		0.894558
418.625		0.894558
418.75		0.894558
418.875		0.894558
419		0.894558
419.125		0.897726
419.25		0.897726
419.375		0.897726
419.5		0.897726
419.625		0.897726
419.75		0.897726
419.875		0.897726
420		0.897726
420.125		0.899669
420.25		0.899669
420.375		0.899669
420.5		0.899669
420.625		0.899669
420.75		0.899669
420.875		0.899669
421		0.899669
421.125		0.901045
421.25		0.901045
421.375		0.901045
421.5		0.901045
421.625		0.901045
421.75		0.901045
421.875		0.901045
422		0.901045
422.125		0.901352
422.25		0.901352
422.375		0.901352
422.5		0.901352
422.625		0.901352
422.75		0.901352
422.875		0.901352
423		0.901352
423.125		0.904686
423.25		0.904686
423.375		0.904686
423.5		0.904686
423.625		0.904686
423.75		0.904686
423.875		0.904686
424		0.904686
424.125		0.907121
424.25		0.907121
424.375		0.907121
424.5		0.907121
424.625		0.907121
424.75		0.907121
424.875		0.907121
425		0.907121
425.125		0.909423
425.25		0.909423
425.375		0.909423
425.5		0.909423
425.625		0.909423
425.75		0.909423
425.875		0.909423
426		0.909423
426.125		0.911723
426.25		0.911723
426.375		0.911723
426.5		0.911723
426.625		0.911723
426.75		0.911723
426.875		0.911723
427		0.911723
427.125		0.912808
427.25		0.912808
427.375		0.912808
427.5		0.912808
427.625		0.912808
427.75		0.912808
427.875		0.912808
428		0.912808
428.125		0.917771
428.25		0.917771
428.375		0.917771
428.5		0.917771
428.625		0.917771
428.75		0.917771
428.875		0.917771
429		0.917771
429.125		0.918609
429.25		0.918609
429.375		0.918609
429.5		0.918609
429.625		0.918609
429.75		0.918609
429.875		0.918609
430		0.918609
430.125		0.919728
430.25		0.919728
430.375		0.919728
430.5		0.919728
430.625		0.919728
430.75		0.919728
430.875		0.919728
431		0.919728
431.125		0.921473
431.25		0.921473
431.375		0.921473
431.5		0.921473
431.625		0.921473
431.75		0.921473
431.875		0.921473
432		0.921473
432.125		0.925064
432.25		0.925064
432.375		0.925064
432.5		0.925064
432.625		0.925064
432.75		0.925064
432.875		0.925064
433		0.925064
433.125		0.930434
433.25		0.930434
433.375		0.930434
433.5		0.930434
433.625		0.930434
433.75		0.930434
433.875		0.930434
434		0.930434
434.125		0.930699
434.25		0.930699
434.375		0.930699
434.5		0.930699
434.625		0.930699
434.75		0.930699
434.875		0.930699
435		0.930699
435.125		0.931315
435.25		0.931315
435.375		0.931315
435.5		0.931315
435.625		0.931315
435.75		0.931315
435.875		0.931315
436		0.931315
436.125		0.935337
436.25		0.935337
436.375		0.935337
436.5		0.935337
436.625		0.935337
436.75		0.935337
436.875		0.935337
437		0.935337
437.125		0.937607
437.25		0.937607
437.375		0.937607
437.5		0.937607
437.625		0.937607
437.75		0.937607
437.875		0.937607
438		0.937607
438.125		0.937904
438.25		0.937904
438.375		0.937904
438.5		0.937904
438.625		0.937904
438.75		0.937904
438.875		0.937904
439		0.937904
439.125		0.941327
439.25		0.941327
439.375		0.941327
439.5		0.941327
439.625		0.941327
439.75		0.941327
439.875		0.941327
440		0.941327
440.125		0.942242
440.25		0.942242
440.375		0.942242
440.5		0.942242
440.625		0.942242
440.75		0.942242
440.875		0.942242
441		0.942242
441.125		0.946681
441.25		0.946681
441.375		0.946681
441.5		0.946681
441.625		0.946681
441.75		0.946681
441.875		0.946681
442		0.946681
442.125		0.947951
442.25		0.947951
442.375		0.947951
442.5		0.947951
442.625		0.947951
442.75		0.947951
442.875		0.947951
443		0.947951
443.125		0.950471
443.25		0.950471
443.375		0.950471
443.5		0.950471
443.625		0.950471
443.75		0.950471
443.875		0.950471
444		0.950471
444.125		0.952727
444.25		0.952727
444.375		0.952727
444.5		0.952727
444.625		0.952727
444.75		0.952727
444.875		0.952727
445		0.952727
445.125		0.955053
445.25		0.955053
445.375		0.955053
445.5		0.955053
445.625		0.955053
445.75		0.955053
445.875		0.955053
446		0.955053
446.125		0.957736
446.25		0.957736
446.375		0.957736
446.5		0.957736
446.625		0.957736
446.75		0.957736
446.875		0.957736
447		0.957736
447.125		0.958906
447.25		0.958906
447.375		0.958906
447.5		0.958906
447.625		0.958906
447.75		0.958906
447.875		0.958906
448		0.958906
448.125		0.959164
448.25		0.959164
448.375		0.959164
448.5		0.959164
448.625		0.959164
448.75		0.959164
448.875		0.959164
449		0.959164
449.125		0.963077
449.25		0.963077
449.375		0.963077
449.5		0.963077
449.625		0.963077
449.75		0.963077
449.875		0.963077
450		0.963077
450.125		0.964129
450.25		0.964129
450.375		0.964129
450.5		0.964129
450.625		0.964129
450.75		0.964129
450.875		0.964129
451		0.964129
451.125		0.967149
451.25		0.967149
451.375		0.967149
451.5		0.967149
451.625		0.967149
451.75		0.967149
451.875		0.967149
452		0.967149
452.125		0.968892
452.25		0.968892
452.375		0.968892
452.5		0.968892
452.625		0.968892
452.75		0.968892
452.875		0.968892
453		0.968892
453.125		0.969335
453.25		0.969335
453.375		0.969335
453.5		0.969335
453.625		0.969335
453.75		0.969335
453.875		0.969335
454		0.969335
454.125		0.975018
454.25		0.975018
454.375		0.975018
454.5		0.975018
454.625		0.975018
454.75		0.975018
454.875		0.975018
455		0.975018
455.125		0.97558
455.25		0.97558
455.375		0.97558
455.5		0.97558
455.625		0.97558
455.75		0.97558
455.875		0.97558
456		0.97558
456.125		0.976109
456.25		0.976109
456.375		0.976109
456.5		0.976109
456.625		0.976109
456.75		0.976109
456.875		0.976109
457		0.976109
457.125		0.978573
457.25		0.978573
457.375		0.978573
457.5		0.978573
457.625		0.978573
457.75		0.978573
457.875		0.978573
458		0.978573
458.125		0.98468
458.25		0.98468
458.375		0.98468
458.5		0.98468
458.625		0.98468
458.75		0.98468
458.875		0.98468
459		0.98468
459.125		0.9856
459.25		0.9856
459.375		0.9856
459.5		0.9856
459.625		0.9856
459.75		0.9856
459.875		0.9856
460		0.9856
460.125		0.985979
460.25		0.985979
460.375		0.985979
460.5		0.985979
460.625		0.985979
460.75		0.985979
460.875		0.985979
461		0.985979
461.125		0.988281
461.25		0.988281
461.375		0.988281
461.5		0.988281
461.625		0.988281
461.75		0.988281
461.875		0.988281
462		0.988281
462.125		0.991871
462.25		0.991871
462.375		0.991871
462.5		0.991871
462.625		0.991871
462.75		0.991871
462.875		0.991871
463		0.991871
463.125		0.995145
463.25		0.995145
463.375		0.995145
463.5		0.995145
463.625		0.995145
463.75		0.995145
463.875		0.995145
464		0.995145
464.125		0.99635
464.25		0.99635
464.375		0.99635
464.5		0.99635
464.625		0.99635
464.75		0.99635
464.875		0.99635
465		0.99635
465.125		0.998097
465.25		0.998097
465.375		0.998097
465.5		0.998097
465.625		0.998097
465.75		0.998097
465.875		0.998097
466		0.998097
466.125		0.998374
466.25		0.998374
466.375		0.998374
466.5		0.998374
466.625		0.998374
466.75		0.998374
466.875		0.998374
467		0.998374
467.125		0.999994
467.25		0.999994
467.375		0.999994
467.5		0.999994
467.625		0.999994
467.75		0.999994
467.875		0.999994
468		0.999994
468.125		1
468.25		1
468.375		1
468.5		1
468.625		1
468.75		1
468.875		1
469		1
469.125		1
469.25		1
469.375		1
469.5		1
469.625		1
469.75		1
469.875		1
470		1
470.125		1
470.25		1
470.375		1
470.5		1
470.625		1
470.75		1
470.875		1
471		1
471.125		1
471.25		1
471.375		1
471.5		1
471.625		1
471.75		1
471.875		1
472		1
472.125		1
472.25		1
472.375		1
472.5		1
472.625		1
472.75		1
472.875		1
473		1
473.125		1
473.25		1
473.375		1
473.5		1
473.625		1
473.75		1
473.875		1
474		1
474.125		1
474.25		1
474.375		1
474.5		1
474.625		1
474.75		1
474.875		1
475		1
475.125		1
475.25		1
475.375		1
475.5		1
475.625		1
475.75		1
475.875		1
476		1
476.125		1
476.25		1
476.375		1
476.5		1
476.625		1
476.75		1
476.875		1
477		1
477.125		1
477.25		1
477.375		1
477.5		1
477.625		1
477.75		1
477.875		1
478		1
478.125		1
478.25		1
478.375		1
478.5		1
478.625		1
478.75		1
478.875		1
479		1
479.125		1
479.25		1
479.375		1
479.5		1
479.625		1
479.75		1
479.875		1
480		1
480.125		1
480.25		1
480.375		1
480.5		1
480.625		1
480.75		1
480.875		1
481		1
481.125		1
481.25		1
481.375		1
481.5		1
481.625		1
481.75		1
481.875		1
482		1
482.125		1
482.25		1
482.375		1
482.5		1
482.625		1
482.75		1
482.875		1
483		1
483.125		1
483.25		1
483.375		1
483.5		1
483.625		1
483.75		1
483.875		1
484		1
484.125		1
484.25		1
484.375		1
484.5		1
484.625		1
484.75		1
484.875		1
485		1
485.125		1
485.25		1
485.375		1
485.5		1
485.625		1
485.75		1
485.875		1
486		1
486.125		1
486.25		1
486.375		1
486.5		1
486.625		1
486.75		1
486.875		1
487		1
487.125		1
487.25		1
487.375		1
487.5		1
487.625		1
487.75		1
487.875		1
488		1
488.125		1
488.25		1
488.375		1
488.5		1
488.625		1
488.75		1
488.875		1
489		1
489.125		1
489.25		1
489.375		1
489.5		1
489.625		1
489.75		1
489.875		1
490		1
490.125		1
490.25		1
490.375		1
490.5		1
490.625		1
490.75		1
490.875		1
491		1
491.125		1
491.25		1
491.375		1
491.5		1
491.625		1
491.75		1
491.875		1
492		1
492.125		1
492.25		1
492.375		1
492.5		1
492.625		1
492.75		1
492.875		1
493		1
493.125		1
493.25		1
493.375		1
493.5		1
493.625		1
493.75		1
493.875		1
494		1
494.125		1
494.25		1
494.375		1
494.5		1
494.625		1
494.75		1
494.875		1
495		1
495.125		1
495.25		1
495.375		1
495.5		1
495.625		1
495.75		1
495.875		1
496		1
496.125		1
496.25		1
496.375		1
496.5		1
496.625		1
496.75		1
496.875		1
497		1
497.125		1
497.25		1
497.375		1
497.5		1
497.625		1
497.75		1
497.875		1
498		1
498.125		1
498.25		1
498.375		1
498.5		1
498.625		1
498.75		1
498.875		1
499		1
499.125		1
499.25		1
499.375		1
499.5		1
499.625		1
499.75		1
499.875		1
500		1
