# Calibration file of tamex_id 2 @ channel 3
# fine_T bin		 Calibration value
0.125		0
0.25		0
0.375		0
0.5		0
0.625		0
0.75		0
0.875		0
1		0
1.125		0
1.25		0
1.375		0
1.5		0
1.625		0
1.75		0
1.875		0
2		0
2.125		0
2.25		0
2.375		0
2.5		0
2.625		0
2.75		0
2.875		0
3		0
3.125		0
3.25		0
3.375		0
3.5		0
3.625		0
3.75		0
3.875		0
4		0
4.125		0
4.25		0
4.375		0
4.5		0
4.625		0
4.75		0
4.875		0
5		0
5.125		0
5.25		0
5.375		0
5.5		0
5.625		0
5.75		0
5.875		0
6		0
6.125		0
6.25		0
6.375		0
6.5		0
6.625		0
6.75		0
6.875		0
7		0
7.125		0
7.25		0
7.375		0
7.5		0
7.625		0
7.75		0
7.875		0
8		0
8.125		0
8.25		0
8.375		0
8.5		0
8.625		0
8.75		0
8.875		0
9		0
9.125		0
9.25		0
9.375		0
9.5		0
9.625		0
9.75		0
9.875		0
10		0
10.125		0
10.25		0
10.375		0
10.5		0
10.625		0
10.75		0
10.875		0
11		0
11.125		0
11.25		0
11.375		0
11.5		0
11.625		0
11.75		0
11.875		0
12		0
12.125		0
12.25		0
12.375		0
12.5		0
12.625		0
12.75		0
12.875		0
13		0
13.125		0
13.25		0
13.375		0
13.5		0
13.625		0
13.75		0
13.875		0
14		0
14.125		0
14.25		0
14.375		0
14.5		0
14.625		0
14.75		0
14.875		0
15		0
15.125		0
15.25		0
15.375		0
15.5		0
15.625		0
15.75		0
15.875		0
16		0
16.125		0.00552858
16.25		0.00552858
16.375		0.00552858
16.5		0.00552858
16.625		0.00552858
16.75		0.00552858
16.875		0.00552858
17		0.00552858
17.125		0.00672394
17.25		0.00672394
17.375		0.00672394
17.5		0.00672394
17.625		0.00672394
17.75		0.00672394
17.875		0.00672394
18		0.00672394
18.125		0.00702279
18.25		0.00702279
18.375		0.00702279
18.5		0.00702279
18.625		0.00702279
18.75		0.00702279
18.875		0.00702279
19		0.00702279
19.125		0.0119537
19.25		0.0119537
19.375		0.0119537
19.5		0.0119537
19.625		0.0119537
19.75		0.0119537
19.875		0.0119537
20		0.0119537
20.125		0.0144938
20.25		0.0144938
20.375		0.0144938
20.5		0.0144938
20.625		0.0144938
20.75		0.0144938
20.875		0.0144938
21		0.0144938
21.125		0.0160628
21.25		0.0160628
21.375		0.0160628
21.5		0.0160628
21.625		0.0160628
21.75		0.0160628
21.875		0.0160628
22		0.0160628
22.125		0.0186776
22.25		0.0186776
22.375		0.0186776
22.5		0.0186776
22.625		0.0186776
22.75		0.0186776
22.875		0.0186776
23		0.0186776
23.125		0.0201718
23.25		0.0201718
23.375		0.0201718
23.5		0.0201718
23.625		0.0201718
23.75		0.0201718
23.875		0.0201718
24		0.0201718
24.125		0.0244303
24.25		0.0244303
24.375		0.0244303
24.5		0.0244303
24.625		0.0244303
24.75		0.0244303
24.875		0.0244303
25		0.0244303
25.125		0.0259245
25.25		0.0259245
25.375		0.0259245
25.5		0.0259245
25.625		0.0259245
25.75		0.0259245
25.875		0.0259245
26		0.0259245
26.125		0.0261487
26.25		0.0261487
26.375		0.0261487
26.5		0.0261487
26.625		0.0261487
26.75		0.0261487
26.875		0.0261487
27		0.0261487
27.125		0.0295106
27.25		0.0295106
27.375		0.0295106
27.5		0.0295106
27.625		0.0295106
27.75		0.0295106
27.875		0.0295106
28		0.0295106
28.125		0.0310796
28.25		0.0310796
28.375		0.0310796
28.5		0.0310796
28.625		0.0310796
28.75		0.0310796
28.875		0.0310796
29		0.0310796
29.125		0.0346657
29.25		0.0346657
29.375		0.0346657
29.5		0.0346657
29.625		0.0346657
29.75		0.0346657
29.875		0.0346657
30		0.0346657
30.125		0.0363093
30.25		0.0363093
30.375		0.0363093
30.5		0.0363093
30.625		0.0363093
30.75		0.0363093
30.875		0.0363093
31		0.0363093
31.125		0.0370564
31.25		0.0370564
31.375		0.0370564
31.5		0.0370564
31.625		0.0370564
31.75		0.0370564
31.875		0.0370564
32		0.0370564
32.125		0.03743
32.25		0.03743
32.375		0.03743
32.5		0.03743
32.625		0.03743
32.75		0.03743
32.875		0.03743
33		0.03743
33.125		0.0408666
33.25		0.0408666
33.375		0.0408666
33.5		0.0408666
33.625		0.0408666
33.75		0.0408666
33.875		0.0408666
34		0.0408666
34.125		0.0445275
34.25		0.0445275
34.375		0.0445275
34.5		0.0445275
34.625		0.0445275
34.75		0.0445275
34.875		0.0445275
35		0.0445275
35.125		0.0446022
35.25		0.0446022
35.375		0.0446022
35.5		0.0446022
35.625		0.0446022
35.75		0.0446022
35.875		0.0446022
36		0.0446022
36.125		0.0469929
36.25		0.0469929
36.375		0.0469929
36.5		0.0469929
36.625		0.0469929
36.75		0.0469929
36.875		0.0469929
37		0.0469929
37.125		0.0497572
37.25		0.0497572
37.375		0.0497572
37.5		0.0497572
37.625		0.0497572
37.75		0.0497572
37.875		0.0497572
38		0.0497572
38.125		0.0497572
38.25		0.0497572
38.375		0.0497572
38.5		0.0497572
38.625		0.0497572
38.75		0.0497572
38.875		0.0497572
39		0.0497572
39.125		0.0515502
39.25		0.0515502
39.375		0.0515502
39.5		0.0515502
39.625		0.0515502
39.75		0.0515502
39.875		0.0515502
40		0.0515502
40.125		0.0578259
40.25		0.0578259
40.375		0.0578259
40.5		0.0578259
40.625		0.0578259
40.75		0.0578259
40.875		0.0578259
41		0.0578259
41.125		0.0587225
41.25		0.0587225
41.375		0.0587225
41.5		0.0587225
41.625		0.0587225
41.75		0.0587225
41.875		0.0587225
42		0.0587225
42.125		0.0611879
42.25		0.0611879
42.375		0.0611879
42.5		0.0611879
42.625		0.0611879
42.75		0.0611879
42.875		0.0611879
43		0.0611879
43.125		0.0634292
43.25		0.0634292
43.375		0.0634292
43.5		0.0634292
43.625		0.0634292
43.75		0.0634292
43.875		0.0634292
44		0.0634292
44.125		0.0635039
44.25		0.0635039
44.375		0.0635039
44.5		0.0635039
44.625		0.0635039
44.75		0.0635039
44.875		0.0635039
45		0.0635039
45.125		0.0659694
45.25		0.0659694
45.375		0.0659694
45.5		0.0659694
45.625		0.0659694
45.75		0.0659694
45.875		0.0659694
46		0.0659694
46.125		0.073814
46.25		0.073814
46.375		0.073814
46.5		0.073814
46.625		0.073814
46.75		0.073814
46.875		0.073814
47		0.073814
47.125		0.0741875
47.25		0.0741875
47.375		0.0741875
47.5		0.0741875
47.625		0.0741875
47.75		0.0741875
47.875		0.0741875
48		0.0741875
48.125		0.0751588
48.25		0.0751588
48.375		0.0751588
48.5		0.0751588
48.625		0.0751588
48.75		0.0751588
48.875		0.0751588
49		0.0751588
49.125		0.0770265
49.25		0.0770265
49.375		0.0770265
49.5		0.0770265
49.625		0.0770265
49.75		0.0770265
49.875		0.0770265
50		0.0770265
50.125		0.0793425
50.25		0.0793425
50.375		0.0793425
50.5		0.0793425
50.625		0.0793425
50.75		0.0793425
50.875		0.0793425
51		0.0793425
51.125		0.083601
51.25		0.083601
51.375		0.083601
51.5		0.083601
51.625		0.083601
51.75		0.083601
51.875		0.083601
52		0.083601
52.125		0.0857677
52.25		0.0857677
52.375		0.0857677
52.5		0.0857677
52.625		0.0857677
52.75		0.0857677
52.875		0.0857677
53		0.0857677
53.125		0.0871871
53.25		0.0871871
53.375		0.0871871
53.5		0.0871871
53.625		0.0871871
53.75		0.0871871
53.875		0.0871871
54		0.0871871
54.125		0.0881584
54.25		0.0881584
54.375		0.0881584
54.5		0.0881584
54.625		0.0881584
54.75		0.0881584
54.875		0.0881584
55		0.0881584
55.125		0.0894285
55.25		0.0894285
55.375		0.0894285
55.5		0.0894285
55.625		0.0894285
55.75		0.0894285
55.875		0.0894285
56		0.0894285
56.125		0.0924169
56.25		0.0924169
56.375		0.0924169
56.5		0.0924169
56.625		0.0924169
56.75		0.0924169
56.875		0.0924169
57		0.0924169
57.125		0.0946582
57.25		0.0946582
57.375		0.0946582
57.5		0.0946582
57.625		0.0946582
57.75		0.0946582
57.875		0.0946582
58		0.0946582
58.125		0.0950318
58.25		0.0950318
58.375		0.0950318
58.5		0.0950318
58.625		0.0950318
58.75		0.0950318
58.875		0.0950318
59		0.0950318
59.125		0.0976466
59.25		0.0976466
59.375		0.0976466
59.5		0.0976466
59.625		0.0976466
59.75		0.0976466
59.875		0.0976466
60		0.0976466
60.125		0.101382
60.25		0.101382
60.375		0.101382
60.5		0.101382
60.625		0.101382
60.75		0.101382
60.875		0.101382
61		0.101382
61.125		0.102204
61.25		0.102204
61.375		0.102204
61.5		0.102204
61.625		0.102204
61.75		0.102204
61.875		0.102204
62		0.102204
62.125		0.104296
62.25		0.104296
62.375		0.104296
62.5		0.104296
62.625		0.104296
62.75		0.104296
62.875		0.104296
63		0.104296
63.125		0.107359
63.25		0.107359
63.375		0.107359
63.5		0.107359
63.625		0.107359
63.75		0.107359
63.875		0.107359
64		0.107359
64.125		0.109824
64.25		0.109824
64.375		0.109824
64.5		0.109824
64.625		0.109824
64.75		0.109824
64.875		0.109824
65		0.109824
65.125		0.111543
65.25		0.111543
65.375		0.111543
65.5		0.111543
65.625		0.111543
65.75		0.111543
65.875		0.111543
66		0.111543
66.125		0.113037
66.25		0.113037
66.375		0.113037
66.5		0.113037
66.625		0.113037
66.75		0.113037
66.875		0.113037
67		0.113037
67.125		0.115054
67.25		0.115054
67.375		0.115054
67.5		0.115054
67.625		0.115054
67.75		0.115054
67.875		0.115054
68		0.115054
68.125		0.119612
68.25		0.119612
68.375		0.119612
68.5		0.119612
68.625		0.119612
68.75		0.119612
68.875		0.119612
69		0.119612
69.125		0.121405
69.25		0.121405
69.375		0.121405
69.5		0.121405
69.625		0.121405
69.75		0.121405
69.875		0.121405
70		0.121405
70.125		0.124617
70.25		0.124617
70.375		0.124617
70.5		0.124617
70.625		0.124617
70.75		0.124617
70.875		0.124617
71		0.124617
71.125		0.12514
71.25		0.12514
71.375		0.12514
71.5		0.12514
71.625		0.12514
71.75		0.12514
71.875		0.12514
72		0.12514
72.125		0.128651
72.25		0.128651
72.375		0.128651
72.5		0.128651
72.625		0.128651
72.75		0.128651
72.875		0.128651
73		0.128651
73.125		0.131864
73.25		0.131864
73.375		0.131864
73.5		0.131864
73.625		0.131864
73.75		0.131864
73.875		0.131864
74		0.131864
74.125		0.133059
74.25		0.133059
74.375		0.133059
74.5		0.133059
74.625		0.133059
74.75		0.133059
74.875		0.133059
75		0.133059
75.125		0.135002
75.25		0.135002
75.375		0.135002
75.5		0.135002
75.625		0.135002
75.75		0.135002
75.875		0.135002
76		0.135002
76.125		0.1356
76.25		0.1356
76.375		0.1356
76.5		0.1356
76.625		0.1356
76.75		0.1356
76.875		0.1356
77		0.1356
77.125		0.14053
77.25		0.14053
77.375		0.14053
77.5		0.14053
77.625		0.14053
77.75		0.14053
77.875		0.14053
78		0.14053
78.125		0.140755
78.25		0.140755
78.375		0.140755
78.5		0.140755
78.625		0.140755
78.75		0.140755
78.875		0.140755
79		0.140755
79.125		0.146881
79.25		0.146881
79.375		0.146881
79.5		0.146881
79.625		0.146881
79.75		0.146881
79.875		0.146881
80		0.146881
80.125		0.147703
80.25		0.147703
80.375		0.147703
80.5		0.147703
80.625		0.147703
80.75		0.147703
80.875		0.147703
81		0.147703
81.125		0.150542
81.25		0.150542
81.375		0.150542
81.5		0.150542
81.625		0.150542
81.75		0.150542
81.875		0.150542
82		0.150542
82.125		0.152708
82.25		0.152708
82.375		0.152708
82.5		0.152708
82.625		0.152708
82.75		0.152708
82.875		0.152708
83		0.152708
83.125		0.155921
83.25		0.155921
83.375		0.155921
83.5		0.155921
83.625		0.155921
83.75		0.155921
83.875		0.155921
84		0.155921
84.125		0.158909
84.25		0.158909
84.375		0.158909
84.5		0.158909
84.625		0.158909
84.75		0.158909
84.875		0.158909
85		0.158909
85.125		0.160777
85.25		0.160777
85.375		0.160777
85.5		0.160777
85.625		0.160777
85.75		0.160777
85.875		0.160777
86		0.160777
86.125		0.1613
86.25		0.1613
86.375		0.1613
86.5		0.1613
86.625		0.1613
86.75		0.1613
86.875		0.1613
87		0.1613
87.125		0.163242
87.25		0.163242
87.375		0.163242
87.5		0.163242
87.625		0.163242
87.75		0.163242
87.875		0.163242
88		0.163242
88.125		0.163691
88.25		0.163691
88.375		0.163691
88.5		0.163691
88.625		0.163691
88.75		0.163691
88.875		0.163691
89		0.163691
89.125		0.168248
89.25		0.168248
89.375		0.168248
89.5		0.168248
89.625		0.168248
89.75		0.168248
89.875		0.168248
90		0.168248
90.125		0.168472
90.25		0.168472
90.375		0.168472
90.5		0.168472
90.625		0.168472
90.75		0.168472
90.875		0.168472
91		0.168472
91.125		0.173851
91.25		0.173851
91.375		0.173851
91.5		0.173851
91.625		0.173851
91.75		0.173851
91.875		0.173851
92		0.173851
92.125		0.175121
92.25		0.175121
92.375		0.175121
92.5		0.175121
92.625		0.175121
92.75		0.175121
92.875		0.175121
93		0.175121
93.125		0.175719
93.25		0.175719
93.375		0.175719
93.5		0.175719
93.625		0.175719
93.75		0.175719
93.875		0.175719
94		0.175719
94.125		0.177064
94.25		0.177064
94.375		0.177064
94.5		0.177064
94.625		0.177064
94.75		0.177064
94.875		0.177064
95		0.177064
95.125		0.181098
95.25		0.181098
95.375		0.181098
95.5		0.181098
95.625		0.181098
95.75		0.181098
95.875		0.181098
96		0.181098
96.125		0.183041
96.25		0.183041
96.375		0.183041
96.5		0.183041
96.625		0.183041
96.75		0.183041
96.875		0.183041
97		0.183041
97.125		0.185357
97.25		0.185357
97.375		0.185357
97.5		0.185357
97.625		0.185357
97.75		0.185357
97.875		0.185357
98		0.185357
98.125		0.186776
98.25		0.186776
98.375		0.186776
98.5		0.186776
98.625		0.186776
98.75		0.186776
98.875		0.186776
99		0.186776
99.125		0.191408
99.25		0.191408
99.375		0.191408
99.5		0.191408
99.625		0.191408
99.75		0.191408
99.875		0.191408
100		0.191408
100.125		0.191857
100.25		0.191857
100.375		0.191857
100.5		0.191857
100.625		0.191857
100.75		0.191857
100.875		0.191857
101		0.191857
101.125		0.192529
101.25		0.192529
101.375		0.192529
101.5		0.192529
101.625		0.192529
101.75		0.192529
101.875		0.192529
102		0.192529
102.125		0.199477
102.25		0.199477
102.375		0.199477
102.5		0.199477
102.625		0.199477
102.75		0.199477
102.875		0.199477
103		0.199477
103.125		0.2
103.25		0.2
103.375		0.2
103.5		0.2
103.625		0.2
103.75		0.2
103.875		0.2
104		0.2
104.125		0.200149
104.25		0.200149
104.375		0.200149
104.5		0.200149
104.625		0.200149
104.75		0.200149
104.875		0.200149
105		0.200149
105.125		0.203138
105.25		0.203138
105.375		0.203138
105.5		0.203138
105.625		0.203138
105.75		0.203138
105.875		0.203138
106		0.203138
106.125		0.210086
106.25		0.210086
106.375		0.210086
106.5		0.210086
106.625		0.210086
106.75		0.210086
106.875		0.210086
107		0.210086
107.125		0.210982
107.25		0.210982
107.375		0.210982
107.5		0.210982
107.625		0.210982
107.75		0.210982
107.875		0.210982
108		0.210982
108.125		0.213448
108.25		0.213448
108.375		0.213448
108.5		0.213448
108.625		0.213448
108.75		0.213448
108.875		0.213448
109		0.213448
109.125		0.213896
109.25		0.213896
109.375		0.213896
109.5		0.213896
109.625		0.213896
109.75		0.213896
109.875		0.213896
110		0.213896
110.125		0.218752
110.25		0.218752
110.375		0.218752
110.5		0.218752
110.625		0.218752
110.75		0.218752
110.875		0.218752
111		0.218752
111.125		0.22062
111.25		0.22062
111.375		0.22062
111.5		0.22062
111.625		0.22062
111.75		0.22062
111.875		0.22062
112		0.22062
112.125		0.223011
112.25		0.223011
112.375		0.223011
112.5		0.223011
112.625		0.223011
112.75		0.223011
112.875		0.223011
113		0.223011
113.125		0.225925
113.25		0.225925
113.375		0.225925
113.5		0.225925
113.625		0.225925
113.75		0.225925
113.875		0.225925
114		0.225925
114.125		0.229884
114.25		0.229884
114.375		0.229884
114.5		0.229884
114.625		0.229884
114.75		0.229884
114.875		0.229884
115		0.229884
115.125		0.230706
115.25		0.230706
115.375		0.230706
115.5		0.230706
115.625		0.230706
115.75		0.230706
115.875		0.230706
116		0.230706
116.125		0.23474
116.25		0.23474
116.375		0.23474
116.5		0.23474
116.625		0.23474
116.75		0.23474
116.875		0.23474
117		0.23474
117.125		0.237579
117.25		0.237579
117.375		0.237579
117.5		0.237579
117.625		0.237579
117.75		0.237579
117.875		0.237579
118		0.237579
118.125		0.239223
118.25		0.239223
118.375		0.239223
118.5		0.239223
118.625		0.239223
118.75		0.239223
118.875		0.239223
119		0.239223
119.125		0.242062
119.25		0.242062
119.375		0.242062
119.5		0.242062
119.625		0.242062
119.75		0.242062
119.875		0.242062
120		0.242062
120.125		0.244453
120.25		0.244453
120.375		0.244453
120.5		0.244453
120.625		0.244453
120.75		0.244453
120.875		0.244453
121		0.244453
121.125		0.244527
121.25		0.244527
121.375		0.244527
121.5		0.244527
121.625		0.244527
121.75		0.244527
121.875		0.244527
122		0.244527
122.125		0.245275
122.25		0.245275
122.375		0.245275
122.5		0.245275
122.625		0.245275
122.75		0.245275
122.875		0.245275
123		0.245275
123.125		0.246694
123.25		0.246694
123.375		0.246694
123.5		0.246694
123.625		0.246694
123.75		0.246694
123.875		0.246694
124		0.246694
124.125		0.250803
124.25		0.250803
124.375		0.250803
124.5		0.250803
124.625		0.250803
124.75		0.250803
124.875		0.250803
125		0.250803
125.125		0.251401
125.25		0.251401
125.375		0.251401
125.5		0.251401
125.625		0.251401
125.75		0.251401
125.875		0.251401
126		0.251401
126.125		0.256855
126.25		0.256855
126.375		0.256855
126.5		0.256855
126.625		0.256855
126.75		0.256855
126.875		0.256855
127		0.256855
127.125		0.257751
127.25		0.257751
127.375		0.257751
127.5		0.257751
127.625		0.257751
127.75		0.257751
127.875		0.257751
128		0.257751
128.125		0.258125
128.25		0.258125
128.375		0.258125
128.5		0.258125
128.625		0.258125
128.75		0.258125
128.875		0.258125
129		0.258125
129.125		0.26186
129.25		0.26186
129.375		0.26186
129.5		0.26186
129.625		0.26186
129.75		0.26186
129.875		0.26186
130		0.26186
130.125		0.262533
130.25		0.262533
130.375		0.262533
130.5		0.262533
130.625		0.262533
130.75		0.262533
130.875		0.262533
131		0.262533
131.125		0.263429
131.25		0.263429
131.375		0.263429
131.5		0.263429
131.625		0.263429
131.75		0.263429
131.875		0.263429
132		0.263429
132.125		0.267389
132.25		0.267389
132.375		0.267389
132.5		0.267389
132.625		0.267389
132.75		0.267389
132.875		0.267389
133		0.267389
133.125		0.269032
133.25		0.269032
133.375		0.269032
133.5		0.269032
133.625		0.269032
133.75		0.269032
133.875		0.269032
134		0.269032
134.125		0.27105
134.25		0.27105
134.375		0.27105
134.5		0.27105
134.625		0.27105
134.75		0.27105
134.875		0.27105
135		0.27105
135.125		0.273814
135.25		0.273814
135.375		0.273814
135.5		0.273814
135.625		0.273814
135.75		0.273814
135.875		0.273814
136		0.273814
136.125		0.274337
136.25		0.274337
136.375		0.274337
136.5		0.274337
136.625		0.274337
136.75		0.274337
136.875		0.274337
137		0.274337
137.125		0.275084
137.25		0.275084
137.375		0.275084
137.5		0.275084
137.625		0.275084
137.75		0.275084
137.875		0.275084
138		0.275084
138.125		0.279343
138.25		0.279343
138.375		0.279343
138.5		0.279343
138.625		0.279343
138.75		0.279343
138.875		0.279343
139		0.279343
139.125		0.281733
139.25		0.281733
139.375		0.281733
139.5		0.281733
139.625		0.281733
139.75		0.281733
139.875		0.281733
140		0.281733
140.125		0.283302
140.25		0.283302
140.375		0.283302
140.5		0.283302
140.625		0.283302
140.75		0.283302
140.875		0.283302
141		0.283302
141.125		0.28375
141.25		0.28375
141.375		0.28375
141.5		0.28375
141.625		0.28375
141.75		0.28375
141.875		0.28375
142		0.28375
142.125		0.287411
142.25		0.287411
142.375		0.287411
142.5		0.287411
142.625		0.287411
142.75		0.287411
142.875		0.287411
143		0.287411
143.125		0.290624
143.25		0.290624
143.375		0.290624
143.5		0.290624
143.625		0.290624
143.75		0.290624
143.875		0.290624
144		0.290624
144.125		0.293538
144.25		0.293538
144.375		0.293538
144.5		0.293538
144.625		0.293538
144.75		0.293538
144.875		0.293538
145		0.293538
145.125		0.295854
145.25		0.295854
145.375		0.295854
145.5		0.295854
145.625		0.295854
145.75		0.295854
145.875		0.295854
146		0.295854
146.125		0.296302
146.25		0.296302
146.375		0.296302
146.5		0.296302
146.625		0.296302
146.75		0.296302
146.875		0.296302
147		0.296302
147.125		0.298693
147.25		0.298693
147.375		0.298693
147.5		0.298693
147.625		0.298693
147.75		0.298693
147.875		0.298693
148		0.298693
148.125		0.302652
148.25		0.302652
148.375		0.302652
148.5		0.302652
148.625		0.302652
148.75		0.302652
148.875		0.302652
149		0.302652
149.125		0.305715
149.25		0.305715
149.375		0.305715
149.5		0.305715
149.625		0.305715
149.75		0.305715
149.875		0.305715
150		0.305715
150.125		0.306388
150.25		0.306388
150.375		0.306388
150.5		0.306388
150.625		0.306388
150.75		0.306388
150.875		0.306388
151		0.306388
151.125		0.306687
151.25		0.306687
151.375		0.306687
151.5		0.306687
151.625		0.306687
151.75		0.306687
151.875		0.306687
152		0.306687
152.125		0.310721
152.25		0.310721
152.375		0.310721
152.5		0.310721
152.625		0.310721
152.75		0.310721
152.875		0.310721
153		0.310721
153.125		0.312589
153.25		0.312589
153.375		0.312589
153.5		0.312589
153.625		0.312589
153.75		0.312589
153.875		0.312589
154		0.312589
154.125		0.313709
154.25		0.313709
154.375		0.313709
154.5		0.313709
154.625		0.313709
154.75		0.313709
154.875		0.313709
155		0.313709
155.125		0.314606
155.25		0.314606
155.375		0.314606
155.5		0.314606
155.625		0.314606
155.75		0.314606
155.875		0.314606
156		0.314606
156.125		0.319686
156.25		0.319686
156.375		0.319686
156.5		0.319686
156.625		0.319686
156.75		0.319686
156.875		0.319686
157		0.319686
157.125		0.320359
157.25		0.320359
157.375		0.320359
157.5		0.320359
157.625		0.320359
157.75		0.320359
157.875		0.320359
158		0.320359
158.125		0.323272
158.25		0.323272
158.375		0.323272
158.5		0.323272
158.625		0.323272
158.75		0.323272
158.875		0.323272
159		0.323272
159.125		0.324468
159.25		0.324468
159.375		0.324468
159.5		0.324468
159.625		0.324468
159.75		0.324468
159.875		0.324468
160		0.324468
160.125		0.325962
160.25		0.325962
160.375		0.325962
160.5		0.325962
160.625		0.325962
160.75		0.325962
160.875		0.325962
161		0.325962
161.125		0.328726
161.25		0.328726
161.375		0.328726
161.5		0.328726
161.625		0.328726
161.75		0.328726
161.875		0.328726
162		0.328726
162.125		0.332312
162.25		0.332312
162.375		0.332312
162.5		0.332312
162.625		0.332312
162.75		0.332312
162.875		0.332312
163		0.332312
163.125		0.33418
163.25		0.33418
163.375		0.33418
163.5		0.33418
163.625		0.33418
163.75		0.33418
163.875		0.33418
164		0.33418
164.125		0.334927
164.25		0.334927
164.375		0.334927
164.5		0.334927
164.625		0.334927
164.75		0.334927
164.875		0.334927
165		0.334927
165.125		0.336272
165.25		0.336272
165.375		0.336272
165.5		0.336272
165.625		0.336272
165.75		0.336272
165.875		0.336272
166		0.336272
166.125		0.339559
166.25		0.339559
166.375		0.339559
166.5		0.339559
166.625		0.339559
166.75		0.339559
166.875		0.339559
167		0.339559
167.125		0.340829
167.25		0.340829
167.375		0.340829
167.5		0.340829
167.625		0.340829
167.75		0.340829
167.875		0.340829
168		0.340829
168.125		0.342025
168.25		0.342025
168.375		0.342025
168.5		0.342025
168.625		0.342025
168.75		0.342025
168.875		0.342025
169		0.342025
169.125		0.347329
169.25		0.347329
169.375		0.347329
169.5		0.347329
169.625		0.347329
169.75		0.347329
169.875		0.347329
170		0.347329
170.125		0.347553
170.25		0.347553
170.375		0.347553
170.5		0.347553
170.625		0.347553
170.75		0.347553
170.875		0.347553
171		0.347553
171.125		0.347703
171.25		0.347703
171.375		0.347703
171.5		0.347703
171.625		0.347703
171.75		0.347703
171.875		0.347703
172		0.347703
172.125		0.352783
172.25		0.352783
172.375		0.352783
172.5		0.352783
172.625		0.352783
172.75		0.352783
172.875		0.352783
173		0.352783
173.125		0.353306
173.25		0.353306
173.375		0.353306
173.5		0.353306
173.625		0.353306
173.75		0.353306
173.875		0.353306
174		0.353306
174.125		0.354651
174.25		0.354651
174.375		0.354651
174.5		0.354651
174.625		0.354651
174.75		0.354651
174.875		0.354651
175		0.354651
175.125		0.356743
175.25		0.356743
175.375		0.356743
175.5		0.356743
175.625		0.356743
175.75		0.356743
175.875		0.356743
176		0.356743
176.125		0.358685
176.25		0.358685
176.375		0.358685
176.5		0.358685
176.625		0.358685
176.75		0.358685
176.875		0.358685
177		0.358685
177.125		0.359133
177.25		0.359133
177.375		0.359133
177.5		0.359133
177.625		0.359133
177.75		0.359133
177.875		0.359133
178		0.359133
178.125		0.365484
178.25		0.365484
178.375		0.365484
178.5		0.365484
178.625		0.365484
178.75		0.365484
178.875		0.365484
179		0.365484
179.125		0.365932
179.25		0.365932
179.375		0.365932
179.5		0.365932
179.625		0.365932
179.75		0.365932
179.875		0.365932
180		0.365932
180.125		0.368547
180.25		0.368547
180.375		0.368547
180.5		0.368547
180.625		0.368547
180.75		0.368547
180.875		0.368547
181		0.368547
181.125		0.368995
181.25		0.368995
181.375		0.368995
181.5		0.368995
181.625		0.368995
181.75		0.368995
181.875		0.368995
182		0.368995
182.125		0.374673
182.25		0.374673
182.375		0.374673
182.5		0.374673
182.625		0.374673
182.75		0.374673
182.875		0.374673
183		0.374673
183.125		0.375495
183.25		0.375495
183.375		0.375495
183.5		0.375495
183.625		0.375495
183.75		0.375495
183.875		0.375495
184		0.375495
184.125		0.378708
184.25		0.378708
184.375		0.378708
184.5		0.378708
184.625		0.378708
184.75		0.378708
184.875		0.378708
185		0.378708
185.125		0.379604
185.25		0.379604
185.375		0.379604
185.5		0.379604
185.625		0.379604
185.75		0.379604
185.875		0.379604
186		0.379604
186.125		0.382368
186.25		0.382368
186.375		0.382368
186.5		0.382368
186.625		0.382368
186.75		0.382368
186.875		0.382368
187		0.382368
187.125		0.385133
187.25		0.385133
187.375		0.385133
187.5		0.385133
187.625		0.385133
187.75		0.385133
187.875		0.385133
188		0.385133
188.125		0.38715
188.25		0.38715
188.375		0.38715
188.5		0.38715
188.625		0.38715
188.75		0.38715
188.875		0.38715
189		0.38715
189.125		0.390213
189.25		0.390213
189.375		0.390213
189.5		0.390213
189.625		0.390213
189.75		0.390213
189.875		0.390213
190		0.390213
190.125		0.391857
190.25		0.391857
190.375		0.391857
190.5		0.391857
190.625		0.391857
190.75		0.391857
190.875		0.391857
191		0.391857
191.125		0.395219
191.25		0.395219
191.375		0.395219
191.5		0.395219
191.625		0.395219
191.75		0.395219
191.875		0.395219
192		0.395219
192.125		0.395966
192.25		0.395966
192.375		0.395966
192.5		0.395966
192.625		0.395966
192.75		0.395966
192.875		0.395966
193		0.395966
193.125		0.397759
193.25		0.397759
193.375		0.397759
193.5		0.397759
193.625		0.397759
193.75		0.397759
193.875		0.397759
194		0.397759
194.125		0.398581
194.25		0.398581
194.375		0.398581
194.5		0.398581
194.625		0.398581
194.75		0.398581
194.875		0.398581
195		0.398581
195.125		0.400598
195.25		0.400598
195.375		0.400598
195.5		0.400598
195.625		0.400598
195.75		0.400598
195.875		0.400598
196		0.400598
196.125		0.405379
196.25		0.405379
196.375		0.405379
196.5		0.405379
196.625		0.405379
196.75		0.405379
196.875		0.405379
197		0.405379
197.125		0.407023
197.25		0.407023
197.375		0.407023
197.5		0.407023
197.625		0.407023
197.75		0.407023
197.875		0.407023
198		0.407023
198.125		0.408741
198.25		0.408741
198.375		0.408741
198.5		0.408741
198.625		0.408741
198.75		0.408741
198.875		0.408741
199		0.408741
199.125		0.409712
199.25		0.409712
199.375		0.409712
199.5		0.409712
199.625		0.409712
199.75		0.409712
199.875		0.409712
200		0.409712
200.125		0.412551
200.25		0.412551
200.375		0.412551
200.5		0.412551
200.625		0.412551
200.75		0.412551
200.875		0.412551
201		0.412551
201.125		0.414569
201.25		0.414569
201.375		0.414569
201.5		0.414569
201.625		0.414569
201.75		0.414569
201.875		0.414569
202		0.414569
202.125		0.417408
202.25		0.417408
202.375		0.417408
202.5		0.417408
202.625		0.417408
202.75		0.417408
202.875		0.417408
203		0.417408
203.125		0.419574
203.25		0.419574
203.375		0.419574
203.5		0.419574
203.625		0.419574
203.75		0.419574
203.875		0.419574
204		0.419574
204.125		0.42189
204.25		0.42189
204.375		0.42189
204.5		0.42189
204.625		0.42189
204.75		0.42189
204.875		0.42189
205		0.42189
205.125		0.4257
205.25		0.4257
205.375		0.4257
205.5		0.4257
205.625		0.4257
205.75		0.4257
205.875		0.4257
206		0.4257
206.125		0.427643
206.25		0.427643
206.375		0.427643
206.5		0.427643
206.625		0.427643
206.75		0.427643
206.875		0.427643
207		0.427643
207.125		0.428091
207.25		0.428091
207.375		0.428091
207.5		0.428091
207.625		0.428091
207.75		0.428091
207.875		0.428091
208		0.428091
208.125		0.429062
208.25		0.429062
208.375		0.429062
208.5		0.429062
208.625		0.429062
208.75		0.429062
208.875		0.429062
209		0.429062
209.125		0.434516
209.25		0.434516
209.375		0.434516
209.5		0.434516
209.625		0.434516
209.75		0.434516
209.875		0.434516
210		0.434516
210.125		0.434965
210.25		0.434965
210.375		0.434965
210.5		0.434965
210.625		0.434965
210.75		0.434965
210.875		0.434965
211		0.434965
211.125		0.437281
211.25		0.437281
211.375		0.437281
211.5		0.437281
211.625		0.437281
211.75		0.437281
211.875		0.437281
212		0.437281
212.125		0.440194
212.25		0.440194
212.375		0.440194
212.5		0.440194
212.625		0.440194
212.75		0.440194
212.875		0.440194
213		0.440194
213.125		0.440792
213.25		0.440792
213.375		0.440792
213.5		0.440792
213.625		0.440792
213.75		0.440792
213.875		0.440792
214		0.440792
214.125		0.444826
214.25		0.444826
214.375		0.444826
214.5		0.444826
214.625		0.444826
214.75		0.444826
214.875		0.444826
215		0.444826
215.125		0.445349
215.25		0.445349
215.375		0.445349
215.5		0.445349
215.625		0.445349
215.75		0.445349
215.875		0.445349
216		0.445349
216.125		0.446246
216.25		0.446246
216.375		0.446246
216.5		0.446246
216.625		0.446246
216.75		0.446246
216.875		0.446246
217		0.446246
217.125		0.451177
217.25		0.451177
217.375		0.451177
217.5		0.451177
217.625		0.451177
217.75		0.451177
217.875		0.451177
218		0.451177
218.125		0.45536
218.25		0.45536
218.375		0.45536
218.5		0.45536
218.625		0.45536
218.75		0.45536
218.875		0.45536
219		0.45536
219.125		0.455585
219.25		0.455585
219.375		0.455585
219.5		0.455585
219.625		0.455585
219.75		0.455585
219.875		0.455585
220		0.455585
220.125		0.456631
220.25		0.456631
220.375		0.456631
220.5		0.456631
220.625		0.456631
220.75		0.456631
220.875		0.456631
221		0.456631
221.125		0.458274
221.25		0.458274
221.375		0.458274
221.5		0.458274
221.625		0.458274
221.75		0.458274
221.875		0.458274
222		0.458274
222.125		0.461263
222.25		0.461263
222.375		0.461263
222.5		0.461263
222.625		0.461263
222.75		0.461263
222.875		0.461263
223		0.461263
223.125		0.461786
223.25		0.461786
223.375		0.461786
223.5		0.461786
223.625		0.461786
223.75		0.461786
223.875		0.461786
224		0.461786
224.125		0.465446
224.25		0.465446
224.375		0.465446
224.5		0.465446
224.625		0.465446
224.75		0.465446
224.875		0.465446
225		0.465446
225.125		0.46582
225.25		0.46582
225.375		0.46582
225.5		0.46582
225.625		0.46582
225.75		0.46582
225.875		0.46582
226		0.46582
226.125		0.470377
226.25		0.470377
226.375		0.470377
226.5		0.470377
226.625		0.470377
226.75		0.470377
226.875		0.470377
227		0.470377
227.125		0.471498
227.25		0.471498
227.375		0.471498
227.5		0.471498
227.625		0.471498
227.75		0.471498
227.875		0.471498
228		0.471498
228.125		0.473216
228.25		0.473216
228.375		0.473216
228.5		0.473216
228.625		0.473216
228.75		0.473216
228.875		0.473216
229		0.473216
229.125		0.47344
229.25		0.47344
229.375		0.47344
229.5		0.47344
229.625		0.47344
229.75		0.47344
229.875		0.47344
230		0.47344
230.125		0.48009
230.25		0.48009
230.375		0.48009
230.5		0.48009
230.625		0.48009
230.75		0.48009
230.875		0.48009
231		0.48009
231.125		0.48248
231.25		0.48248
231.375		0.48248
231.5		0.48248
231.625		0.48248
231.75		0.48248
231.875		0.48248
232		0.48248
232.125		0.485319
232.25		0.485319
232.375		0.485319
232.5		0.485319
232.625		0.485319
232.75		0.485319
232.875		0.485319
233		0.485319
233.125		0.485544
233.25		0.485544
233.375		0.485544
233.5		0.485544
233.625		0.485544
233.75		0.485544
233.875		0.485544
234		0.485544
234.125		0.491147
234.25		0.491147
234.375		0.491147
234.5		0.491147
234.625		0.491147
234.75		0.491147
234.875		0.491147
235		0.491147
235.125		0.492641
235.25		0.492641
235.375		0.492641
235.5		0.492641
235.625		0.492641
235.75		0.492641
235.875		0.492641
236		0.492641
236.125		0.493612
236.25		0.493612
236.375		0.493612
236.5		0.493612
236.625		0.493612
236.75		0.493612
236.875		0.493612
237		0.493612
237.125		0.495928
237.25		0.495928
237.375		0.495928
237.5		0.495928
237.625		0.495928
237.75		0.495928
237.875		0.495928
238		0.495928
238.125		0.498842
238.25		0.498842
238.375		0.498842
238.5		0.498842
238.625		0.498842
238.75		0.498842
238.875		0.498842
239		0.498842
239.125		0.500635
239.25		0.500635
239.375		0.500635
239.5		0.500635
239.625		0.500635
239.75		0.500635
239.875		0.500635
240		0.500635
240.125		0.503474
240.25		0.503474
240.375		0.503474
240.5		0.503474
240.625		0.503474
240.75		0.503474
240.875		0.503474
241		0.503474
241.125		0.50579
241.25		0.50579
241.375		0.50579
241.5		0.50579
241.625		0.50579
241.75		0.50579
241.875		0.50579
242		0.50579
242.125		0.507135
242.25		0.507135
242.375		0.507135
242.5		0.507135
242.625		0.507135
242.75		0.507135
242.875		0.507135
243		0.507135
243.125		0.507434
243.25		0.507434
243.375		0.507434
243.5		0.507434
243.625		0.507434
243.75		0.507434
243.875		0.507434
244		0.507434
244.125		0.512439
244.25		0.512439
244.375		0.512439
244.5		0.512439
244.625		0.512439
244.75		0.512439
244.875		0.512439
245		0.512439
245.125		0.512962
245.25		0.512962
245.375		0.512962
245.5		0.512962
245.625		0.512962
245.75		0.512962
245.875		0.512962
246		0.512962
246.125		0.513261
246.25		0.513261
246.375		0.513261
246.5		0.513261
246.625		0.513261
246.75		0.513261
246.875		0.513261
247		0.513261
247.125		0.514755
247.25		0.514755
247.375		0.514755
247.5		0.514755
247.625		0.514755
247.75		0.514755
247.875		0.514755
248		0.514755
248.125		0.519387
248.25		0.519387
248.375		0.519387
248.5		0.519387
248.625		0.519387
248.75		0.519387
248.875		0.519387
249		0.519387
249.125		0.521106
249.25		0.521106
249.375		0.521106
249.5		0.521106
249.625		0.521106
249.75		0.521106
249.875		0.521106
250		0.521106
250.125		0.523198
250.25		0.523198
250.375		0.523198
250.5		0.523198
250.625		0.523198
250.75		0.523198
250.875		0.523198
251		0.523198
251.125		0.524617
251.25		0.524617
251.375		0.524617
251.5		0.524617
251.625		0.524617
251.75		0.524617
251.875		0.524617
252		0.524617
252.125		0.525065
252.25		0.525065
252.375		0.525065
252.5		0.525065
252.625		0.525065
252.75		0.525065
252.875		0.525065
253		0.525065
253.125		0.526784
253.25		0.526784
253.375		0.526784
253.5		0.526784
253.625		0.526784
253.75		0.526784
253.875		0.526784
254		0.526784
254.125		0.529174
254.25		0.529174
254.375		0.529174
254.5		0.529174
254.625		0.529174
254.75		0.529174
254.875		0.529174
255		0.529174
255.125		0.533209
255.25		0.533209
255.375		0.533209
255.5		0.533209
255.625		0.533209
255.75		0.533209
255.875		0.533209
256		0.533209
256.125		0.535375
256.25		0.535375
256.375		0.535375
256.5		0.535375
256.625		0.535375
256.75		0.535375
256.875		0.535375
257		0.535375
257.125		0.535749
257.25		0.535749
257.375		0.535749
257.5		0.535749
257.625		0.535749
257.75		0.535749
257.875		0.535749
258		0.535749
258.125		0.539783
258.25		0.539783
258.375		0.539783
258.5		0.539783
258.625		0.539783
258.75		0.539783
258.875		0.539783
259		0.539783
259.125		0.541651
259.25		0.541651
259.375		0.541651
259.5		0.541651
259.625		0.541651
259.75		0.541651
259.875		0.541651
260		0.541651
260.125		0.543369
260.25		0.543369
260.375		0.543369
260.5		0.543369
260.625		0.543369
260.75		0.543369
260.875		0.543369
261		0.543369
261.125		0.547553
261.25		0.547553
261.375		0.547553
261.5		0.547553
261.625		0.547553
261.75		0.547553
261.875		0.547553
262		0.547553
262.125		0.548076
262.25		0.548076
262.375		0.548076
262.5		0.548076
262.625		0.548076
262.75		0.548076
262.875		0.548076
263		0.548076
263.125		0.550093
263.25		0.550093
263.375		0.550093
263.5		0.550093
263.625		0.550093
263.75		0.550093
263.875		0.550093
264		0.550093
264.125		0.552335
264.25		0.552335
264.375		0.552335
264.5		0.552335
264.625		0.552335
264.75		0.552335
264.875		0.552335
265		0.552335
265.125		0.553754
265.25		0.553754
265.375		0.553754
265.5		0.553754
265.625		0.553754
265.75		0.553754
265.875		0.553754
266		0.553754
266.125		0.558312
266.25		0.558312
266.375		0.558312
266.5		0.558312
266.625		0.558312
266.75		0.558312
266.875		0.558312
267		0.558312
267.125		0.559133
267.25		0.559133
267.375		0.559133
267.5		0.559133
267.625		0.559133
267.75		0.559133
267.875		0.559133
268		0.559133
268.125		0.560702
268.25		0.560702
268.375		0.560702
268.5		0.560702
268.625		0.560702
268.75		0.560702
268.875		0.560702
269		0.560702
269.125		0.561972
269.25		0.561972
269.375		0.561972
269.5		0.561972
269.625		0.561972
269.75		0.561972
269.875		0.561972
270		0.561972
270.125		0.565558
270.25		0.565558
270.375		0.565558
270.5		0.565558
270.625		0.565558
270.75		0.565558
270.875		0.565558
271		0.565558
271.125		0.568622
271.25		0.568622
271.375		0.568622
271.5		0.568622
271.625		0.568622
271.75		0.568622
271.875		0.568622
272		0.568622
272.125		0.568696
272.25		0.568696
272.375		0.568696
272.5		0.568696
272.625		0.568696
272.75		0.568696
272.875		0.568696
273		0.568696
273.125		0.569668
273.25		0.569668
273.375		0.569668
273.5		0.569668
273.625		0.569668
273.75		0.569668
273.875		0.569668
274		0.569668
274.125		0.572058
274.25		0.572058
274.375		0.572058
274.5		0.572058
274.625		0.572058
274.75		0.572058
274.875		0.572058
275		0.572058
275.125		0.573552
275.25		0.573552
275.375		0.573552
275.5		0.573552
275.625		0.573552
275.75		0.573552
275.875		0.573552
276		0.573552
276.125		0.576093
276.25		0.576093
276.375		0.576093
276.5		0.576093
276.625		0.576093
276.75		0.576093
276.875		0.576093
277		0.576093
277.125		0.578782
277.25		0.578782
277.375		0.578782
277.5		0.578782
277.625		0.578782
277.75		0.578782
277.875		0.578782
278		0.578782
278.125		0.58192
278.25		0.58192
278.375		0.58192
278.5		0.58192
278.625		0.58192
278.75		0.58192
278.875		0.58192
279		0.58192
279.125		0.582592
279.25		0.582592
279.375		0.582592
279.5		0.582592
279.625		0.582592
279.75		0.582592
279.875		0.582592
280		0.582592
280.125		0.58573
280.25		0.58573
280.375		0.58573
280.5		0.58573
280.625		0.58573
280.75		0.58573
280.875		0.58573
281		0.58573
281.125		0.587225
281.25		0.587225
281.375		0.587225
281.5		0.587225
281.625		0.587225
281.75		0.587225
281.875		0.587225
282		0.587225
282.125		0.587972
282.25		0.587972
282.375		0.587972
282.5		0.587972
282.625		0.587972
282.75		0.587972
282.875		0.587972
283		0.587972
283.125		0.592006
283.25		0.592006
283.375		0.592006
283.5		0.592006
283.625		0.592006
283.75		0.592006
283.875		0.592006
284		0.592006
284.125		0.59477
284.25		0.59477
284.375		0.59477
284.5		0.59477
284.625		0.59477
284.75		0.59477
284.875		0.59477
285		0.59477
285.125		0.597535
285.25		0.597535
285.375		0.597535
285.5		0.597535
285.625		0.597535
285.75		0.597535
285.875		0.597535
286		0.597535
286.125		0.597535
286.25		0.597535
286.375		0.597535
286.5		0.597535
286.625		0.597535
286.75		0.597535
286.875		0.597535
287		0.597535
287.125		0.600075
287.25		0.600075
287.375		0.600075
287.5		0.600075
287.625		0.600075
287.75		0.600075
287.875		0.600075
288		0.600075
288.125		0.600374
288.25		0.600374
288.375		0.600374
288.5		0.600374
288.625		0.600374
288.75		0.600374
288.875		0.600374
289		0.600374
289.125		0.603138
289.25		0.603138
289.375		0.603138
289.5		0.603138
289.625		0.603138
289.75		0.603138
289.875		0.603138
290		0.603138
290.125		0.605977
290.25		0.605977
290.375		0.605977
290.5		0.605977
290.625		0.605977
290.75		0.605977
290.875		0.605977
291		0.605977
291.125		0.608143
291.25		0.608143
291.375		0.608143
291.5		0.608143
291.625		0.608143
291.75		0.608143
291.875		0.608143
292		0.608143
292.125		0.609787
292.25		0.609787
292.375		0.609787
292.5		0.609787
292.625		0.609787
292.75		0.609787
292.875		0.609787
293		0.609787
293.125		0.612028
293.25		0.612028
293.375		0.612028
293.5		0.612028
293.625		0.612028
293.75		0.612028
293.875		0.612028
294		0.612028
294.125		0.613448
294.25		0.613448
294.375		0.613448
294.5		0.613448
294.625		0.613448
294.75		0.613448
294.875		0.613448
295		0.613448
295.125		0.616212
295.25		0.616212
295.375		0.616212
295.5		0.616212
295.625		0.616212
295.75		0.616212
295.875		0.616212
296		0.616212
296.125		0.618304
296.25		0.618304
296.375		0.618304
296.5		0.618304
296.625		0.618304
296.75		0.618304
296.875		0.618304
297		0.618304
297.125		0.621367
297.25		0.621367
297.375		0.621367
297.5		0.621367
297.625		0.621367
297.75		0.621367
297.875		0.621367
298		0.621367
298.125		0.621591
298.25		0.621591
298.375		0.621591
298.5		0.621591
298.625		0.621591
298.75		0.621591
298.875		0.621591
299		0.621591
299.125		0.625999
299.25		0.625999
299.375		0.625999
299.5		0.625999
299.625		0.625999
299.75		0.625999
299.875		0.625999
300		0.625999
300.125		0.628465
300.25		0.628465
300.375		0.628465
300.5		0.628465
300.625		0.628465
300.75		0.628465
300.875		0.628465
301		0.628465
301.125		0.631603
301.25		0.631603
301.375		0.631603
301.5		0.631603
301.625		0.631603
301.75		0.631603
301.875		0.631603
302		0.631603
302.125		0.632275
302.25		0.632275
302.375		0.632275
302.5		0.632275
302.625		0.632275
302.75		0.632275
302.875		0.632275
303		0.632275
303.125		0.634068
303.25		0.634068
303.375		0.634068
303.5		0.634068
303.625		0.634068
303.75		0.634068
303.875		0.634068
304		0.634068
304.125		0.638028
304.25		0.638028
304.375		0.638028
304.5		0.638028
304.625		0.638028
304.75		0.638028
304.875		0.638028
305		0.638028
305.125		0.639821
305.25		0.639821
305.375		0.639821
305.5		0.639821
305.625		0.639821
305.75		0.639821
305.875		0.639821
306		0.639821
306.125		0.64124
306.25		0.64124
306.375		0.64124
306.5		0.64124
306.625		0.64124
306.75		0.64124
306.875		0.64124
307		0.64124
307.125		0.64378
307.25		0.64378
307.375		0.64378
307.5		0.64378
307.625		0.64378
307.75		0.64378
307.875		0.64378
308		0.64378
308.125		0.645349
308.25		0.645349
308.375		0.645349
308.5		0.645349
308.625		0.645349
308.75		0.645349
308.875		0.645349
309		0.645349
309.125		0.649533
309.25		0.649533
309.375		0.649533
309.5		0.649533
309.625		0.649533
309.75		0.649533
309.875		0.649533
310		0.649533
310.125		0.649757
310.25		0.649757
310.375		0.649757
310.5		0.649757
310.625		0.649757
310.75		0.649757
310.875		0.649757
311		0.649757
311.125		0.650131
311.25		0.650131
311.375		0.650131
311.5		0.650131
311.625		0.650131
311.75		0.650131
311.875		0.650131
312		0.650131
312.125		0.656108
312.25		0.656108
312.375		0.656108
312.5		0.656108
312.625		0.656108
312.75		0.656108
312.875		0.656108
313		0.656108
313.125		0.657452
313.25		0.657452
313.375		0.657452
313.5		0.657452
313.625		0.657452
313.75		0.657452
313.875		0.657452
314		0.657452
314.125		0.659171
314.25		0.659171
314.375		0.659171
314.5		0.659171
314.625		0.659171
314.75		0.659171
314.875		0.659171
315		0.659171
315.125		0.661337
315.25		0.661337
315.375		0.661337
315.5		0.661337
315.625		0.661337
315.75		0.661337
315.875		0.661337
316		0.661337
316.125		0.664699
316.25		0.664699
316.375		0.664699
316.5		0.664699
316.625		0.664699
316.75		0.664699
316.875		0.664699
317		0.664699
317.125		0.666418
317.25		0.666418
317.375		0.666418
317.5		0.666418
317.625		0.666418
317.75		0.666418
317.875		0.666418
318		0.666418
318.125		0.666791
318.25		0.666791
318.375		0.666791
318.5		0.666791
318.625		0.666791
318.75		0.666791
318.875		0.666791
319		0.666791
319.125		0.668285
319.25		0.668285
319.375		0.668285
319.5		0.668285
319.625		0.668285
319.75		0.668285
319.875		0.668285
320		0.668285
320.125		0.669854
320.25		0.669854
320.375		0.669854
320.5		0.669854
320.625		0.669854
320.75		0.669854
320.875		0.669854
321		0.669854
321.125		0.673366
321.25		0.673366
321.375		0.673366
321.5		0.673366
321.625		0.673366
321.75		0.673366
321.875		0.673366
322		0.673366
322.125		0.676728
322.25		0.676728
322.375		0.676728
322.5		0.676728
322.625		0.676728
322.75		0.676728
322.875		0.676728
323		0.676728
323.125		0.677549
323.25		0.677549
323.375		0.677549
323.5		0.677549
323.625		0.677549
323.75		0.677549
323.875		0.677549
324		0.677549
324.125		0.67994
324.25		0.67994
324.375		0.67994
324.5		0.67994
324.625		0.67994
324.75		0.67994
324.875		0.67994
325		0.67994
325.125		0.68263
325.25		0.68263
325.375		0.68263
325.5		0.68263
325.625		0.68263
325.75		0.68263
325.875		0.68263
326		0.68263
326.125		0.687187
326.25		0.687187
326.375		0.687187
326.5		0.687187
326.625		0.687187
326.75		0.687187
326.875		0.687187
327		0.687187
327.125		0.687635
327.25		0.687635
327.375		0.687635
327.5		0.687635
327.625		0.687635
327.75		0.687635
327.875		0.687635
328		0.687635
328.125		0.69167
328.25		0.69167
328.375		0.69167
328.5		0.69167
328.625		0.69167
328.75		0.69167
328.875		0.69167
329		0.69167
329.125		0.691819
329.25		0.691819
329.375		0.691819
329.5		0.691819
329.625		0.691819
329.75		0.691819
329.875		0.691819
330		0.691819
330.125		0.693911
330.25		0.693911
330.375		0.693911
330.5		0.693911
330.625		0.693911
330.75		0.693911
330.875		0.693911
331		0.693911
331.125		0.696675
331.25		0.696675
331.375		0.696675
331.5		0.696675
331.625		0.696675
331.75		0.696675
331.875		0.696675
332		0.696675
332.125		0.697124
332.25		0.697124
332.375		0.697124
332.5		0.697124
332.625		0.697124
332.75		0.697124
332.875		0.697124
333		0.697124
333.125		0.700037
333.25		0.700037
333.375		0.700037
333.5		0.700037
333.625		0.700037
333.75		0.700037
333.875		0.700037
334		0.700037
334.125		0.703549
334.25		0.703549
334.375		0.703549
334.5		0.703549
334.625		0.703549
334.75		0.703549
334.875		0.703549
335		0.703549
335.125		0.706761
335.25		0.706761
335.375		0.706761
335.5		0.706761
335.625		0.706761
335.75		0.706761
335.875		0.706761
336		0.706761
336.125		0.707359
336.25		0.707359
336.375		0.707359
336.5		0.707359
336.625		0.707359
336.75		0.707359
336.875		0.707359
337		0.707359
337.125		0.707658
337.25		0.707658
337.375		0.707658
337.5		0.707658
337.625		0.707658
337.75		0.707658
337.875		0.707658
338		0.707658
338.125		0.708704
338.25		0.708704
338.375		0.708704
338.5		0.708704
338.625		0.708704
338.75		0.708704
338.875		0.708704
339		0.708704
339.125		0.714905
339.25		0.714905
339.375		0.714905
339.5		0.714905
339.625		0.714905
339.75		0.714905
339.875		0.714905
340		0.714905
340.125		0.716997
340.25		0.716997
340.375		0.716997
340.5		0.716997
340.625		0.716997
340.75		0.716997
340.875		0.716997
341		0.716997
341.125		0.718341
341.25		0.718341
341.375		0.718341
341.5		0.718341
341.625		0.718341
341.75		0.718341
341.875		0.718341
342		0.718341
342.125		0.720209
342.25		0.720209
342.375		0.720209
342.5		0.720209
342.625		0.720209
342.75		0.720209
342.875		0.720209
343		0.720209
343.125		0.721106
343.25		0.721106
343.375		0.721106
343.5		0.721106
343.625		0.721106
343.75		0.721106
343.875		0.721106
344		0.721106
344.125		0.726858
344.25		0.726858
344.375		0.726858
344.5		0.726858
344.625		0.726858
344.75		0.726858
344.875		0.726858
345		0.726858
345.125		0.728726
345.25		0.728726
345.375		0.728726
345.5		0.728726
345.625		0.728726
345.75		0.728726
345.875		0.728726
346		0.728726
346.125		0.729473
346.25		0.729473
346.375		0.729473
346.5		0.729473
346.625		0.729473
346.75		0.729473
346.875		0.729473
347		0.729473
347.125		0.731341
347.25		0.731341
347.375		0.731341
347.5		0.731341
347.625		0.731341
347.75		0.731341
347.875		0.731341
348		0.731341
348.125		0.734927
348.25		0.734927
348.375		0.734927
348.5		0.734927
348.625		0.734927
348.75		0.734927
348.875		0.734927
349		0.734927
349.125		0.736496
349.25		0.736496
349.375		0.736496
349.5		0.736496
349.625		0.736496
349.75		0.736496
349.875		0.736496
350		0.736496
350.125		0.738737
350.25		0.738737
350.375		0.738737
350.5		0.738737
350.625		0.738737
350.75		0.738737
350.875		0.738737
351		0.738737
351.125		0.742846
351.25		0.742846
351.375		0.742846
351.5		0.742846
351.625		0.742846
351.75		0.742846
351.875		0.742846
352		0.742846
352.125		0.745461
352.25		0.745461
352.375		0.745461
352.5		0.745461
352.625		0.745461
352.75		0.745461
352.875		0.745461
353		0.745461
353.125		0.74576
353.25		0.74576
353.375		0.74576
353.5		0.74576
353.625		0.74576
353.75		0.74576
353.875		0.74576
354		0.74576
354.125		0.747927
354.25		0.747927
354.375		0.747927
354.5		0.747927
354.625		0.747927
354.75		0.747927
354.875		0.747927
355		0.747927
355.125		0.751662
355.25		0.751662
355.375		0.751662
355.5		0.751662
355.625		0.751662
355.75		0.751662
355.875		0.751662
356		0.751662
356.125		0.754128
356.25		0.754128
356.375		0.754128
356.5		0.754128
356.625		0.754128
356.75		0.754128
356.875		0.754128
357		0.754128
357.125		0.756817
357.25		0.756817
357.375		0.756817
357.5		0.756817
357.625		0.756817
357.75		0.756817
357.875		0.756817
358		0.756817
358.125		0.759208
358.25		0.759208
358.375		0.759208
358.5		0.759208
358.625		0.759208
358.75		0.759208
358.875		0.759208
359		0.759208
359.125		0.759208
359.25		0.759208
359.375		0.759208
359.5		0.759208
359.625		0.759208
359.75		0.759208
359.875		0.759208
360		0.759208
360.125		0.76257
360.25		0.76257
360.375		0.76257
360.5		0.76257
360.625		0.76257
360.75		0.76257
360.875		0.76257
361		0.76257
361.125		0.764363
361.25		0.764363
361.375		0.764363
361.5		0.764363
361.625		0.764363
361.75		0.764363
361.875		0.764363
362		0.764363
362.125		0.767426
362.25		0.767426
362.375		0.767426
362.5		0.767426
362.625		0.767426
362.75		0.767426
362.875		0.767426
363		0.767426
363.125		0.769294
363.25		0.769294
363.375		0.769294
363.5		0.769294
363.625		0.769294
363.75		0.769294
363.875		0.769294
364		0.769294
364.125		0.769892
364.25		0.769892
364.375		0.769892
364.5		0.769892
364.625		0.769892
364.75		0.769892
364.875		0.769892
365		0.769892
365.125		0.772133
365.25		0.772133
365.375		0.772133
365.5		0.772133
365.625		0.772133
365.75		0.772133
365.875		0.772133
366		0.772133
366.125		0.777437
366.25		0.777437
366.375		0.777437
366.5		0.777437
366.625		0.777437
366.75		0.777437
366.875		0.777437
367		0.777437
367.125		0.778708
367.25		0.778708
367.375		0.778708
367.5		0.778708
367.625		0.778708
367.75		0.778708
367.875		0.778708
368		0.778708
368.125		0.780276
368.25		0.780276
368.375		0.780276
368.5		0.780276
368.625		0.780276
368.75		0.780276
368.875		0.780276
369		0.780276
369.125		0.781098
369.25		0.781098
369.375		0.781098
369.5		0.781098
369.625		0.781098
369.75		0.781098
369.875		0.781098
370		0.781098
370.125		0.782592
370.25		0.782592
370.375		0.782592
370.5		0.782592
370.625		0.782592
370.75		0.782592
370.875		0.782592
371		0.782592
371.125		0.78446
371.25		0.78446
371.375		0.78446
371.5		0.78446
371.625		0.78446
371.75		0.78446
371.875		0.78446
372		0.78446
372.125		0.786179
372.25		0.786179
372.375		0.786179
372.5		0.786179
372.625		0.786179
372.75		0.786179
372.875		0.786179
373		0.786179
373.125		0.789167
373.25		0.789167
373.375		0.789167
373.5		0.789167
373.625		0.789167
373.75		0.789167
373.875		0.789167
374		0.789167
374.125		0.789615
374.25		0.789615
374.375		0.789615
374.5		0.789615
374.625		0.789615
374.75		0.789615
374.875		0.789615
375		0.789615
375.125		0.790661
375.25		0.790661
375.375		0.790661
375.5		0.790661
375.625		0.790661
375.75		0.790661
375.875		0.790661
376		0.790661
376.125		0.793276
376.25		0.793276
376.375		0.793276
376.5		0.793276
376.625		0.793276
376.75		0.793276
376.875		0.793276
377		0.793276
377.125		0.795293
377.25		0.795293
377.375		0.795293
377.5		0.795293
377.625		0.795293
377.75		0.795293
377.875		0.795293
378		0.795293
378.125		0.796638
378.25		0.796638
378.375		0.796638
378.5		0.796638
378.625		0.796638
378.75		0.796638
378.875		0.796638
379		0.796638
379.125		0.797609
379.25		0.797609
379.375		0.797609
379.5		0.797609
379.625		0.797609
379.75		0.797609
379.875		0.797609
380		0.797609
380.125		0.803736
380.25		0.803736
380.375		0.803736
380.5		0.803736
380.625		0.803736
380.75		0.803736
380.875		0.803736
381		0.803736
381.125		0.804034
381.25		0.804034
381.375		0.804034
381.5		0.804034
381.625		0.804034
381.75		0.804034
381.875		0.804034
382		0.804034
382.125		0.806425
382.25		0.806425
382.375		0.806425
382.5		0.806425
382.625		0.806425
382.75		0.806425
382.875		0.806425
383		0.806425
383.125		0.809115
383.25		0.809115
383.375		0.809115
383.5		0.809115
383.625		0.809115
383.75		0.809115
383.875		0.809115
384		0.809115
384.125		0.81173
384.25		0.81173
384.375		0.81173
384.5		0.81173
384.625		0.81173
384.75		0.81173
384.875		0.81173
385		0.81173
385.125		0.812178
385.25		0.812178
385.375		0.812178
385.5		0.812178
385.625		0.812178
385.75		0.812178
385.875		0.812178
386		0.812178
386.125		0.815988
386.25		0.815988
386.375		0.815988
386.5		0.815988
386.625		0.815988
386.75		0.815988
386.875		0.815988
387		0.815988
387.125		0.816885
387.25		0.816885
387.375		0.816885
387.5		0.816885
387.625		0.816885
387.75		0.816885
387.875		0.816885
388		0.816885
388.125		0.822563
388.25		0.822563
388.375		0.822563
388.5		0.822563
388.625		0.822563
388.75		0.822563
388.875		0.822563
389		0.822563
389.125		0.823011
389.25		0.823011
389.375		0.823011
389.5		0.823011
389.625		0.823011
389.75		0.823011
389.875		0.823011
390		0.823011
390.125		0.82443
390.25		0.82443
390.375		0.82443
390.5		0.82443
390.625		0.82443
390.75		0.82443
390.875		0.82443
391		0.82443
391.125		0.824505
391.25		0.824505
391.375		0.824505
391.5		0.824505
391.625		0.824505
391.75		0.824505
391.875		0.824505
392		0.824505
392.125		0.828539
392.25		0.828539
392.375		0.828539
392.5		0.828539
392.625		0.828539
392.75		0.828539
392.875		0.828539
393		0.828539
393.125		0.831154
393.25		0.831154
393.375		0.831154
393.5		0.831154
393.625		0.831154
393.75		0.831154
393.875		0.831154
394		0.831154
394.125		0.832574
394.25		0.832574
394.375		0.832574
394.5		0.832574
394.625		0.832574
394.75		0.832574
394.875		0.832574
395		0.832574
395.125		0.833694
395.25		0.833694
395.375		0.833694
395.5		0.833694
395.625		0.833694
395.75		0.833694
395.875		0.833694
396		0.833694
396.125		0.835936
396.25		0.835936
396.375		0.835936
396.5		0.835936
396.625		0.835936
396.75		0.835936
396.875		0.835936
397		0.835936
397.125		0.837804
397.25		0.837804
397.375		0.837804
397.5		0.837804
397.625		0.837804
397.75		0.837804
397.875		0.837804
398		0.837804
398.125		0.839821
398.25		0.839821
398.375		0.839821
398.5		0.839821
398.625		0.839821
398.75		0.839821
398.875		0.839821
399		0.839821
399.125		0.841913
399.25		0.841913
399.375		0.841913
399.5		0.841913
399.625		0.841913
399.75		0.841913
399.875		0.841913
400		0.841913
400.125		0.84266
400.25		0.84266
400.375		0.84266
400.5		0.84266
400.625		0.84266
400.75		0.84266
400.875		0.84266
401		0.84266
401.125		0.844677
401.25		0.844677
401.375		0.844677
401.5		0.844677
401.625		0.844677
401.75		0.844677
401.875		0.844677
402		0.844677
402.125		0.849384
402.25		0.849384
402.375		0.849384
402.5		0.849384
402.625		0.849384
402.75		0.849384
402.875		0.849384
403		0.849384
403.125		0.851476
403.25		0.851476
403.375		0.851476
403.5		0.851476
403.625		0.851476
403.75		0.851476
403.875		0.851476
404		0.851476
404.125		0.851774
404.25		0.851774
404.375		0.851774
404.5		0.851774
404.625		0.851774
404.75		0.851774
404.875		0.851774
405		0.851774
405.125		0.855435
405.25		0.855435
405.375		0.855435
405.5		0.855435
405.625		0.855435
405.75		0.855435
405.875		0.855435
406		0.855435
406.125		0.857303
406.25		0.857303
406.375		0.857303
406.5		0.857303
406.625		0.857303
406.75		0.857303
406.875		0.857303
407		0.857303
407.125		0.858125
407.25		0.858125
407.375		0.858125
407.5		0.858125
407.625		0.858125
407.75		0.858125
407.875		0.858125
408		0.858125
408.125		0.860441
408.25		0.860441
408.375		0.860441
408.5		0.860441
408.625		0.860441
408.75		0.860441
408.875		0.860441
409		0.860441
409.125		0.863355
409.25		0.863355
409.375		0.863355
409.5		0.863355
409.625		0.863355
409.75		0.863355
409.875		0.863355
410		0.863355
410.125		0.865895
410.25		0.865895
410.375		0.865895
410.5		0.865895
410.625		0.865895
410.75		0.865895
410.875		0.865895
411		0.865895
411.125		0.866418
411.25		0.866418
411.375		0.866418
411.5		0.866418
411.625		0.866418
411.75		0.866418
411.875		0.866418
412		0.866418
412.125		0.868211
412.25		0.868211
412.375		0.868211
412.5		0.868211
412.625		0.868211
412.75		0.868211
412.875		0.868211
413		0.868211
413.125		0.869107
413.25		0.869107
413.375		0.869107
413.5		0.869107
413.625		0.869107
413.75		0.869107
413.875		0.869107
414		0.869107
414.125		0.871573
414.25		0.871573
414.375		0.871573
414.5		0.871573
414.625		0.871573
414.75		0.871573
414.875		0.871573
415		0.871573
415.125		0.877176
415.25		0.877176
415.375		0.877176
415.5		0.877176
415.625		0.877176
415.75		0.877176
415.875		0.877176
416		0.877176
416.125		0.877475
416.25		0.877475
416.375		0.877475
416.5		0.877475
416.625		0.877475
416.75		0.877475
416.875		0.877475
417		0.877475
417.125		0.88009
417.25		0.88009
417.375		0.88009
417.5		0.88009
417.625		0.88009
417.75		0.88009
417.875		0.88009
418		0.88009
418.125		0.880986
418.25		0.880986
418.375		0.880986
418.5		0.880986
418.625		0.880986
418.75		0.880986
418.875		0.880986
419		0.880986
419.125		0.882705
419.25		0.882705
419.375		0.882705
419.5		0.882705
419.625		0.882705
419.75		0.882705
419.875		0.882705
420		0.882705
420.125		0.884796
420.25		0.884796
420.375		0.884796
420.5		0.884796
420.625		0.884796
420.75		0.884796
420.875		0.884796
421		0.884796
421.125		0.891744
421.25		0.891744
421.375		0.891744
421.5		0.891744
421.625		0.891744
421.75		0.891744
421.875		0.891744
422		0.891744
422.125		0.893313
422.25		0.893313
422.375		0.893313
422.5		0.893313
422.625		0.893313
422.75		0.893313
422.875		0.893313
423		0.893313
423.125		0.893762
423.25		0.893762
423.375		0.893762
423.5		0.893762
423.625		0.893762
423.75		0.893762
423.875		0.893762
424		0.893762
424.125		0.896152
424.25		0.896152
424.375		0.896152
424.5		0.896152
424.625		0.896152
424.75		0.896152
424.875		0.896152
425		0.896152
425.125		0.898319
425.25		0.898319
425.375		0.898319
425.5		0.898319
425.625		0.898319
425.75		0.898319
425.875		0.898319
426		0.898319
426.125		0.899963
426.25		0.899963
426.375		0.899963
426.5		0.899963
426.625		0.899963
426.75		0.899963
426.875		0.899963
427		0.899963
427.125		0.90325
427.25		0.90325
427.375		0.90325
427.5		0.90325
427.625		0.90325
427.75		0.90325
427.875		0.90325
428		0.90325
428.125		0.906687
428.25		0.906687
428.375		0.906687
428.5		0.906687
428.625		0.906687
428.75		0.906687
428.875		0.906687
429		0.906687
429.125		0.90706
429.25		0.90706
429.375		0.90706
429.5		0.90706
429.625		0.90706
429.75		0.90706
429.875		0.90706
430		0.90706
430.125		0.907957
430.25		0.907957
430.375		0.907957
430.5		0.907957
430.625		0.907957
430.75		0.907957
430.875		0.907957
431		0.907957
431.125		0.909077
431.25		0.909077
431.375		0.909077
431.5		0.909077
431.625		0.909077
431.75		0.909077
431.875		0.909077
432		0.909077
432.125		0.913186
432.25		0.913186
432.375		0.913186
432.5		0.913186
432.625		0.913186
432.75		0.913186
432.875		0.913186
433		0.913186
433.125		0.915577
433.25		0.915577
433.375		0.915577
433.5		0.915577
433.625		0.915577
433.75		0.915577
433.875		0.915577
434		0.915577
434.125		0.916922
434.25		0.916922
434.375		0.916922
434.5		0.916922
434.625		0.916922
434.75		0.916922
434.875		0.916922
435		0.916922
435.125		0.919387
435.25		0.919387
435.375		0.919387
435.5		0.919387
435.625		0.919387
435.75		0.919387
435.875		0.919387
436		0.919387
436.125		0.922301
436.25		0.922301
436.375		0.922301
436.5		0.922301
436.625		0.922301
436.75		0.922301
436.875		0.922301
437		0.922301
437.125		0.923571
437.25		0.923571
437.375		0.923571
437.5		0.923571
437.625		0.923571
437.75		0.923571
437.875		0.923571
438		0.923571
438.125		0.926634
438.25		0.926634
438.375		0.926634
438.5		0.926634
438.625		0.926634
438.75		0.926634
438.875		0.926634
439		0.926634
439.125		0.928726
439.25		0.928726
439.375		0.928726
439.5		0.928726
439.625		0.928726
439.75		0.928726
439.875		0.928726
440		0.928726
440.125		0.930071
440.25		0.930071
440.375		0.930071
440.5		0.930071
440.625		0.930071
440.75		0.930071
440.875		0.930071
441		0.930071
441.125		0.933881
441.25		0.933881
441.375		0.933881
441.5		0.933881
441.625		0.933881
441.75		0.933881
441.875		0.933881
442		0.933881
442.125		0.933956
442.25		0.933956
442.375		0.933956
442.5		0.933956
442.625		0.933956
442.75		0.933956
442.875		0.933956
443		0.933956
443.125		0.936347
443.25		0.936347
443.375		0.936347
443.5		0.936347
443.625		0.936347
443.75		0.936347
443.875		0.936347
444		0.936347
444.125		0.939559
444.25		0.939559
444.375		0.939559
444.5		0.939559
444.625		0.939559
444.75		0.939559
444.875		0.939559
445		0.939559
445.125		0.941352
445.25		0.941352
445.375		0.941352
445.5		0.941352
445.625		0.941352
445.75		0.941352
445.875		0.941352
446		0.941352
446.125		0.941427
446.25		0.941427
446.375		0.941427
446.5		0.941427
446.625		0.941427
446.75		0.941427
446.875		0.941427
447		0.941427
447.125		0.944938
447.25		0.944938
447.375		0.944938
447.5		0.944938
447.625		0.944938
447.75		0.944938
447.875		0.944938
448		0.944938
448.125		0.946358
448.25		0.946358
448.375		0.946358
448.5		0.946358
448.625		0.946358
448.75		0.946358
448.875		0.946358
449		0.946358
449.125		0.949795
449.25		0.949795
449.375		0.949795
449.5		0.949795
449.625		0.949795
449.75		0.949795
449.875		0.949795
450		0.949795
450.125		0.951289
450.25		0.951289
450.375		0.951289
450.5		0.951289
450.625		0.951289
450.75		0.951289
450.875		0.951289
451		0.951289
451.125		0.952335
451.25		0.952335
451.375		0.952335
451.5		0.952335
451.625		0.952335
451.75		0.952335
451.875		0.952335
452		0.952335
452.125		0.953978
452.25		0.953978
452.375		0.953978
452.5		0.953978
452.625		0.953978
452.75		0.953978
452.875		0.953978
453		0.953978
453.125		0.958087
453.25		0.958087
453.375		0.958087
453.5		0.958087
453.625		0.958087
453.75		0.958087
453.875		0.958087
454		0.958087
454.125		0.961375
454.25		0.961375
454.375		0.961375
454.5		0.961375
454.625		0.961375
454.75		0.961375
454.875		0.961375
455		0.961375
455.125		0.963093
455.25		0.963093
455.375		0.963093
455.5		0.963093
455.625		0.963093
455.75		0.963093
455.875		0.963093
456		0.963093
456.125		0.963616
456.25		0.963616
456.375		0.963616
456.5		0.963616
456.625		0.963616
456.75		0.963616
456.875		0.963616
457		0.963616
457.125		0.966306
457.25		0.966306
457.375		0.966306
457.5		0.966306
457.625		0.966306
457.75		0.966306
457.875		0.966306
458		0.966306
458.125		0.969369
458.25		0.969369
458.375		0.969369
458.5		0.969369
458.625		0.969369
458.75		0.969369
458.875		0.969369
459		0.969369
459.125		0.969593
459.25		0.969593
459.375		0.969593
459.5		0.969593
459.625		0.969593
459.75		0.969593
459.875		0.969593
460		0.969593
460.125		0.974449
460.25		0.974449
460.375		0.974449
460.5		0.974449
460.625		0.974449
460.75		0.974449
460.875		0.974449
461		0.974449
461.125		0.974823
461.25		0.974823
461.375		0.974823
461.5		0.974823
461.625		0.974823
461.75		0.974823
461.875		0.974823
462		0.974823
462.125		0.97669
462.25		0.97669
462.375		0.97669
462.5		0.97669
462.625		0.97669
462.75		0.97669
462.875		0.97669
463		0.97669
463.125		0.980276
463.25		0.980276
463.375		0.980276
463.5		0.980276
463.625		0.980276
463.75		0.980276
463.875		0.980276
464		0.980276
464.125		0.980799
464.25		0.980799
464.375		0.980799
464.5		0.980799
464.625		0.980799
464.75		0.980799
464.875		0.980799
465		0.980799
465.125		0.982294
465.25		0.982294
465.375		0.982294
465.5		0.982294
465.625		0.982294
465.75		0.982294
465.875		0.982294
466		0.982294
466.125		0.986702
466.25		0.986702
466.375		0.986702
466.5		0.986702
466.625		0.986702
466.75		0.986702
466.875		0.986702
467		0.986702
467.125		0.989018
467.25		0.989018
467.375		0.989018
467.5		0.989018
467.625		0.989018
467.75		0.989018
467.875		0.989018
468		0.989018
468.125		0.989765
468.25		0.989765
468.375		0.989765
468.5		0.989765
468.625		0.989765
468.75		0.989765
468.875		0.989765
469		0.989765
469.125		0.991109
469.25		0.991109
469.375		0.991109
469.5		0.991109
469.625		0.991109
469.75		0.991109
469.875		0.991109
470		0.991109
470.125		0.992006
470.25		0.992006
470.375		0.992006
470.5		0.992006
470.625		0.992006
470.75		0.992006
470.875		0.992006
471		0.992006
471.125		0.996862
471.25		0.996862
471.375		0.996862
471.5		0.996862
471.625		0.996862
471.75		0.996862
471.875		0.996862
472		0.996862
472.125		0.997833
472.25		0.997833
472.375		0.997833
472.5		0.997833
472.625		0.997833
472.75		0.997833
472.875		0.997833
473		0.997833
473.125		0.99873
473.25		0.99873
473.375		0.99873
473.5		0.99873
473.625		0.99873
473.75		0.99873
473.875		0.99873
474		0.99873
474.125		1
474.25		1
474.375		1
474.5		1
474.625		1
474.75		1
474.875		1
475		1
475.125		1
475.25		1
475.375		1
475.5		1
475.625		1
475.75		1
475.875		1
476		1
476.125		1
476.25		1
476.375		1
476.5		1
476.625		1
476.75		1
476.875		1
477		1
477.125		1
477.25		1
477.375		1
477.5		1
477.625		1
477.75		1
477.875		1
478		1
478.125		1
478.25		1
478.375		1
478.5		1
478.625		1
478.75		1
478.875		1
479		1
479.125		1
479.25		1
479.375		1
479.5		1
479.625		1
479.75		1
479.875		1
480		1
480.125		1
480.25		1
480.375		1
480.5		1
480.625		1
480.75		1
480.875		1
481		1
481.125		1
481.25		1
481.375		1
481.5		1
481.625		1
481.75		1
481.875		1
482		1
482.125		1
482.25		1
482.375		1
482.5		1
482.625		1
482.75		1
482.875		1
483		1
483.125		1
483.25		1
483.375		1
483.5		1
483.625		1
483.75		1
483.875		1
484		1
484.125		1
484.25		1
484.375		1
484.5		1
484.625		1
484.75		1
484.875		1
485		1
485.125		1
485.25		1
485.375		1
485.5		1
485.625		1
485.75		1
485.875		1
486		1
486.125		1
486.25		1
486.375		1
486.5		1
486.625		1
486.75		1
486.875		1
487		1
487.125		1
487.25		1
487.375		1
487.5		1
487.625		1
487.75		1
487.875		1
488		1
488.125		1
488.25		1
488.375		1
488.5		1
488.625		1
488.75		1
488.875		1
489		1
489.125		1
489.25		1
489.375		1
489.5		1
489.625		1
489.75		1
489.875		1
490		1
490.125		1
490.25		1
490.375		1
490.5		1
490.625		1
490.75		1
490.875		1
491		1
491.125		1
491.25		1
491.375		1
491.5		1
491.625		1
491.75		1
491.875		1
492		1
492.125		1
492.25		1
492.375		1
492.5		1
492.625		1
492.75		1
492.875		1
493		1
493.125		1
493.25		1
493.375		1
493.5		1
493.625		1
493.75		1
493.875		1
494		1
494.125		1
494.25		1
494.375		1
494.5		1
494.625		1
494.75		1
494.875		1
495		1
495.125		1
495.25		1
495.375		1
495.5		1
495.625		1
495.75		1
495.875		1
496		1
496.125		1
496.25		1
496.375		1
496.5		1
496.625		1
496.75		1
496.875		1
497		1
497.125		1
497.25		1
497.375		1
497.5		1
497.625		1
497.75		1
497.875		1
498		1
498.125		1
498.25		1
498.375		1
498.5		1
498.625		1
498.75		1
498.875		1
499		1
499.125		1
499.25		1
499.375		1
499.5		1
499.625		1
499.75		1
499.875		1
500		1
