# Calibration file of tamex_id 0 @ channel 15
# fine_T bin		 Calibration value
0.125		0
0.25		0
0.375		0
0.5		0
0.625		0
0.75		0
0.875		0
1		0
1.125		0
1.25		0
1.375		0
1.5		0
1.625		0
1.75		0
1.875		0
2		0
2.125		0
2.25		0
2.375		0
2.5		0
2.625		0
2.75		0
2.875		0
3		0
3.125		0
3.25		0
3.375		0
3.5		0
3.625		0
3.75		0
3.875		0
4		0
4.125		0
4.25		0
4.375		0
4.5		0
4.625		0
4.75		0
4.875		0
5		0
5.125		0
5.25		0
5.375		0
5.5		0
5.625		0
5.75		0
5.875		0
6		0
6.125		0
6.25		0
6.375		0
6.5		0
6.625		0
6.75		0
6.875		0
7		0
7.125		0
7.25		0
7.375		0
7.5		0
7.625		0
7.75		0
7.875		0
8		0
8.125		0
8.25		0
8.375		0
8.5		0
8.625		0
8.75		0
8.875		0
9		0
9.125		0
9.25		0
9.375		0
9.5		0
9.625		0
9.75		0
9.875		0
10		0
10.125		0
10.25		0
10.375		0
10.5		0
10.625		0
10.75		0
10.875		0
11		0
11.125		0
11.25		0
11.375		0
11.5		0
11.625		0
11.75		0
11.875		0
12		0
12.125		0
12.25		0
12.375		0
12.5		0
12.625		0
12.75		0
12.875		0
13		0
13.125		0
13.25		0
13.375		0
13.5		0
13.625		0
13.75		0
13.875		0
14		0
14.125		0
14.25		0
14.375		0
14.5		0
14.625		0
14.75		0
14.875		0
15		0
15.125		0
15.25		0
15.375		0
15.5		0
15.625		0
15.75		0
15.875		0
16		0
16.125		0
16.25		0
16.375		0
16.5		0
16.625		0
16.75		0
16.875		0
17		0
17.125		0
17.25		0
17.375		0
17.5		0
17.625		0
17.75		0
17.875		0
18		0
18.125		0
18.25		0
18.375		0
18.5		0
18.625		0
18.75		0
18.875		0
19		0
19.125		0
19.25		0
19.375		0
19.5		0
19.625		0
19.75		0
19.875		0
20		0
20.125		0
20.25		0
20.375		0
20.5		0
20.625		0
20.75		0
20.875		0
21		0
21.125		0
21.25		0
21.375		0
21.5		0
21.625		0
21.75		0
21.875		0
22		0
22.125		0
22.25		0
22.375		0
22.5		0
22.625		0
22.75		0
22.875		0
23		0
23.125		0.00410902
23.25		0.00410902
23.375		0.00410902
23.5		0.00410902
23.625		0.00410902
23.75		0.00410902
23.875		0.00410902
24		0.00410902
24.125		0.00922553
24.25		0.00922553
24.375		0.00922553
24.5		0.00922553
24.625		0.00922553
24.75		0.00922553
24.875		0.00922553
25		0.00922553
25.125		0.0100931
25.25		0.0100931
25.375		0.0100931
25.5		0.0100931
25.625		0.0100931
25.75		0.0100931
25.875		0.0100931
26		0.0100931
26.125		0.0102472
26.25		0.0102472
26.375		0.0102472
26.5		0.0102472
26.625		0.0102472
26.75		0.0102472
26.875		0.0102472
27		0.0102472
27.125		0.0105878
27.25		0.0105878
27.375		0.0105878
27.5		0.0105878
27.625		0.0105878
27.75		0.0105878
27.875		0.0105878
28		0.0105878
28.125		0.0149563
28.25		0.0149563
28.375		0.0149563
28.5		0.0149563
28.625		0.0149563
28.75		0.0149563
28.875		0.0149563
29		0.0149563
29.125		0.0203525
29.25		0.0203525
29.375		0.0203525
29.5		0.0203525
29.625		0.0203525
29.75		0.0203525
29.875		0.0203525
30		0.0203525
30.125		0.0210053
30.25		0.0210053
30.375		0.0210053
30.5		0.0210053
30.625		0.0210053
30.75		0.0210053
30.875		0.0210053
31		0.0210053
31.125		0.0218567
31.25		0.0218567
31.375		0.0218567
31.5		0.0218567
31.625		0.0218567
31.75		0.0218567
31.875		0.0218567
32		0.0218567
32.125		0.0233304
32.25		0.0233304
32.375		0.0233304
32.5		0.0233304
32.625		0.0233304
32.75		0.0233304
32.875		0.0233304
33		0.0233304
33.125		0.0246602
33.25		0.0246602
33.375		0.0246602
33.5		0.0246602
33.625		0.0246602
33.75		0.0246602
33.875		0.0246602
34		0.0246602
34.125		0.0290165
34.25		0.0290165
34.375		0.0290165
34.5		0.0290165
34.625		0.0290165
34.75		0.0290165
34.875		0.0290165
35		0.0290165
35.125		0.0307477
35.25		0.0307477
35.375		0.0307477
35.5		0.0307477
35.625		0.0307477
35.75		0.0307477
35.875		0.0307477
36		0.0307477
36.125		0.0313356
36.25		0.0313356
36.375		0.0313356
36.5		0.0313356
36.625		0.0313356
36.75		0.0313356
36.875		0.0313356
37		0.0313356
37.125		0.0331701
37.25		0.0331701
37.375		0.0331701
37.5		0.0331701
37.625		0.0331701
37.75		0.0331701
37.875		0.0331701
38		0.0331701
38.125		0.0381103
38.25		0.0381103
38.375		0.0381103
38.5		0.0381103
38.625		0.0381103
38.75		0.0381103
38.875		0.0381103
39		0.0381103
39.125		0.0384955
39.25		0.0384955
39.375		0.0384955
39.5		0.0384955
39.625		0.0384955
39.75		0.0384955
39.875		0.0384955
40		0.0384955
40.125		0.0407638
40.25		0.0407638
40.375		0.0407638
40.5		0.0407638
40.625		0.0407638
40.75		0.0407638
40.875		0.0407638
41		0.0407638
41.125		0.0411895
41.25		0.0411895
41.375		0.0411895
41.5		0.0411895
41.625		0.0411895
41.75		0.0411895
41.875		0.0411895
42		0.0411895
42.125		0.0466385
42.25		0.0466385
42.375		0.0466385
42.5		0.0466385
42.625		0.0466385
42.75		0.0466385
42.875		0.0466385
43		0.0466385
43.125		0.0486555
43.25		0.0486555
43.375		0.0486555
43.5		0.0486555
43.625		0.0486555
43.75		0.0486555
43.875		0.0486555
44		0.0486555
44.125		0.0497461
44.25		0.0497461
44.375		0.0497461
44.5		0.0497461
44.625		0.0497461
44.75		0.0497461
44.875		0.0497461
45		0.0497461
45.125		0.0504353
45.25		0.0504353
45.375		0.0504353
45.5		0.0504353
45.625		0.0504353
45.75		0.0504353
45.875		0.0504353
46		0.0504353
46.125		0.0569931
46.25		0.0569931
46.375		0.0569931
46.5		0.0569931
46.625		0.0569931
46.75		0.0569931
46.875		0.0569931
47		0.0569931
47.125		0.0579601
47.25		0.0579601
47.375		0.0579601
47.5		0.0579601
47.625		0.0579601
47.75		0.0579601
47.875		0.0579601
48		0.0579601
48.125		0.0587527
48.25		0.0587527
48.375		0.0587527
48.5		0.0587527
48.625		0.0587527
48.75		0.0587527
48.875		0.0587527
49		0.0587527
49.125		0.0603014
49.25		0.0603014
49.375		0.0603014
49.5		0.0603014
49.625		0.0603014
49.75		0.0603014
49.875		0.0603014
50		0.0603014
50.125		0.0648503
50.25		0.0648503
50.375		0.0648503
50.5		0.0648503
50.625		0.0648503
50.75		0.0648503
50.875		0.0648503
51		0.0648503
51.125		0.0673741
51.25		0.0673741
51.375		0.0673741
51.5		0.0673741
51.625		0.0673741
51.75		0.0673741
51.875		0.0673741
52		0.0673741
52.125		0.0677836
52.25		0.0677836
52.375		0.0677836
52.5		0.0677836
52.625		0.0677836
52.75		0.0677836
52.875		0.0677836
53		0.0677836
53.125		0.0680492
53.25		0.0680492
53.375		0.0680492
53.5		0.0680492
53.625		0.0680492
53.75		0.0680492
53.875		0.0680492
54		0.0680492
54.125		0.0703601
54.25		0.0703601
54.375		0.0703601
54.5		0.0703601
54.625		0.0703601
54.75		0.0703601
54.875		0.0703601
55		0.0703601
55.125		0.0756307
55.25		0.0756307
55.375		0.0756307
55.5		0.0756307
55.625		0.0756307
55.75		0.0756307
55.875		0.0756307
56		0.0756307
56.125		0.077522
56.25		0.077522
56.375		0.077522
56.5		0.077522
56.625		0.077522
56.75		0.077522
56.875		0.077522
57		0.077522
57.125		0.0797357
57.25		0.0797357
57.375		0.0797357
57.5		0.0797357
57.625		0.0797357
57.75		0.0797357
57.875		0.0797357
58		0.0797357
58.125		0.0808141
58.25		0.0808141
58.375		0.0808141
58.5		0.0808141
58.625		0.0808141
58.75		0.0808141
58.875		0.0808141
59		0.0808141
59.125		0.0810938
59.25		0.0810938
59.375		0.0810938
59.5		0.0810938
59.625		0.0810938
59.75		0.0810938
59.875		0.0810938
60		0.0810938
60.125		0.0860624
60.25		0.0860624
60.375		0.0860624
60.5		0.0860624
60.625		0.0860624
60.75		0.0860624
60.875		0.0860624
61		0.0860624
61.125		0.0882152
61.25		0.0882152
61.375		0.0882152
61.5		0.0882152
61.625		0.0882152
61.75		0.0882152
61.875		0.0882152
62		0.0882152
62.125		0.0893869
62.25		0.0893869
62.375		0.0893869
62.5		0.0893869
62.625		0.0893869
62.75		0.0893869
62.875		0.0893869
63		0.0893869
63.125		0.0898187
63.25		0.0898187
63.375		0.0898187
63.5		0.0898187
63.625		0.0898187
63.75		0.0898187
63.875		0.0898187
64		0.0898187
64.125		0.0978604
64.25		0.0978604
64.375		0.0978604
64.5		0.0978604
64.625		0.0978604
64.75		0.0978604
64.875		0.0978604
65		0.0978604
65.125		0.0980448
65.25		0.0980448
65.375		0.0980448
65.5		0.0980448
65.625		0.0980448
65.75		0.0980448
65.875		0.0980448
66		0.0980448
66.125		0.0985212
66.25		0.0985212
66.375		0.0985212
66.5		0.0985212
66.625		0.0985212
66.75		0.0985212
66.875		0.0985212
67		0.0985212
67.125		0.0996077
67.25		0.0996077
67.375		0.0996077
67.5		0.0996077
67.625		0.0996077
67.75		0.0996077
67.875		0.0996077
68		0.0996077
68.125		0.104349
68.25		0.104349
68.375		0.104349
68.5		0.104349
68.625		0.104349
68.75		0.104349
68.875		0.104349
69		0.104349
69.125		0.105424
69.25		0.105424
69.375		0.105424
69.5		0.105424
69.625		0.105424
69.75		0.105424
69.875		0.105424
70		0.105424
70.125		0.108866
70.25		0.108866
70.375		0.108866
70.5		0.108866
70.625		0.108866
70.75		0.108866
70.875		0.108866
71		0.108866
71.125		0.10935
71.25		0.10935
71.375		0.10935
71.5		0.10935
71.625		0.10935
71.75		0.10935
71.875		0.10935
72		0.10935
72.125		0.111698
72.25		0.111698
72.375		0.111698
72.5		0.111698
72.625		0.111698
72.75		0.111698
72.875		0.111698
73		0.111698
73.125		0.115105
73.25		0.115105
73.375		0.115105
73.5		0.115105
73.625		0.115105
73.75		0.115105
73.875		0.115105
74		0.115105
74.125		0.116064
74.25		0.116064
74.375		0.116064
74.5		0.116064
74.625		0.116064
74.75		0.116064
74.875		0.116064
75		0.116064
75.125		0.117712
75.25		0.117712
75.375		0.117712
75.5		0.117712
75.625		0.117712
75.75		0.117712
75.875		0.117712
76		0.117712
76.125		0.121089
76.25		0.121089
76.375		0.121089
76.5		0.121089
76.625		0.121089
76.75		0.121089
76.875		0.121089
77		0.121089
77.125		0.121795
77.25		0.121795
77.375		0.121795
77.5		0.121795
77.625		0.121795
77.75		0.121795
77.875		0.121795
78		0.121795
78.125		0.12233
78.25		0.12233
78.375		0.12233
78.5		0.12233
78.625		0.12233
78.75		0.12233
78.875		0.12233
79		0.12233
79.125		0.125052
79.25		0.125052
79.375		0.125052
79.5		0.125052
79.625		0.125052
79.75		0.125052
79.875		0.125052
80		0.125052
80.125		0.128349
80.25		0.128349
80.375		0.128349
80.5		0.128349
80.625		0.128349
80.75		0.128349
80.875		0.128349
81		0.128349
81.125		0.131278
81.25		0.131278
81.375		0.131278
81.5		0.131278
81.625		0.131278
81.75		0.131278
81.875		0.131278
82		0.131278
82.125		0.132004
82.25		0.132004
82.375		0.132004
82.5		0.132004
82.625		0.132004
82.75		0.132004
82.875		0.132004
83		0.132004
83.125		0.132141
83.25		0.132141
83.375		0.132141
83.5		0.132141
83.625		0.132141
83.75		0.132141
83.875		0.132141
84		0.132141
84.125		0.138038
84.25		0.138038
84.375		0.138038
84.5		0.138038
84.625		0.138038
84.75		0.138038
84.875		0.138038
85		0.138038
85.125		0.140434
85.25		0.140434
85.375		0.140434
85.5		0.140434
85.625		0.140434
85.75		0.140434
85.875		0.140434
86		0.140434
86.125		0.142462
86.25		0.142462
86.375		0.142462
86.5		0.142462
86.625		0.142462
86.75		0.142462
86.875		0.142462
87		0.142462
87.125		0.143516
87.25		0.143516
87.375		0.143516
87.5		0.143516
87.625		0.143516
87.75		0.143516
87.875		0.143516
88		0.143516
88.125		0.145861
88.25		0.145861
88.375		0.145861
88.5		0.145861
88.625		0.145861
88.75		0.145861
88.875		0.145861
89		0.145861
89.125		0.148326
89.25		0.148326
89.375		0.148326
89.5		0.148326
89.625		0.148326
89.75		0.148326
89.875		0.148326
90		0.148326
90.125		0.152427
90.25		0.152427
90.375		0.152427
90.5		0.152427
90.625		0.152427
90.75		0.152427
90.875		0.152427
91		0.152427
91.125		0.153072
91.25		0.153072
91.375		0.153072
91.5		0.153072
91.625		0.153072
91.75		0.153072
91.875		0.153072
92		0.153072
92.125		0.153441
92.25		0.153441
92.375		0.153441
92.5		0.153441
92.625		0.153441
92.75		0.153441
92.875		0.153441
93		0.153441
93.125		0.157858
93.25		0.157858
93.375		0.157858
93.5		0.157858
93.625		0.157858
93.75		0.157858
93.875		0.157858
94		0.157858
94.125		0.160079
94.25		0.160079
94.375		0.160079
94.5		0.160079
94.625		0.160079
94.75		0.160079
94.875		0.160079
95		0.160079
95.125		0.160558
95.25		0.160558
95.375		0.160558
95.5		0.160558
95.625		0.160558
95.75		0.160558
95.875		0.160558
96		0.160558
96.125		0.163625
96.25		0.163625
96.375		0.163625
96.5		0.163625
96.625		0.163625
96.75		0.163625
96.875		0.163625
97		0.163625
97.125		0.164693
97.25		0.164693
97.375		0.164693
97.5		0.164693
97.625		0.164693
97.75		0.164693
97.875		0.164693
98		0.164693
98.125		0.167
98.25		0.167
98.375		0.167
98.5		0.167
98.625		0.167
98.75		0.167
98.875		0.167
99		0.167
99.125		0.168028
99.25		0.168028
99.375		0.168028
99.5		0.168028
99.625		0.168028
99.75		0.168028
99.875		0.168028
100		0.168028
100.125		0.172289
100.25		0.172289
100.375		0.172289
100.5		0.172289
100.625		0.172289
100.75		0.172289
100.875		0.172289
101		0.172289
101.125		0.172664
101.25		0.172664
101.375		0.172664
101.5		0.172664
101.625		0.172664
101.75		0.172664
101.875		0.172664
102		0.172664
102.125		0.176396
102.25		0.176396
102.375		0.176396
102.5		0.176396
102.625		0.176396
102.75		0.176396
102.875		0.176396
103		0.176396
103.125		0.17866
103.25		0.17866
103.375		0.17866
103.5		0.17866
103.625		0.17866
103.75		0.17866
103.875		0.17866
104		0.17866
104.125		0.178849
104.25		0.178849
104.375		0.178849
104.5		0.178849
104.625		0.178849
104.75		0.178849
104.875		0.178849
105		0.178849
105.125		0.179852
105.25		0.179852
105.375		0.179852
105.5		0.179852
105.625		0.179852
105.75		0.179852
105.875		0.179852
106		0.179852
106.125		0.186185
106.25		0.186185
106.375		0.186185
106.5		0.186185
106.625		0.186185
106.75		0.186185
106.875		0.186185
107		0.186185
107.125		0.186992
107.25		0.186992
107.375		0.186992
107.5		0.186992
107.625		0.186992
107.75		0.186992
107.875		0.186992
108		0.186992
108.125		0.187499
108.25		0.187499
108.375		0.187499
108.5		0.187499
108.625		0.187499
108.75		0.187499
108.875		0.187499
109		0.187499
109.125		0.192656
109.25		0.192656
109.375		0.192656
109.5		0.192656
109.625		0.192656
109.75		0.192656
109.875		0.192656
110		0.192656
110.125		0.194188
110.25		0.194188
110.375		0.194188
110.5		0.194188
110.625		0.194188
110.75		0.194188
110.875		0.194188
111		0.194188
111.125		0.197782
111.25		0.197782
111.375		0.197782
111.5		0.197782
111.625		0.197782
111.75		0.197782
111.875		0.197782
112		0.197782
112.125		0.199276
112.25		0.199276
112.375		0.199276
112.5		0.199276
112.625		0.199276
112.75		0.199276
112.875		0.199276
113		0.199276
113.125		0.199467
113.25		0.199467
113.375		0.199467
113.5		0.199467
113.625		0.199467
113.75		0.199467
113.875		0.199467
114		0.199467
114.125		0.200482
114.25		0.200482
114.375		0.200482
114.5		0.200482
114.625		0.200482
114.75		0.200482
114.875		0.200482
115		0.200482
115.125		0.20582
115.25		0.20582
115.375		0.20582
115.5		0.20582
115.625		0.20582
115.75		0.20582
115.875		0.20582
116		0.20582
116.125		0.209112
116.25		0.209112
116.375		0.209112
116.5		0.209112
116.625		0.209112
116.75		0.209112
116.875		0.209112
117		0.209112
117.125		0.210685
117.25		0.210685
117.375		0.210685
117.5		0.210685
117.625		0.210685
117.75		0.210685
117.875		0.210685
118		0.210685
118.125		0.210863
118.25		0.210863
118.375		0.210863
118.5		0.210863
118.625		0.210863
118.75		0.210863
118.875		0.210863
119		0.210863
119.125		0.212062
119.25		0.212062
119.375		0.212062
119.5		0.212062
119.625		0.212062
119.75		0.212062
119.875		0.212062
120		0.212062
120.125		0.216665
120.25		0.216665
120.375		0.216665
120.5		0.216665
120.625		0.216665
120.75		0.216665
120.875		0.216665
121		0.216665
121.125		0.21866
121.25		0.21866
121.375		0.21866
121.5		0.21866
121.625		0.21866
121.75		0.21866
121.875		0.21866
122		0.21866
122.125		0.220835
122.25		0.220835
122.375		0.220835
122.5		0.220835
122.625		0.220835
122.75		0.220835
122.875		0.220835
123		0.220835
123.125		0.221668
123.25		0.221668
123.375		0.221668
123.5		0.221668
123.625		0.221668
123.75		0.221668
123.875		0.221668
124		0.221668
124.125		0.224968
124.25		0.224968
124.375		0.224968
124.5		0.224968
124.625		0.224968
124.75		0.224968
124.875		0.224968
125		0.224968
125.125		0.228449
125.25		0.228449
125.375		0.228449
125.5		0.228449
125.625		0.228449
125.75		0.228449
125.875		0.228449
126		0.228449
126.125		0.228607
126.25		0.228607
126.375		0.228607
126.5		0.228607
126.625		0.228607
126.75		0.228607
126.875		0.228607
127		0.228607
127.125		0.228749
127.25		0.228749
127.375		0.228749
127.5		0.228749
127.625		0.228749
127.75		0.228749
127.875		0.228749
128		0.228749
128.125		0.233924
128.25		0.233924
128.375		0.233924
128.5		0.233924
128.625		0.233924
128.75		0.233924
128.875		0.233924
129		0.233924
129.125		0.238135
129.25		0.238135
129.375		0.238135
129.5		0.238135
129.625		0.238135
129.75		0.238135
129.875		0.238135
130		0.238135
130.125		0.238816
130.25		0.238816
130.375		0.238816
130.5		0.238816
130.625		0.238816
130.75		0.238816
130.875		0.238816
131		0.238816
131.125		0.239142
131.25		0.239142
131.375		0.239142
131.5		0.239142
131.625		0.239142
131.75		0.239142
131.875		0.239142
132		0.239142
132.125		0.243569
132.25		0.243569
132.375		0.243569
132.5		0.243569
132.625		0.243569
132.75		0.243569
132.875		0.243569
133		0.243569
133.125		0.246154
133.25		0.246154
133.375		0.246154
133.5		0.246154
133.625		0.246154
133.75		0.246154
133.875		0.246154
134		0.246154
134.125		0.246347
134.25		0.246347
134.375		0.246347
134.5		0.246347
134.625		0.246347
134.75		0.246347
134.875		0.246347
135		0.246347
135.125		0.248094
135.25		0.248094
135.375		0.248094
135.5		0.248094
135.625		0.248094
135.75		0.248094
135.875		0.248094
136		0.248094
136.125		0.251242
136.25		0.251242
136.375		0.251242
136.5		0.251242
136.625		0.251242
136.75		0.251242
136.875		0.251242
137		0.251242
137.125		0.251994
137.25		0.251994
137.375		0.251994
137.5		0.251994
137.625		0.251994
137.75		0.251994
137.875		0.251994
138		0.251994
138.125		0.255582
138.25		0.255582
138.375		0.255582
138.5		0.255582
138.625		0.255582
138.75		0.255582
138.875		0.255582
139		0.255582
139.125		0.256298
139.25		0.256298
139.375		0.256298
139.5		0.256298
139.625		0.256298
139.75		0.256298
139.875		0.256298
140		0.256298
140.125		0.259213
140.25		0.259213
140.375		0.259213
140.5		0.259213
140.625		0.259213
140.75		0.259213
140.875		0.259213
141		0.259213
141.125		0.260593
141.25		0.260593
141.375		0.260593
141.5		0.260593
141.625		0.260593
141.75		0.260593
141.875		0.260593
142		0.260593
142.125		0.264921
142.25		0.264921
142.375		0.264921
142.5		0.264921
142.625		0.264921
142.75		0.264921
142.875		0.264921
143		0.264921
143.125		0.266679
143.25		0.266679
143.375		0.266679
143.5		0.266679
143.625		0.266679
143.75		0.266679
143.875		0.266679
144		0.266679
144.125		0.266894
144.25		0.266894
144.375		0.266894
144.5		0.266894
144.625		0.266894
144.75		0.266894
144.875		0.266894
145		0.266894
145.125		0.270313
145.25		0.270313
145.375		0.270313
145.5		0.270313
145.625		0.270313
145.75		0.270313
145.875		0.270313
146		0.270313
146.125		0.272963
146.25		0.272963
146.375		0.272963
146.5		0.272963
146.625		0.272963
146.75		0.272963
146.875		0.272963
147		0.272963
147.125		0.275914
147.25		0.275914
147.375		0.275914
147.5		0.275914
147.625		0.275914
147.75		0.275914
147.875		0.275914
148		0.275914
148.125		0.276644
148.25		0.276644
148.375		0.276644
148.5		0.276644
148.625		0.276644
148.75		0.276644
148.875		0.276644
149		0.276644
149.125		0.276873
149.25		0.276873
149.375		0.276873
149.5		0.276873
149.625		0.276873
149.75		0.276873
149.875		0.276873
150		0.276873
150.125		0.282219
150.25		0.282219
150.375		0.282219
150.5		0.282219
150.625		0.282219
150.75		0.282219
150.875		0.282219
151		0.282219
151.125		0.28439
151.25		0.28439
151.375		0.28439
151.5		0.28439
151.625		0.28439
151.75		0.28439
151.875		0.28439
152		0.28439
152.125		0.285681
152.25		0.285681
152.375		0.285681
152.5		0.285681
152.625		0.285681
152.75		0.285681
152.875		0.285681
153		0.285681
153.125		0.287575
153.25		0.287575
153.375		0.287575
153.5		0.287575
153.625		0.287575
153.75		0.287575
153.875		0.287575
154		0.287575
154.125		0.291217
154.25		0.291217
154.375		0.291217
154.5		0.291217
154.625		0.291217
154.75		0.291217
154.875		0.291217
155		0.291217
155.125		0.292383
155.25		0.292383
155.375		0.292383
155.5		0.292383
155.625		0.292383
155.75		0.292383
155.875		0.292383
156		0.292383
156.125		0.292616
156.25		0.292616
156.375		0.292616
156.5		0.292616
156.625		0.292616
156.75		0.292616
156.875		0.292616
157		0.292616
157.125		0.296389
157.25		0.296389
157.375		0.296389
157.5		0.296389
157.625		0.296389
157.75		0.296389
157.875		0.296389
158		0.296389
158.125		0.299429
158.25		0.299429
158.375		0.299429
158.5		0.299429
158.625		0.299429
158.75		0.299429
158.875		0.299429
159		0.299429
159.125		0.301503
159.25		0.301503
159.375		0.301503
159.5		0.301503
159.625		0.301503
159.75		0.301503
159.875		0.301503
160		0.301503
160.125		0.302746
160.25		0.302746
160.375		0.302746
160.5		0.302746
160.625		0.302746
160.75		0.302746
160.875		0.302746
161		0.302746
161.125		0.303849
161.25		0.303849
161.375		0.303849
161.5		0.303849
161.625		0.303849
161.75		0.303849
161.875		0.303849
162		0.303849
162.125		0.30721
162.25		0.30721
162.375		0.30721
162.5		0.30721
162.625		0.30721
162.75		0.30721
162.875		0.30721
163		0.30721
163.125		0.309387
163.25		0.309387
163.375		0.309387
163.5		0.309387
163.625		0.309387
163.75		0.309387
163.875		0.309387
164		0.309387
164.125		0.311438
164.25		0.311438
164.375		0.311438
164.5		0.311438
164.625		0.311438
164.75		0.311438
164.875		0.311438
165		0.311438
165.125		0.312851
165.25		0.312851
165.375		0.312851
165.5		0.312851
165.625		0.312851
165.75		0.312851
165.875		0.312851
166		0.312851
166.125		0.315235
166.25		0.315235
166.375		0.315235
166.5		0.315235
166.625		0.315235
166.75		0.315235
166.875		0.315235
167		0.315235
167.125		0.318312
167.25		0.318312
167.375		0.318312
167.5		0.318312
167.625		0.318312
167.75		0.318312
167.875		0.318312
168		0.318312
168.125		0.320076
168.25		0.320076
168.375		0.320076
168.5		0.320076
168.625		0.320076
168.75		0.320076
168.875		0.320076
169		0.320076
169.125		0.322093
169.25		0.322093
169.375		0.322093
169.5		0.322093
169.625		0.322093
169.75		0.322093
169.875		0.322093
170		0.322093
170.125		0.323027
170.25		0.323027
170.375		0.323027
170.5		0.323027
170.625		0.323027
170.75		0.323027
170.875		0.323027
171		0.323027
171.125		0.324254
171.25		0.324254
171.375		0.324254
171.5		0.324254
171.625		0.324254
171.75		0.324254
171.875		0.324254
172		0.324254
172.125		0.33081
172.25		0.33081
172.375		0.33081
172.5		0.33081
172.625		0.33081
172.75		0.33081
172.875		0.33081
173		0.33081
173.125		0.331888
173.25		0.331888
173.375		0.331888
173.5		0.331888
173.625		0.331888
173.75		0.331888
173.875		0.331888
174		0.331888
174.125		0.332399
174.25		0.332399
174.375		0.332399
174.5		0.332399
174.625		0.332399
174.75		0.332399
174.875		0.332399
175		0.332399
175.125		0.333443
175.25		0.333443
175.375		0.333443
175.5		0.333443
175.625		0.333443
175.75		0.333443
175.875		0.333443
176		0.333443
176.125		0.33789
176.25		0.33789
176.375		0.33789
176.5		0.33789
176.625		0.33789
176.75		0.33789
176.875		0.33789
177		0.33789
177.125		0.339086
177.25		0.339086
177.375		0.339086
177.5		0.339086
177.625		0.339086
177.75		0.339086
177.875		0.339086
178		0.339086
178.125		0.342174
178.25		0.342174
178.375		0.342174
178.5		0.342174
178.625		0.342174
178.75		0.342174
178.875		0.342174
179		0.342174
179.125		0.342385
179.25		0.342385
179.375		0.342385
179.5		0.342385
179.625		0.342385
179.75		0.342385
179.875		0.342385
180		0.342385
180.125		0.346753
180.25		0.346753
180.375		0.346753
180.5		0.346753
180.625		0.346753
180.75		0.346753
180.875		0.346753
181		0.346753
181.125		0.349729
181.25		0.349729
181.375		0.349729
181.5		0.349729
181.625		0.349729
181.75		0.349729
181.875		0.349729
182		0.349729
182.125		0.349913
182.25		0.349913
182.375		0.349913
182.5		0.349913
182.625		0.349913
182.75		0.349913
182.875		0.349913
183		0.349913
183.125		0.350128
183.25		0.350128
183.375		0.350128
183.5		0.350128
183.625		0.350128
183.75		0.350128
183.875		0.350128
184		0.350128
184.125		0.354035
184.25		0.354035
184.375		0.354035
184.5		0.354035
184.625		0.354035
184.75		0.354035
184.875		0.354035
185		0.354035
185.125		0.358198
185.25		0.358198
185.375		0.358198
185.5		0.358198
185.625		0.358198
185.75		0.358198
185.875		0.358198
186		0.358198
186.125		0.360428
186.25		0.360428
186.375		0.360428
186.5		0.360428
186.625		0.360428
186.75		0.360428
186.875		0.360428
187		0.360428
187.125		0.360728
187.25		0.360728
187.375		0.360728
187.5		0.360728
187.625		0.360728
187.75		0.360728
187.875		0.360728
188		0.360728
188.125		0.361048
188.25		0.361048
188.375		0.361048
188.5		0.361048
188.625		0.361048
188.75		0.361048
188.875		0.361048
189		0.361048
189.125		0.363854
189.25		0.363854
189.375		0.363854
189.5		0.363854
189.625		0.363854
189.75		0.363854
189.875		0.363854
190		0.363854
190.125		0.368083
190.25		0.368083
190.375		0.368083
190.5		0.368083
190.625		0.368083
190.75		0.368083
190.875		0.368083
191		0.368083
191.125		0.369447
191.25		0.369447
191.375		0.369447
191.5		0.369447
191.625		0.369447
191.75		0.369447
191.875		0.369447
192		0.369447
192.125		0.371328
192.25		0.371328
192.375		0.371328
192.5		0.371328
192.625		0.371328
192.75		0.371328
192.875		0.371328
193		0.371328
193.125		0.372407
193.25		0.372407
193.375		0.372407
193.5		0.372407
193.625		0.372407
193.75		0.372407
193.875		0.372407
194		0.372407
194.125		0.375881
194.25		0.375881
194.375		0.375881
194.5		0.375881
194.625		0.375881
194.75		0.375881
194.875		0.375881
195		0.375881
195.125		0.378072
195.25		0.378072
195.375		0.378072
195.5		0.378072
195.625		0.378072
195.75		0.378072
195.875		0.378072
196		0.378072
196.125		0.378541
196.25		0.378541
196.375		0.378541
196.5		0.378541
196.625		0.378541
196.75		0.378541
196.875		0.378541
197		0.378541
197.125		0.382074
197.25		0.382074
197.375		0.382074
197.5		0.382074
197.625		0.382074
197.75		0.382074
197.875		0.382074
198		0.382074
198.125		0.385153
198.25		0.385153
198.375		0.385153
198.5		0.385153
198.625		0.385153
198.75		0.385153
198.875		0.385153
199		0.385153
199.125		0.385398
199.25		0.385398
199.375		0.385398
199.5		0.385398
199.625		0.385398
199.75		0.385398
199.875		0.385398
200		0.385398
200.125		0.386374
200.25		0.386374
200.375		0.386374
200.5		0.386374
200.625		0.386374
200.75		0.386374
200.875		0.386374
201		0.386374
201.125		0.392208
201.25		0.392208
201.375		0.392208
201.5		0.392208
201.625		0.392208
201.75		0.392208
201.875		0.392208
202		0.392208
202.125		0.394148
202.25		0.394148
202.375		0.394148
202.5		0.394148
202.625		0.394148
202.75		0.394148
202.875		0.394148
203		0.394148
203.125		0.395309
203.25		0.395309
203.375		0.395309
203.5		0.395309
203.625		0.395309
203.75		0.395309
203.875		0.395309
204		0.395309
204.125		0.395765
204.25		0.395765
204.375		0.395765
204.5		0.395765
204.625		0.395765
204.75		0.395765
204.875		0.395765
205		0.395765
205.125		0.396497
205.25		0.396497
205.375		0.396497
205.5		0.396497
205.625		0.396497
205.75		0.396497
205.875		0.396497
206		0.396497
206.125		0.400057
206.25		0.400057
206.375		0.400057
206.5		0.400057
206.625		0.400057
206.75		0.400057
206.875		0.400057
207		0.400057
207.125		0.40509
207.25		0.40509
207.375		0.40509
207.5		0.40509
207.625		0.40509
207.75		0.40509
207.875		0.40509
208		0.40509
208.125		0.405366
208.25		0.405366
208.375		0.405366
208.5		0.405366
208.625		0.405366
208.75		0.405366
208.875		0.405366
209		0.405366
209.125		0.407085
209.25		0.407085
209.375		0.407085
209.5		0.407085
209.625		0.407085
209.75		0.407085
209.875		0.407085
210		0.407085
210.125		0.407468
210.25		0.407468
210.375		0.407468
210.5		0.407468
210.625		0.407468
210.75		0.407468
210.875		0.407468
211		0.407468
211.125		0.411431
211.25		0.411431
211.375		0.411431
211.5		0.411431
211.625		0.411431
211.75		0.411431
211.875		0.411431
212		0.411431
212.125		0.415974
212.25		0.415974
212.375		0.415974
212.5		0.415974
212.625		0.415974
212.75		0.415974
212.875		0.415974
213		0.415974
213.125		0.416219
213.25		0.416219
213.375		0.416219
213.5		0.416219
213.625		0.416219
213.75		0.416219
213.875		0.416219
214		0.416219
214.125		0.416458
214.25		0.416458
214.375		0.416458
214.5		0.416458
214.625		0.416458
214.75		0.416458
214.875		0.416458
215		0.416458
215.125		0.417002
215.25		0.417002
215.375		0.417002
215.5		0.417002
215.625		0.417002
215.75		0.417002
215.875		0.417002
216		0.417002
216.125		0.423912
216.25		0.423912
216.375		0.423912
216.5		0.423912
216.625		0.423912
216.75		0.423912
216.875		0.423912
217		0.423912
217.125		0.426586
217.25		0.426586
217.375		0.426586
217.5		0.426586
217.625		0.426586
217.75		0.426586
217.875		0.426586
218		0.426586
218.125		0.427291
218.25		0.427291
218.375		0.427291
218.5		0.427291
218.625		0.427291
218.75		0.427291
218.875		0.427291
219		0.427291
219.125		0.431261
219.25		0.431261
219.375		0.431261
219.5		0.431261
219.625		0.431261
219.75		0.431261
219.875		0.431261
220		0.431261
220.125		0.434017
220.25		0.434017
220.375		0.434017
220.5		0.434017
220.625		0.434017
220.75		0.434017
220.875		0.434017
221		0.434017
221.125		0.435051
221.25		0.435051
221.375		0.435051
221.5		0.435051
221.625		0.435051
221.75		0.435051
221.875		0.435051
222		0.435051
222.125		0.435386
222.25		0.435386
222.375		0.435386
222.5		0.435386
222.625		0.435386
222.75		0.435386
222.875		0.435386
223		0.435386
223.125		0.437458
223.25		0.437458
223.375		0.437458
223.5		0.437458
223.625		0.437458
223.75		0.437458
223.875		0.437458
224		0.437458
224.125		0.442491
224.25		0.442491
224.375		0.442491
224.5		0.442491
224.625		0.442491
224.75		0.442491
224.875		0.442491
225		0.442491
225.125		0.443219
225.25		0.443219
225.375		0.443219
225.5		0.443219
225.625		0.443219
225.75		0.443219
225.875		0.443219
226		0.443219
226.125		0.445572
226.25		0.445572
226.375		0.445572
226.5		0.445572
226.625		0.445572
226.75		0.445572
226.875		0.445572
227		0.445572
227.125		0.446801
227.25		0.446801
227.375		0.446801
227.5		0.446801
227.625		0.446801
227.75		0.446801
227.875		0.446801
228		0.446801
228.125		0.449817
228.25		0.449817
228.375		0.449817
228.5		0.449817
228.625		0.449817
228.75		0.449817
228.875		0.449817
229		0.449817
229.125		0.450152
229.25		0.450152
229.375		0.450152
229.5		0.450152
229.625		0.450152
229.75		0.450152
229.875		0.450152
230		0.450152
230.125		0.453959
230.25		0.453959
230.375		0.453959
230.5		0.453959
230.625		0.453959
230.75		0.453959
230.875		0.453959
231		0.453959
231.125		0.455169
231.25		0.455169
231.375		0.455169
231.5		0.455169
231.625		0.455169
231.75		0.455169
231.875		0.455169
232		0.455169
232.125		0.455669
232.25		0.455669
232.375		0.455669
232.5		0.455669
232.625		0.455669
232.75		0.455669
232.875		0.455669
233		0.455669
233.125		0.460966
233.25		0.460966
233.375		0.460966
233.5		0.460966
233.625		0.460966
233.75		0.460966
233.875		0.460966
234		0.460966
234.125		0.461755
234.25		0.461755
234.375		0.461755
234.5		0.461755
234.625		0.461755
234.75		0.461755
234.875		0.461755
235		0.461755
235.125		0.462653
235.25		0.462653
235.375		0.462653
235.5		0.462653
235.625		0.462653
235.75		0.462653
235.875		0.462653
236		0.462653
236.125		0.46838
236.25		0.46838
236.375		0.46838
236.5		0.46838
236.625		0.46838
236.75		0.46838
236.875		0.46838
237		0.46838
237.125		0.469097
237.25		0.469097
237.375		0.469097
237.5		0.469097
237.625		0.469097
237.75		0.469097
237.875		0.469097
238		0.469097
238.125		0.471181
238.25		0.471181
238.375		0.471181
238.5		0.471181
238.625		0.471181
238.75		0.471181
238.875		0.471181
239		0.471181
239.125		0.473798
239.25		0.473798
239.375		0.473798
239.5		0.473798
239.625		0.473798
239.75		0.473798
239.875		0.473798
240		0.473798
240.125		0.475252
240.25		0.475252
240.375		0.475252
240.5		0.475252
240.625		0.475252
240.75		0.475252
240.875		0.475252
241		0.475252
241.125		0.478943
241.25		0.478943
241.375		0.478943
241.5		0.478943
241.625		0.478943
241.75		0.478943
241.875		0.478943
242		0.478943
242.125		0.481337
242.25		0.481337
242.375		0.481337
242.5		0.481337
242.625		0.481337
242.75		0.481337
242.875		0.481337
243		0.481337
243.125		0.482201
243.25		0.482201
243.375		0.482201
243.5		0.482201
243.625		0.482201
243.75		0.482201
243.875		0.482201
244		0.482201
244.125		0.483995
244.25		0.483995
244.375		0.483995
244.5		0.483995
244.625		0.483995
244.75		0.483995
244.875		0.483995
245		0.483995
245.125		0.487858
245.25		0.487858
245.375		0.487858
245.5		0.487858
245.625		0.487858
245.75		0.487858
245.875		0.487858
246		0.487858
246.125		0.489869
246.25		0.489869
246.375		0.489869
246.5		0.489869
246.625		0.489869
246.75		0.489869
246.875		0.489869
247		0.489869
247.125		0.49097
247.25		0.49097
247.375		0.49097
247.5		0.49097
247.625		0.49097
247.75		0.49097
247.875		0.49097
248		0.49097
248.125		0.491098
248.25		0.491098
248.375		0.491098
248.5		0.491098
248.625		0.491098
248.75		0.491098
248.875		0.491098
249		0.491098
249.125		0.494021
249.25		0.494021
249.375		0.494021
249.5		0.494021
249.625		0.494021
249.75		0.494021
249.875		0.494021
250		0.494021
250.125		0.49934
250.25		0.49934
250.375		0.49934
250.5		0.49934
250.625		0.49934
250.75		0.49934
250.875		0.49934
251		0.49934
251.125		0.500794
251.25		0.500794
251.375		0.500794
251.5		0.500794
251.625		0.500794
251.75		0.500794
251.875		0.500794
252		0.500794
252.125		0.502336
252.25		0.502336
252.375		0.502336
252.5		0.502336
252.625		0.502336
252.75		0.502336
252.875		0.502336
253		0.502336
253.125		0.504278
253.25		0.504278
253.375		0.504278
253.5		0.504278
253.625		0.504278
253.75		0.504278
253.875		0.504278
254		0.504278
254.125		0.508266
254.25		0.508266
254.375		0.508266
254.5		0.508266
254.625		0.508266
254.75		0.508266
254.875		0.508266
255		0.508266
255.125		0.50874
255.25		0.50874
255.375		0.50874
255.5		0.50874
255.625		0.50874
255.75		0.50874
255.875		0.50874
256		0.50874
256.125		0.509956
256.25		0.509956
256.375		0.509956
256.5		0.509956
256.625		0.509956
256.75		0.509956
256.875		0.509956
257		0.509956
257.125		0.511102
257.25		0.511102
257.375		0.511102
257.5		0.511102
257.625		0.511102
257.75		0.511102
257.875		0.511102
258		0.511102
258.125		0.516553
258.25		0.516553
258.375		0.516553
258.5		0.516553
258.625		0.516553
258.75		0.516553
258.875		0.516553
259		0.516553
259.125		0.519299
259.25		0.519299
259.375		0.519299
259.5		0.519299
259.625		0.519299
259.75		0.519299
259.875		0.519299
260		0.519299
260.125		0.519634
260.25		0.519634
260.375		0.519634
260.5		0.519634
260.625		0.519634
260.75		0.519634
260.875		0.519634
261		0.519634
261.125		0.521653
261.25		0.521653
261.375		0.521653
261.5		0.521653
261.625		0.521653
261.75		0.521653
261.875		0.521653
262		0.521653
262.125		0.52678
262.25		0.52678
262.375		0.52678
262.5		0.52678
262.625		0.52678
262.75		0.52678
262.875		0.52678
263		0.52678
263.125		0.527203
263.25		0.527203
263.375		0.527203
263.5		0.527203
263.625		0.527203
263.75		0.527203
263.875		0.527203
264		0.527203
264.125		0.53007
264.25		0.53007
264.375		0.53007
264.5		0.53007
264.625		0.53007
264.75		0.53007
264.875		0.53007
265		0.53007
265.125		0.530666
265.25		0.530666
265.375		0.530666
265.5		0.530666
265.625		0.530666
265.75		0.530666
265.875		0.530666
266		0.530666
266.125		0.533747
266.25		0.533747
266.375		0.533747
266.5		0.533747
266.625		0.533747
266.75		0.533747
266.875		0.533747
267		0.533747
267.125		0.536135
267.25		0.536135
267.375		0.536135
267.5		0.536135
267.625		0.536135
267.75		0.536135
267.875		0.536135
268		0.536135
268.125		0.53878
268.25		0.53878
268.375		0.53878
268.5		0.53878
268.625		0.53878
268.75		0.53878
268.875		0.53878
269		0.53878
269.125		0.540576
269.25		0.540576
269.375		0.540576
269.5		0.540576
269.625		0.540576
269.75		0.540576
269.875		0.540576
270		0.540576
270.125		0.542727
270.25		0.542727
270.375		0.542727
270.5		0.542727
270.625		0.542727
270.75		0.542727
270.875		0.542727
271		0.542727
271.125		0.543418
271.25		0.543418
271.375		0.543418
271.5		0.543418
271.625		0.543418
271.75		0.543418
271.875		0.543418
272		0.543418
272.125		0.547404
272.25		0.547404
272.375		0.547404
272.5		0.547404
272.625		0.547404
272.75		0.547404
272.875		0.547404
273		0.547404
273.125		0.548959
273.25		0.548959
273.375		0.548959
273.5		0.548959
273.625		0.548959
273.75		0.548959
273.875		0.548959
274		0.548959
274.125		0.552526
274.25		0.552526
274.375		0.552526
274.5		0.552526
274.625		0.552526
274.75		0.552526
274.875		0.552526
275		0.552526
275.125		0.555587
275.25		0.555587
275.375		0.555587
275.5		0.555587
275.625		0.555587
275.75		0.555587
275.875		0.555587
276		0.555587
276.125		0.558768
276.25		0.558768
276.375		0.558768
276.5		0.558768
276.625		0.558768
276.75		0.558768
276.875		0.558768
277		0.558768
277.125		0.559735
277.25		0.559735
277.375		0.559735
277.5		0.559735
277.625		0.559735
277.75		0.559735
277.875		0.559735
278		0.559735
278.125		0.561663
278.25		0.561663
278.375		0.561663
278.5		0.561663
278.625		0.561663
278.75		0.561663
278.875		0.561663
279		0.561663
279.125		0.56191
279.25		0.56191
279.375		0.56191
279.5		0.56191
279.625		0.56191
279.75		0.56191
279.875		0.56191
280		0.56191
280.125		0.567677
280.25		0.567677
280.375		0.567677
280.5		0.567677
280.625		0.567677
280.75		0.567677
280.875		0.567677
281		0.567677
281.125		0.570359
281.25		0.570359
281.375		0.570359
281.5		0.570359
281.625		0.570359
281.75		0.570359
281.875		0.570359
282		0.570359
282.125		0.571602
282.25		0.571602
282.375		0.571602
282.5		0.571602
282.625		0.571602
282.75		0.571602
282.875		0.571602
283		0.571602
283.125		0.57263
283.25		0.57263
283.375		0.57263
283.5		0.57263
283.625		0.57263
283.75		0.57263
283.875		0.57263
284		0.57263
284.125		0.573834
284.25		0.573834
284.375		0.573834
284.5		0.573834
284.625		0.573834
284.75		0.573834
284.875		0.573834
285		0.573834
285.125		0.5743
285.25		0.5743
285.375		0.5743
285.5		0.5743
285.625		0.5743
285.75		0.5743
285.875		0.5743
286		0.5743
286.125		0.580977
286.25		0.580977
286.375		0.580977
286.5		0.580977
286.625		0.580977
286.75		0.580977
286.875		0.580977
287		0.580977
287.125		0.583096
287.25		0.583096
287.375		0.583096
287.5		0.583096
287.625		0.583096
287.75		0.583096
287.875		0.583096
288		0.583096
288.125		0.584679
288.25		0.584679
288.375		0.584679
288.5		0.584679
288.625		0.584679
288.75		0.584679
288.875		0.584679
289		0.584679
289.125		0.587055
289.25		0.587055
289.375		0.587055
289.5		0.587055
289.625		0.587055
289.75		0.587055
289.875		0.587055
290		0.587055
290.125		0.587732
290.25		0.587732
290.375		0.587732
290.5		0.587732
290.625		0.587732
290.75		0.587732
290.875		0.587732
291		0.587732
291.125		0.59207
291.25		0.59207
291.375		0.59207
291.5		0.59207
291.625		0.59207
291.75		0.59207
291.875		0.59207
292		0.59207
292.125		0.593949
292.25		0.593949
292.375		0.593949
292.5		0.593949
292.625		0.593949
292.75		0.593949
292.875		0.593949
293		0.593949
293.125		0.597119
293.25		0.597119
293.375		0.597119
293.5		0.597119
293.625		0.597119
293.75		0.597119
293.875		0.597119
294		0.597119
294.125		0.5976
294.25		0.5976
294.375		0.5976
294.5		0.5976
294.625		0.5976
294.75		0.5976
294.875		0.5976
295		0.5976
295.125		0.598247
295.25		0.598247
295.375		0.598247
295.5		0.598247
295.625		0.598247
295.75		0.598247
295.875		0.598247
296		0.598247
296.125		0.601976
296.25		0.601976
296.375		0.601976
296.5		0.601976
296.625		0.601976
296.75		0.601976
296.875		0.601976
297		0.601976
297.125		0.60552
297.25		0.60552
297.375		0.60552
297.5		0.60552
297.625		0.60552
297.75		0.60552
297.875		0.60552
298		0.60552
298.125		0.606144
298.25		0.606144
298.375		0.606144
298.5		0.606144
298.625		0.606144
298.75		0.606144
298.875		0.606144
299		0.606144
299.125		0.612055
299.25		0.612055
299.375		0.612055
299.5		0.612055
299.625		0.612055
299.75		0.612055
299.875		0.612055
300		0.612055
300.125		0.615816
300.25		0.615816
300.375		0.615816
300.5		0.615816
300.625		0.615816
300.75		0.615816
300.875		0.615816
301		0.615816
301.125		0.616288
301.25		0.616288
301.375		0.616288
301.5		0.616288
301.625		0.616288
301.75		0.616288
301.875		0.616288
302		0.616288
302.125		0.619345
302.25		0.619345
302.375		0.619345
302.5		0.619345
302.625		0.619345
302.75		0.619345
302.875		0.619345
303		0.619345
303.125		0.623176
303.25		0.623176
303.375		0.623176
303.5		0.623176
303.625		0.623176
303.75		0.623176
303.875		0.623176
304		0.623176
304.125		0.625149
304.25		0.625149
304.375		0.625149
304.5		0.625149
304.625		0.625149
304.75		0.625149
304.875		0.625149
305		0.625149
305.125		0.628194
305.25		0.628194
305.375		0.628194
305.5		0.628194
305.625		0.628194
305.75		0.628194
305.875		0.628194
306		0.628194
306.125		0.631613
306.25		0.631613
306.375		0.631613
306.5		0.631613
306.625		0.631613
306.75		0.631613
306.875		0.631613
307		0.631613
307.125		0.6324
307.25		0.6324
307.375		0.6324
307.5		0.6324
307.625		0.6324
307.75		0.6324
307.875		0.6324
308		0.6324
308.125		0.633661
308.25		0.633661
308.375		0.633661
308.5		0.633661
308.625		0.633661
308.75		0.633661
308.875		0.633661
309		0.633661
309.125		0.634378
309.25		0.634378
309.375		0.634378
309.5		0.634378
309.625		0.634378
309.75		0.634378
309.875		0.634378
310		0.634378
310.125		0.641498
310.25		0.641498
310.375		0.641498
310.5		0.641498
310.625		0.641498
310.75		0.641498
310.875		0.641498
311		0.641498
311.125		0.641923
311.25		0.641923
311.375		0.641923
311.5		0.641923
311.625		0.641923
311.75		0.641923
311.875		0.641923
312		0.641923
312.125		0.643176
312.25		0.643176
312.375		0.643176
312.5		0.643176
312.625		0.643176
312.75		0.643176
312.875		0.643176
313		0.643176
313.125		0.645082
313.25		0.645082
313.375		0.645082
313.5		0.645082
313.625		0.645082
313.75		0.645082
313.875		0.645082
314		0.645082
314.125		0.647778
314.25		0.647778
314.375		0.647778
314.5		0.647778
314.625		0.647778
314.75		0.647778
314.875		0.647778
315		0.647778
315.125		0.648305
315.25		0.648305
315.375		0.648305
315.5		0.648305
315.625		0.648305
315.75		0.648305
315.875		0.648305
316		0.648305
316.125		0.653636
316.25		0.653636
316.375		0.653636
316.5		0.653636
316.625		0.653636
316.75		0.653636
316.875		0.653636
317		0.653636
317.125		0.654106
317.25		0.654106
317.375		0.654106
317.5		0.654106
317.625		0.654106
317.75		0.654106
317.875		0.654106
318		0.654106
318.125		0.657427
318.25		0.657427
318.375		0.657427
318.5		0.657427
318.625		0.657427
318.75		0.657427
318.875		0.657427
319		0.657427
319.125		0.658412
319.25		0.658412
319.375		0.658412
319.5		0.658412
319.625		0.658412
319.75		0.658412
319.875		0.658412
320		0.658412
320.125		0.658858
320.25		0.658858
320.375		0.658858
320.5		0.658858
320.625		0.658858
320.75		0.658858
320.875		0.658858
321		0.658858
321.125		0.660299
321.25		0.660299
321.375		0.660299
321.5		0.660299
321.625		0.660299
321.75		0.660299
321.875		0.660299
322		0.660299
322.125		0.665416
322.25		0.665416
322.375		0.665416
322.5		0.665416
322.625		0.665416
322.75		0.665416
322.875		0.665416
323		0.665416
323.125		0.669347
323.25		0.669347
323.375		0.669347
323.5		0.669347
323.625		0.669347
323.75		0.669347
323.875		0.669347
324		0.669347
324.125		0.669916
324.25		0.669916
324.375		0.669916
324.5		0.669916
324.625		0.669916
324.75		0.669916
324.875		0.669916
325		0.669916
325.125		0.672472
325.25		0.672472
325.375		0.672472
325.5		0.672472
325.625		0.672472
325.75		0.672472
325.875		0.672472
326		0.672472
326.125		0.673261
326.25		0.673261
326.375		0.673261
326.5		0.673261
326.625		0.673261
326.75		0.673261
326.875		0.673261
327		0.673261
327.125		0.677186
327.25		0.677186
327.375		0.677186
327.5		0.677186
327.625		0.677186
327.75		0.677186
327.875		0.677186
328		0.677186
328.125		0.679983
328.25		0.679983
328.375		0.679983
328.5		0.679983
328.625		0.679983
328.75		0.679983
328.875		0.679983
329		0.679983
329.125		0.680863
329.25		0.680863
329.375		0.680863
329.5		0.680863
329.625		0.680863
329.75		0.680863
329.875		0.680863
330		0.680863
330.125		0.681345
330.25		0.681345
330.375		0.681345
330.5		0.681345
330.625		0.681345
330.75		0.681345
330.875		0.681345
331		0.681345
331.125		0.685475
331.25		0.685475
331.375		0.685475
331.5		0.685475
331.625		0.685475
331.75		0.685475
331.875		0.685475
332		0.685475
332.125		0.68875
332.25		0.68875
332.375		0.68875
332.5		0.68875
332.625		0.68875
332.75		0.68875
332.875		0.68875
333		0.68875
333.125		0.690449
333.25		0.690449
333.375		0.690449
333.5		0.690449
333.625		0.690449
333.75		0.690449
333.875		0.690449
334		0.690449
334.125		0.691523
334.25		0.691523
334.375		0.691523
334.5		0.691523
334.625		0.691523
334.75		0.691523
334.875		0.691523
335		0.691523
335.125		0.692053
335.25		0.692053
335.375		0.692053
335.5		0.692053
335.625		0.692053
335.75		0.692053
335.875		0.692053
336		0.692053
336.125		0.697905
336.25		0.697905
336.375		0.697905
336.5		0.697905
336.625		0.697905
336.75		0.697905
336.875		0.697905
337		0.697905
337.125		0.700252
337.25		0.700252
337.375		0.700252
337.5		0.700252
337.625		0.700252
337.75		0.700252
337.875		0.700252
338		0.700252
338.125		0.70156
338.25		0.70156
338.375		0.70156
338.5		0.70156
338.625		0.70156
338.75		0.70156
338.875		0.70156
339		0.70156
339.125		0.702774
339.25		0.702774
339.375		0.702774
339.5		0.702774
339.625		0.702774
339.75		0.702774
339.875		0.702774
340		0.702774
340.125		0.706273
340.25		0.706273
340.375		0.706273
340.5		0.706273
340.625		0.706273
340.75		0.706273
340.875		0.706273
341		0.706273
341.125		0.707929
341.25		0.707929
341.375		0.707929
341.5		0.707929
341.625		0.707929
341.75		0.707929
341.875		0.707929
342		0.707929
342.125		0.709018
342.25		0.709018
342.375		0.709018
342.5		0.709018
342.625		0.709018
342.75		0.709018
342.875		0.709018
343		0.709018
343.125		0.713023
343.25		0.713023
343.375		0.713023
343.5		0.713023
343.625		0.713023
343.75		0.713023
343.875		0.713023
344		0.713023
344.125		0.713473
344.25		0.713473
344.375		0.713473
344.5		0.713473
344.625		0.713473
344.75		0.713473
344.875		0.713473
345		0.713473
345.125		0.71607
345.25		0.71607
345.375		0.71607
345.5		0.71607
345.625		0.71607
345.75		0.71607
345.875		0.71607
346		0.71607
346.125		0.718065
346.25		0.718065
346.375		0.718065
346.5		0.718065
346.625		0.718065
346.75		0.718065
346.875		0.718065
347		0.718065
347.125		0.719603
347.25		0.719603
347.375		0.719603
347.5		0.719603
347.625		0.719603
347.75		0.719603
347.875		0.719603
348		0.719603
348.125		0.72066
348.25		0.72066
348.375		0.72066
348.5		0.72066
348.625		0.72066
348.75		0.72066
348.875		0.72066
349		0.72066
349.125		0.723358
349.25		0.723358
349.375		0.723358
349.5		0.723358
349.625		0.723358
349.75		0.723358
349.875		0.723358
350		0.723358
350.125		0.728075
350.25		0.728075
350.375		0.728075
350.5		0.728075
350.625		0.728075
350.75		0.728075
350.875		0.728075
351		0.728075
351.125		0.729814
351.25		0.729814
351.375		0.729814
351.5		0.729814
351.625		0.729814
351.75		0.729814
351.875		0.729814
352		0.729814
352.125		0.731047
352.25		0.731047
352.375		0.731047
352.5		0.731047
352.625		0.731047
352.75		0.731047
352.875		0.731047
353		0.731047
353.125		0.737118
353.25		0.737118
353.375		0.737118
353.5		0.737118
353.625		0.737118
353.75		0.737118
353.875		0.737118
354		0.737118
354.125		0.73984
354.25		0.73984
354.375		0.73984
354.5		0.73984
354.625		0.73984
354.75		0.73984
354.875		0.73984
355		0.73984
355.125		0.741596
355.25		0.741596
355.375		0.741596
355.5		0.741596
355.625		0.741596
355.75		0.741596
355.875		0.741596
356		0.741596
356.125		0.743972
356.25		0.743972
356.375		0.743972
356.5		0.743972
356.625		0.743972
356.75		0.743972
356.875		0.743972
357		0.743972
357.125		0.744501
357.25		0.744501
357.375		0.744501
357.5		0.744501
357.625		0.744501
357.75		0.744501
357.875		0.744501
358		0.744501
358.125		0.74742
358.25		0.74742
358.375		0.74742
358.5		0.74742
358.625		0.74742
358.75		0.74742
358.875		0.74742
359		0.74742
359.125		0.75144
359.25		0.75144
359.375		0.75144
359.5		0.75144
359.625		0.75144
359.75		0.75144
359.875		0.75144
360		0.75144
360.125		0.751959
360.25		0.751959
360.375		0.751959
360.5		0.751959
360.625		0.751959
360.75		0.751959
360.875		0.751959
361		0.751959
361.125		0.752869
361.25		0.752869
361.375		0.752869
361.5		0.752869
361.625		0.752869
361.75		0.752869
361.875		0.752869
362		0.752869
362.125		0.753763
362.25		0.753763
362.375		0.753763
362.5		0.753763
362.625		0.753763
362.75		0.753763
362.875		0.753763
363		0.753763
363.125		0.756402
363.25		0.756402
363.375		0.756402
363.5		0.756402
363.625		0.756402
363.75		0.756402
363.875		0.756402
364		0.756402
364.125		0.762204
364.25		0.762204
364.375		0.762204
364.5		0.762204
364.625		0.762204
364.75		0.762204
364.875		0.762204
365		0.762204
365.125		0.762713
365.25		0.762713
365.375		0.762713
365.5		0.762713
365.625		0.762713
365.75		0.762713
365.875		0.762713
366		0.762713
366.125		0.76507
366.25		0.76507
366.375		0.76507
366.5		0.76507
366.625		0.76507
366.75		0.76507
366.875		0.76507
367		0.76507
367.125		0.766114
367.25		0.766114
367.375		0.766114
367.5		0.766114
367.625		0.766114
367.75		0.766114
367.875		0.766114
368		0.766114
368.125		0.767537
368.25		0.767537
368.375		0.767537
368.5		0.767537
368.625		0.767537
368.75		0.767537
368.875		0.767537
369		0.767537
369.125		0.771334
369.25		0.771334
369.375		0.771334
369.5		0.771334
369.625		0.771334
369.75		0.771334
369.875		0.771334
370		0.771334
370.125		0.773974
370.25		0.773974
370.375		0.773974
370.5		0.773974
370.625		0.773974
370.75		0.773974
370.875		0.773974
371		0.773974
371.125		0.777829
371.25		0.777829
371.375		0.777829
371.5		0.777829
371.625		0.777829
371.75		0.777829
371.875		0.777829
372		0.777829
372.125		0.778306
372.25		0.778306
372.375		0.778306
372.5		0.778306
372.625		0.778306
372.75		0.778306
372.875		0.778306
373		0.778306
373.125		0.779262
373.25		0.779262
373.375		0.779262
373.5		0.779262
373.625		0.779262
373.75		0.779262
373.875		0.779262
374		0.779262
374.125		0.783079
374.25		0.783079
374.375		0.783079
374.5		0.783079
374.625		0.783079
374.75		0.783079
374.875		0.783079
375		0.783079
375.125		0.78461
375.25		0.78461
375.375		0.78461
375.5		0.78461
375.625		0.78461
375.75		0.78461
375.875		0.78461
376		0.78461
376.125		0.784855
376.25		0.784855
376.375		0.784855
376.5		0.784855
376.625		0.784855
376.75		0.784855
376.875		0.784855
377		0.784855
377.125		0.789682
377.25		0.789682
377.375		0.789682
377.5		0.789682
377.625		0.789682
377.75		0.789682
377.875		0.789682
378		0.789682
378.125		0.794758
378.25		0.794758
378.375		0.794758
378.5		0.794758
378.625		0.794758
378.75		0.794758
378.875		0.794758
379		0.794758
379.125		0.795062
379.25		0.795062
379.375		0.795062
379.5		0.795062
379.625		0.795062
379.75		0.795062
379.875		0.795062
380		0.795062
380.125		0.795417
380.25		0.795417
380.375		0.795417
380.5		0.795417
380.625		0.795417
380.75		0.795417
380.875		0.795417
381		0.795417
381.125		0.801524
381.25		0.801524
381.375		0.801524
381.5		0.801524
381.625		0.801524
381.75		0.801524
381.875		0.801524
382		0.801524
382.125		0.804711
382.25		0.804711
382.375		0.804711
382.5		0.804711
382.625		0.804711
382.75		0.804711
382.875		0.804711
383		0.804711
383.125		0.806294
383.25		0.806294
383.375		0.806294
383.5		0.806294
383.625		0.806294
383.75		0.806294
383.875		0.806294
384		0.806294
384.125		0.808153
384.25		0.808153
384.375		0.808153
384.5		0.808153
384.625		0.808153
384.75		0.808153
384.875		0.808153
385		0.808153
385.125		0.8118
385.25		0.8118
385.375		0.8118
385.5		0.8118
385.625		0.8118
385.75		0.8118
385.875		0.8118
386		0.8118
386.125		0.813645
386.25		0.813645
386.375		0.813645
386.5		0.813645
386.625		0.813645
386.75		0.813645
386.875		0.813645
387		0.813645
387.125		0.816464
387.25		0.816464
387.375		0.816464
387.5		0.816464
387.625		0.816464
387.75		0.816464
387.875		0.816464
388		0.816464
388.125		0.816639
388.25		0.816639
388.375		0.816639
388.5		0.816639
388.625		0.816639
388.75		0.816639
388.875		0.816639
389		0.816639
389.125		0.817614
389.25		0.817614
389.375		0.817614
389.5		0.817614
389.625		0.817614
389.75		0.817614
389.875		0.817614
390		0.817614
390.125		0.822009
390.25		0.822009
390.375		0.822009
390.5		0.822009
390.625		0.822009
390.75		0.822009
390.875		0.822009
391		0.822009
391.125		0.824758
391.25		0.824758
391.375		0.824758
391.5		0.824758
391.625		0.824758
391.75		0.824758
391.875		0.824758
392		0.824758
392.125		0.82536
392.25		0.82536
392.375		0.82536
392.5		0.82536
392.625		0.82536
392.75		0.82536
392.875		0.82536
393		0.82536
393.125		0.828244
393.25		0.828244
393.375		0.828244
393.5		0.828244
393.625		0.828244
393.75		0.828244
393.875		0.828244
394		0.828244
394.125		0.832791
394.25		0.832791
394.375		0.832791
394.5		0.832791
394.625		0.832791
394.75		0.832791
394.875		0.832791
395		0.832791
395.125		0.835311
395.25		0.835311
395.375		0.835311
395.5		0.835311
395.625		0.835311
395.75		0.835311
395.875		0.835311
396		0.835311
396.125		0.835696
396.25		0.835696
396.375		0.835696
396.5		0.835696
396.625		0.835696
396.75		0.835696
396.875		0.835696
397		0.835696
397.125		0.835959
397.25		0.835959
397.375		0.835959
397.5		0.835959
397.625		0.835959
397.75		0.835959
397.875		0.835959
398		0.835959
398.125		0.838972
398.25		0.838972
398.375		0.838972
398.5		0.838972
398.625		0.838972
398.75		0.838972
398.875		0.838972
399		0.838972
399.125		0.84125
399.25		0.84125
399.375		0.84125
399.5		0.84125
399.625		0.84125
399.75		0.84125
399.875		0.84125
400		0.84125
400.125		0.842746
400.25		0.842746
400.375		0.842746
400.5		0.842746
400.625		0.842746
400.75		0.842746
400.875		0.842746
401		0.842746
401.125		0.847749
401.25		0.847749
401.375		0.847749
401.5		0.847749
401.625		0.847749
401.75		0.847749
401.875		0.847749
402		0.847749
402.125		0.848433
402.25		0.848433
402.375		0.848433
402.5		0.848433
402.625		0.848433
402.75		0.848433
402.875		0.848433
403		0.848433
403.125		0.849201
403.25		0.849201
403.375		0.849201
403.5		0.849201
403.625		0.849201
403.75		0.849201
403.875		0.849201
404		0.849201
404.125		0.851544
404.25		0.851544
404.375		0.851544
404.5		0.851544
404.625		0.851544
404.75		0.851544
404.875		0.851544
405		0.851544
405.125		0.854019
405.25		0.854019
405.375		0.854019
405.5		0.854019
405.625		0.854019
405.75		0.854019
405.875		0.854019
406		0.854019
406.125		0.854834
406.25		0.854834
406.375		0.854834
406.5		0.854834
406.625		0.854834
406.75		0.854834
406.875		0.854834
407		0.854834
407.125		0.859531
407.25		0.859531
407.375		0.859531
407.5		0.859531
407.625		0.859531
407.75		0.859531
407.875		0.859531
408		0.859531
408.125		0.862637
408.25		0.862637
408.375		0.862637
408.5		0.862637
408.625		0.862637
408.75		0.862637
408.875		0.862637
409		0.862637
409.125		0.863002
409.25		0.863002
409.375		0.863002
409.5		0.863002
409.625		0.863002
409.75		0.863002
409.875		0.863002
410		0.863002
410.125		0.865994
410.25		0.865994
410.375		0.865994
410.5		0.865994
410.625		0.865994
410.75		0.865994
410.875		0.865994
411		0.865994
411.125		0.866267
411.25		0.866267
411.375		0.866267
411.5		0.866267
411.625		0.866267
411.75		0.866267
411.875		0.866267
412		0.866267
412.125		0.870682
412.25		0.870682
412.375		0.870682
412.5		0.870682
412.625		0.870682
412.75		0.870682
412.875		0.870682
413		0.870682
413.125		0.872478
413.25		0.872478
413.375		0.872478
413.5		0.872478
413.625		0.872478
413.75		0.872478
413.875		0.872478
414		0.872478
414.125		0.873425
414.25		0.873425
414.375		0.873425
414.5		0.873425
414.625		0.873425
414.75		0.873425
414.875		0.873425
415		0.873425
415.125		0.873739
415.25		0.873739
415.375		0.873739
415.5		0.873739
415.625		0.873739
415.75		0.873739
415.875		0.873739
416		0.873739
416.125		0.880064
416.25		0.880064
416.375		0.880064
416.5		0.880064
416.625		0.880064
416.75		0.880064
416.875		0.880064
417		0.880064
417.125		0.880591
417.25		0.880591
417.375		0.880591
417.5		0.880591
417.625		0.880591
417.75		0.880591
417.875		0.880591
418		0.880591
418.125		0.88376
418.25		0.88376
418.375		0.88376
418.5		0.88376
418.625		0.88376
418.75		0.88376
418.875		0.88376
419		0.88376
419.125		0.884581
419.25		0.884581
419.375		0.884581
419.5		0.884581
419.625		0.884581
419.75		0.884581
419.875		0.884581
420		0.884581
420.125		0.888404
420.25		0.888404
420.375		0.888404
420.5		0.888404
420.625		0.888404
420.75		0.888404
420.875		0.888404
421		0.888404
421.125		0.889847
421.25		0.889847
421.375		0.889847
421.5		0.889847
421.625		0.889847
421.75		0.889847
421.875		0.889847
422		0.889847
422.125		0.891763
422.25		0.891763
422.375		0.891763
422.5		0.891763
422.625		0.891763
422.75		0.891763
422.875		0.891763
423		0.891763
423.125		0.89309
423.25		0.89309
423.375		0.89309
423.5		0.89309
423.625		0.89309
423.75		0.89309
423.875		0.89309
424		0.89309
424.125		0.895008
424.25		0.895008
424.375		0.895008
424.5		0.895008
424.625		0.895008
424.75		0.895008
424.875		0.895008
425		0.895008
425.125		0.897686
425.25		0.897686
425.375		0.897686
425.5		0.897686
425.625		0.897686
425.75		0.897686
425.875		0.897686
426		0.897686
426.125		0.898069
426.25		0.898069
426.375		0.898069
426.5		0.898069
426.625		0.898069
426.75		0.898069
426.875		0.898069
427		0.898069
427.125		0.899971
427.25		0.899971
427.375		0.899971
427.5		0.899971
427.625		0.899971
427.75		0.899971
427.875		0.899971
428		0.899971
428.125		0.903676
428.25		0.903676
428.375		0.903676
428.5		0.903676
428.625		0.903676
428.75		0.903676
428.875		0.903676
429		0.903676
429.125		0.905993
429.25		0.905993
429.375		0.905993
429.5		0.905993
429.625		0.905993
429.75		0.905993
429.875		0.905993
430		0.905993
430.125		0.907672
430.25		0.907672
430.375		0.907672
430.5		0.907672
430.625		0.907672
430.75		0.907672
430.875		0.907672
431		0.907672
431.125		0.909326
431.25		0.909326
431.375		0.909326
431.5		0.909326
431.625		0.909326
431.75		0.909326
431.875		0.909326
432		0.909326
432.125		0.9116
432.25		0.9116
432.375		0.9116
432.5		0.9116
432.625		0.9116
432.75		0.9116
432.875		0.9116
433		0.9116
433.125		0.914023
433.25		0.914023
433.375		0.914023
433.5		0.914023
433.625		0.914023
433.75		0.914023
433.875		0.914023
434		0.914023
434.125		0.916524
434.25		0.916524
434.375		0.916524
434.5		0.916524
434.625		0.916524
434.75		0.916524
434.875		0.916524
435		0.916524
435.125		0.917919
435.25		0.917919
435.375		0.917919
435.5		0.917919
435.625		0.917919
435.75		0.917919
435.875		0.917919
436		0.917919
436.125		0.919731
436.25		0.919731
436.375		0.919731
436.5		0.919731
436.625		0.919731
436.75		0.919731
436.875		0.919731
437		0.919731
437.125		0.92111
437.25		0.92111
437.375		0.92111
437.5		0.92111
437.625		0.92111
437.75		0.92111
437.875		0.92111
438		0.92111
438.125		0.926534
438.25		0.926534
438.375		0.926534
438.5		0.926534
438.625		0.926534
438.75		0.926534
438.875		0.926534
439		0.926534
439.125		0.927082
439.25		0.927082
439.375		0.927082
439.5		0.927082
439.625		0.927082
439.75		0.927082
439.875		0.927082
440		0.927082
440.125		0.929111
440.25		0.929111
440.375		0.929111
440.5		0.929111
440.625		0.929111
440.75		0.929111
440.875		0.929111
441		0.929111
441.125		0.929407
441.25		0.929407
441.375		0.929407
441.5		0.929407
441.625		0.929407
441.75		0.929407
441.875		0.929407
442		0.929407
442.125		0.935513
442.25		0.935513
442.375		0.935513
442.5		0.935513
442.625		0.935513
442.75		0.935513
442.875		0.935513
443		0.935513
443.125		0.93589
443.25		0.93589
443.375		0.93589
443.5		0.93589
443.625		0.93589
443.75		0.93589
443.875		0.93589
444		0.93589
444.125		0.937258
444.25		0.937258
444.375		0.937258
444.5		0.937258
444.625		0.937258
444.75		0.937258
444.875		0.937258
445		0.937258
445.125		0.937633
445.25		0.937633
445.375		0.937633
445.5		0.937633
445.625		0.937633
445.75		0.937633
445.875		0.937633
446		0.937633
446.125		0.943749
446.25		0.943749
446.375		0.943749
446.5		0.943749
446.625		0.943749
446.75		0.943749
446.875		0.943749
447		0.943749
447.125		0.945221
447.25		0.945221
447.375		0.945221
447.5		0.945221
447.625		0.945221
447.75		0.945221
447.875		0.945221
448		0.945221
448.125		0.946066
448.25		0.946066
448.375		0.946066
448.5		0.946066
448.625		0.946066
448.75		0.946066
448.875		0.946066
449		0.946066
449.125		0.946988
449.25		0.946988
449.375		0.946988
449.5		0.946988
449.625		0.946988
449.75		0.946988
449.875		0.946988
450		0.946988
450.125		0.949853
450.25		0.949853
450.375		0.949853
450.5		0.949853
450.625		0.949853
450.75		0.949853
450.875		0.949853
451		0.949853
451.125		0.950933
451.25		0.950933
451.375		0.950933
451.5		0.950933
451.625		0.950933
451.75		0.950933
451.875		0.950933
452		0.950933
452.125		0.953797
452.25		0.953797
452.375		0.953797
452.5		0.953797
452.625		0.953797
452.75		0.953797
452.875		0.953797
453		0.953797
453.125		0.956747
453.25		0.956747
453.375		0.956747
453.5		0.956747
453.625		0.956747
453.75		0.956747
453.875		0.956747
454		0.956747
454.125		0.959737
454.25		0.959737
454.375		0.959737
454.5		0.959737
454.625		0.959737
454.75		0.959737
454.875		0.959737
455		0.959737
455.125		0.961861
455.25		0.961861
455.375		0.961861
455.5		0.961861
455.625		0.961861
455.75		0.961861
455.875		0.961861
456		0.961861
456.125		0.963128
456.25		0.963128
456.375		0.963128
456.5		0.963128
456.625		0.963128
456.75		0.963128
456.875		0.963128
457		0.963128
457.125		0.963767
457.25		0.963767
457.375		0.963767
457.5		0.963767
457.625		0.963767
457.75		0.963767
457.875		0.963767
458		0.963767
458.125		0.967896
458.25		0.967896
458.375		0.967896
458.5		0.967896
458.625		0.967896
458.75		0.967896
458.875		0.967896
459		0.967896
459.125		0.972218
459.25		0.972218
459.375		0.972218
459.5		0.972218
459.625		0.972218
459.75		0.972218
459.875		0.972218
460		0.972218
460.125		0.974742
460.25		0.974742
460.375		0.974742
460.5		0.974742
460.625		0.974742
460.75		0.974742
460.875		0.974742
461		0.974742
461.125		0.97491
461.25		0.97491
461.375		0.97491
461.5		0.97491
461.625		0.97491
461.75		0.97491
461.875		0.97491
462		0.97491
462.125		0.976599
462.25		0.976599
462.375		0.976599
462.5		0.976599
462.625		0.976599
462.75		0.976599
462.875		0.976599
463		0.976599
463.125		0.977872
463.25		0.977872
463.375		0.977872
463.5		0.977872
463.625		0.977872
463.75		0.977872
463.875		0.977872
464		0.977872
464.125		0.981885
464.25		0.981885
464.375		0.981885
464.5		0.981885
464.625		0.981885
464.75		0.981885
464.875		0.981885
465		0.981885
465.125		0.982881
465.25		0.982881
465.375		0.982881
465.5		0.982881
465.625		0.982881
465.75		0.982881
465.875		0.982881
466		0.982881
466.125		0.986601
466.25		0.986601
466.375		0.986601
466.5		0.986601
466.625		0.986601
466.75		0.986601
466.875		0.986601
467		0.986601
467.125		0.989157
467.25		0.989157
467.375		0.989157
467.5		0.989157
467.625		0.989157
467.75		0.989157
467.875		0.989157
468		0.989157
468.125		0.993014
468.25		0.993014
468.375		0.993014
468.5		0.993014
468.625		0.993014
468.75		0.993014
468.875		0.993014
469		0.993014
469.125		0.99475
469.25		0.99475
469.375		0.99475
469.5		0.99475
469.625		0.99475
469.75		0.99475
469.875		0.99475
470		0.99475
470.125		0.995133
470.25		0.995133
470.375		0.995133
470.5		0.995133
470.625		0.995133
470.75		0.995133
470.875		0.995133
471		0.995133
471.125		0.995824
471.25		0.995824
471.375		0.995824
471.5		0.995824
471.625		0.995824
471.75		0.995824
471.875		0.995824
472		0.995824
472.125		0.999929
472.25		0.999929
472.375		0.999929
472.5		0.999929
472.625		0.999929
472.75		0.999929
472.875		0.999929
473		0.999929
473.125		0.99999
473.25		0.99999
473.375		0.99999
473.5		0.99999
473.625		0.99999
473.75		0.99999
473.875		0.99999
474		0.99999
474.125		1
474.25		1
474.375		1
474.5		1
474.625		1
474.75		1
474.875		1
475		1
475.125		1
475.25		1
475.375		1
475.5		1
475.625		1
475.75		1
475.875		1
476		1
476.125		1
476.25		1
476.375		1
476.5		1
476.625		1
476.75		1
476.875		1
477		1
477.125		1
477.25		1
477.375		1
477.5		1
477.625		1
477.75		1
477.875		1
478		1
478.125		1
478.25		1
478.375		1
478.5		1
478.625		1
478.75		1
478.875		1
479		1
479.125		1
479.25		1
479.375		1
479.5		1
479.625		1
479.75		1
479.875		1
480		1
480.125		1
480.25		1
480.375		1
480.5		1
480.625		1
480.75		1
480.875		1
481		1
481.125		1
481.25		1
481.375		1
481.5		1
481.625		1
481.75		1
481.875		1
482		1
482.125		1
482.25		1
482.375		1
482.5		1
482.625		1
482.75		1
482.875		1
483		1
483.125		1
483.25		1
483.375		1
483.5		1
483.625		1
483.75		1
483.875		1
484		1
484.125		1
484.25		1
484.375		1
484.5		1
484.625		1
484.75		1
484.875		1
485		1
485.125		1
485.25		1
485.375		1
485.5		1
485.625		1
485.75		1
485.875		1
486		1
486.125		1
486.25		1
486.375		1
486.5		1
486.625		1
486.75		1
486.875		1
487		1
487.125		1
487.25		1
487.375		1
487.5		1
487.625		1
487.75		1
487.875		1
488		1
488.125		1
488.25		1
488.375		1
488.5		1
488.625		1
488.75		1
488.875		1
489		1
489.125		1
489.25		1
489.375		1
489.5		1
489.625		1
489.75		1
489.875		1
490		1
490.125		1
490.25		1
490.375		1
490.5		1
490.625		1
490.75		1
490.875		1
491		1
491.125		1
491.25		1
491.375		1
491.5		1
491.625		1
491.75		1
491.875		1
492		1
492.125		1
492.25		1
492.375		1
492.5		1
492.625		1
492.75		1
492.875		1
493		1
493.125		1
493.25		1
493.375		1
493.5		1
493.625		1
493.75		1
493.875		1
494		1
494.125		1
494.25		1
494.375		1
494.5		1
494.625		1
494.75		1
494.875		1
495		1
495.125		1
495.25		1
495.375		1
495.5		1
495.625		1
495.75		1
495.875		1
496		1
496.125		1
496.25		1
496.375		1
496.5		1
496.625		1
496.75		1
496.875		1
497		1
497.125		1
497.25		1
497.375		1
497.5		1
497.625		1
497.75		1
497.875		1
498		1
498.125		1
498.25		1
498.375		1
498.5		1
498.625		1
498.75		1
498.875		1
499		1
499.125		1
499.25		1
499.375		1
499.5		1
499.625		1
499.75		1
499.875		1
500		1
