# Calibration file of tamex_id 1 @ channel 7
# fine_T bin		 Calibration value
0.125		0
0.25		0
0.375		0
0.5		0
0.625		0
0.75		0
0.875		0
1		0
1.125		0
1.25		0
1.375		0
1.5		0
1.625		0
1.75		0
1.875		0
2		0
2.125		0
2.25		0
2.375		0
2.5		0
2.625		0
2.75		0
2.875		0
3		0
3.125		0
3.25		0
3.375		0
3.5		0
3.625		0
3.75		0
3.875		0
4		0
4.125		0
4.25		0
4.375		0
4.5		0
4.625		0
4.75		0
4.875		0
5		0
5.125		0
5.25		0
5.375		0
5.5		0
5.625		0
5.75		0
5.875		0
6		0
6.125		0
6.25		0
6.375		0
6.5		0
6.625		0
6.75		0
6.875		0
7		0
7.125		0
7.25		0
7.375		0
7.5		0
7.625		0
7.75		0
7.875		0
8		0
8.125		0
8.25		0
8.375		0
8.5		0
8.625		0
8.75		0
8.875		0
9		0
9.125		0
9.25		0
9.375		0
9.5		0
9.625		0
9.75		0
9.875		0
10		0
10.125		0
10.25		0
10.375		0
10.5		0
10.625		0
10.75		0
10.875		0
11		0
11.125		0
11.25		0
11.375		0
11.5		0
11.625		0
11.75		0
11.875		0
12		0
12.125		0
12.25		0
12.375		0
12.5		0
12.625		0
12.75		0
12.875		0
13		0
13.125		0
13.25		0
13.375		0
13.5		0
13.625		0
13.75		0
13.875		0
14		0
14.125		0
14.25		0
14.375		0
14.5		0
14.625		0
14.75		0
14.875		0
15		0
15.125		0
15.25		0
15.375		0
15.5		0
15.625		0
15.75		0
15.875		0
16		0
16.125		0.00567139
16.25		0.00567139
16.375		0.00567139
16.5		0.00567139
16.625		0.00567139
16.75		0.00567139
16.875		0.00567139
17		0.00567139
17.125		0.0113944
17.25		0.0113944
17.375		0.0113944
17.5		0.0113944
17.625		0.0113944
17.75		0.0113944
17.875		0.0113944
18		0.0113944
18.125		0.0115838
18.25		0.0115838
18.375		0.0115838
18.5		0.0115838
18.625		0.0115838
18.75		0.0115838
18.875		0.0115838
19		0.0115838
19.125		0.0154091
19.25		0.0154091
19.375		0.0154091
19.5		0.0154091
19.625		0.0154091
19.75		0.0154091
19.875		0.0154091
20		0.0154091
20.125		0.0201037
20.25		0.0201037
20.375		0.0201037
20.5		0.0201037
20.625		0.0201037
20.75		0.0201037
20.875		0.0201037
21		0.0201037
21.125		0.0225974
21.25		0.0225974
21.375		0.0225974
21.5		0.0225974
21.625		0.0225974
21.75		0.0225974
21.875		0.0225974
22		0.0225974
22.125		0.022819
22.25		0.022819
22.375		0.022819
22.5		0.022819
22.625		0.022819
22.75		0.022819
22.875		0.022819
23		0.022819
23.125		0.0267498
23.25		0.0267498
23.375		0.0267498
23.5		0.0267498
23.625		0.0267498
23.75		0.0267498
23.875		0.0267498
24		0.0267498
24.125		0.0306849
24.25		0.0306849
24.375		0.0306849
24.5		0.0306849
24.625		0.0306849
24.75		0.0306849
24.875		0.0306849
25		0.0306849
25.125		0.032049
25.25		0.032049
25.375		0.032049
25.5		0.032049
25.625		0.032049
25.75		0.032049
25.875		0.032049
26		0.032049
26.125		0.0327116
26.25		0.0327116
26.375		0.0327116
26.5		0.0327116
26.625		0.0327116
26.75		0.0327116
26.875		0.0327116
27		0.0327116
27.125		0.0345942
27.25		0.0345942
27.375		0.0345942
27.5		0.0345942
27.625		0.0345942
27.75		0.0345942
27.875		0.0345942
28		0.0345942
28.125		0.0381657
28.25		0.0381657
28.375		0.0381657
28.5		0.0381657
28.625		0.0381657
28.75		0.0381657
28.875		0.0381657
29		0.0381657
29.125		0.0386971
29.25		0.0386971
29.375		0.0386971
29.5		0.0386971
29.625		0.0386971
29.75		0.0386971
29.875		0.0386971
30		0.0386971
30.125		0.040769
30.25		0.040769
30.375		0.040769
30.5		0.040769
30.625		0.040769
30.75		0.040769
30.875		0.040769
31		0.040769
31.125		0.0438543
31.25		0.0438543
31.375		0.0438543
31.5		0.0438543
31.625		0.0438543
31.75		0.0438543
31.875		0.0438543
32		0.0438543
32.125		0.0457821
32.25		0.0457821
32.375		0.0457821
32.5		0.0457821
32.625		0.0457821
32.75		0.0457821
32.875		0.0457821
33		0.0457821
33.125		0.0468557
33.25		0.0468557
33.375		0.0468557
33.5		0.0468557
33.625		0.0468557
33.75		0.0468557
33.875		0.0468557
34		0.0468557
34.125		0.048323
34.25		0.048323
34.375		0.048323
34.5		0.048323
34.625		0.048323
34.75		0.048323
34.875		0.048323
35		0.048323
35.125		0.0506897
35.25		0.0506897
35.375		0.0506897
35.5		0.0506897
35.625		0.0506897
35.75		0.0506897
35.875		0.0506897
36		0.0506897
36.125		0.0508941
36.25		0.0508941
36.375		0.0508941
36.5		0.0508941
36.625		0.0508941
36.75		0.0508941
36.875		0.0508941
37		0.0508941
37.125		0.056303
37.25		0.056303
37.375		0.056303
37.5		0.056303
37.625		0.056303
37.75		0.056303
37.875		0.056303
38		0.056303
38.125		0.0565246
38.25		0.0565246
38.375		0.0565246
38.5		0.0565246
38.625		0.0565246
38.75		0.0565246
38.875		0.0565246
39		0.0565246
39.125		0.0575293
39.25		0.0575293
39.375		0.0575293
39.5		0.0575293
39.625		0.0575293
39.75		0.0575293
39.875		0.0575293
40		0.0575293
40.125		0.0605113
40.25		0.0605113
40.375		0.0605113
40.5		0.0605113
40.625		0.0605113
40.75		0.0605113
40.875		0.0605113
41		0.0605113
41.125		0.0629684
41.25		0.0629684
41.375		0.0629684
41.5		0.0629684
41.625		0.0629684
41.75		0.0629684
41.875		0.0629684
42		0.0629684
42.125		0.0660106
42.25		0.0660106
42.375		0.0660106
42.5		0.0660106
42.625		0.0660106
42.75		0.0660106
42.875		0.0660106
43		0.0660106
43.125		0.0681578
43.25		0.0681578
43.375		0.0681578
43.5		0.0681578
43.625		0.0681578
43.75		0.0681578
43.875		0.0681578
44		0.0681578
44.125		0.0686333
44.25		0.0686333
44.375		0.0686333
44.5		0.0686333
44.625		0.0686333
44.75		0.0686333
44.875		0.0686333
45		0.0686333
45.125		0.0701329
45.25		0.0701329
45.375		0.0701329
45.5		0.0701329
45.625		0.0701329
45.75		0.0701329
45.875		0.0701329
46		0.0701329
46.125		0.0753675
46.25		0.0753675
46.375		0.0753675
46.5		0.0753675
46.625		0.0753675
46.75		0.0753675
46.875		0.0753675
47		0.0753675
47.125		0.0777062
47.25		0.0777062
47.375		0.0777062
47.5		0.0777062
47.625		0.0777062
47.75		0.0777062
47.875		0.0777062
48		0.0777062
48.125		0.0777901
48.25		0.0777901
48.375		0.0777901
48.5		0.0777901
48.625		0.0777901
48.75		0.0777901
48.875		0.0777901
49		0.0777901
49.125		0.0792833
49.25		0.0792833
49.375		0.0792833
49.5		0.0792833
49.625		0.0792833
49.75		0.0792833
49.875		0.0792833
50		0.0792833
50.125		0.085271
50.25		0.085271
50.375		0.085271
50.5		0.085271
50.625		0.085271
50.75		0.085271
50.875		0.085271
51		0.085271
51.125		0.0854517
51.25		0.0854517
51.375		0.0854517
51.5		0.0854517
51.625		0.0854517
51.75		0.0854517
51.875		0.0854517
52		0.0854517
52.125		0.0866372
52.25		0.0866372
52.375		0.0866372
52.5		0.0866372
52.625		0.0866372
52.75		0.0866372
52.875		0.0866372
53		0.0866372
53.125		0.0893524
53.25		0.0893524
53.375		0.0893524
53.5		0.0893524
53.625		0.0893524
53.75		0.0893524
53.875		0.0893524
54		0.0893524
54.125		0.091747
54.25		0.091747
54.375		0.091747
54.5		0.091747
54.625		0.091747
54.75		0.091747
54.875		0.091747
55		0.091747
55.125		0.0924226
55.25		0.0924226
55.375		0.0924226
55.5		0.0924226
55.625		0.0924226
55.75		0.0924226
55.875		0.0924226
56		0.0924226
56.125		0.0959123
56.25		0.0959123
56.375		0.0959123
56.5		0.0959123
56.625		0.0959123
56.75		0.0959123
56.875		0.0959123
57		0.0959123
57.125		0.0963792
57.25		0.0963792
57.375		0.0963792
57.5		0.0963792
57.625		0.0963792
57.75		0.0963792
57.875		0.0963792
58		0.0963792
58.125		0.100573
58.25		0.100573
58.375		0.100573
58.5		0.100573
58.625		0.100573
58.75		0.100573
58.875		0.100573
59		0.100573
59.125		0.101194
59.25		0.101194
59.375		0.101194
59.5		0.101194
59.625		0.101194
59.75		0.101194
59.875		0.101194
60		0.101194
60.125		0.102326
60.25		0.102326
60.375		0.102326
60.5		0.102326
60.625		0.102326
60.75		0.102326
60.875		0.102326
61		0.102326
61.125		0.10503
61.25		0.10503
61.375		0.10503
61.5		0.10503
61.625		0.10503
61.75		0.10503
61.875		0.10503
62		0.10503
62.125		0.106928
62.25		0.106928
62.375		0.106928
62.5		0.106928
62.625		0.106928
62.75		0.106928
62.875		0.106928
63		0.106928
63.125		0.109772
63.25		0.109772
63.375		0.109772
63.5		0.109772
63.625		0.109772
63.75		0.109772
63.875		0.109772
64		0.109772
64.125		0.111294
64.25		0.111294
64.375		0.111294
64.5		0.111294
64.625		0.111294
64.75		0.111294
64.875		0.111294
65		0.111294
65.125		0.112636
65.25		0.112636
65.375		0.112636
65.5		0.112636
65.625		0.112636
65.75		0.112636
65.875		0.112636
66		0.112636
66.125		0.117146
66.25		0.117146
66.375		0.117146
66.5		0.117146
66.625		0.117146
66.75		0.117146
66.875		0.117146
67		0.117146
67.125		0.117412
67.25		0.117412
67.375		0.117412
67.5		0.117412
67.625		0.117412
67.75		0.117412
67.875		0.117412
68		0.117412
68.125		0.118579
68.25		0.118579
68.375		0.118579
68.5		0.118579
68.625		0.118579
68.75		0.118579
68.875		0.118579
69		0.118579
69.125		0.12082
69.25		0.12082
69.375		0.12082
69.5		0.12082
69.625		0.12082
69.75		0.12082
69.875		0.12082
70		0.12082
70.125		0.123172
70.25		0.123172
70.375		0.123172
70.5		0.123172
70.625		0.123172
70.75		0.123172
70.875		0.123172
71		0.123172
71.125		0.127236
71.25		0.127236
71.375		0.127236
71.5		0.127236
71.625		0.127236
71.75		0.127236
71.875		0.127236
72		0.127236
72.125		0.128841
72.25		0.128841
72.375		0.128841
72.5		0.128841
72.625		0.128841
72.75		0.128841
72.875		0.128841
73		0.128841
73.125		0.130771
73.25		0.130771
73.375		0.130771
73.5		0.130771
73.625		0.130771
73.75		0.130771
73.875		0.130771
74		0.130771
74.125		0.131361
74.25		0.131361
74.375		0.131361
74.5		0.131361
74.625		0.131361
74.75		0.131361
74.875		0.131361
75		0.131361
75.125		0.135976
75.25		0.135976
75.375		0.135976
75.5		0.135976
75.625		0.135976
75.75		0.135976
75.875		0.135976
76		0.135976
76.125		0.137974
76.25		0.137974
76.375		0.137974
76.5		0.137974
76.625		0.137974
76.75		0.137974
76.875		0.137974
77		0.137974
77.125		0.140016
77.25		0.140016
77.375		0.140016
77.5		0.140016
77.625		0.140016
77.75		0.140016
77.875		0.140016
78		0.140016
78.125		0.140903
78.25		0.140903
78.375		0.140903
78.5		0.140903
78.625		0.140903
78.75		0.140903
78.875		0.140903
79		0.140903
79.125		0.14107
79.25		0.14107
79.375		0.14107
79.5		0.14107
79.625		0.14107
79.75		0.14107
79.875		0.14107
80		0.14107
80.125		0.144767
80.25		0.144767
80.375		0.144767
80.5		0.144767
80.625		0.144767
80.75		0.144767
80.875		0.144767
81		0.144767
81.125		0.146049
81.25		0.146049
81.375		0.146049
81.5		0.146049
81.625		0.146049
81.75		0.146049
81.875		0.146049
82		0.146049
82.125		0.150098
82.25		0.150098
82.375		0.150098
82.5		0.150098
82.625		0.150098
82.75		0.150098
82.875		0.150098
83		0.150098
83.125		0.151081
83.25		0.151081
83.375		0.151081
83.5		0.151081
83.625		0.151081
83.75		0.151081
83.875		0.151081
84		0.151081
84.125		0.154844
84.25		0.154844
84.375		0.154844
84.5		0.154844
84.625		0.154844
84.75		0.154844
84.875		0.154844
85		0.154844
85.125		0.155438
85.25		0.155438
85.375		0.155438
85.5		0.155438
85.625		0.155438
85.75		0.155438
85.875		0.155438
86		0.155438
86.125		0.156611
86.25		0.156611
86.375		0.156611
86.5		0.156611
86.625		0.156611
86.75		0.156611
86.875		0.156611
87		0.156611
87.125		0.157039
87.25		0.157039
87.375		0.157039
87.5		0.157039
87.625		0.157039
87.75		0.157039
87.875		0.157039
88		0.157039
88.125		0.161062
88.25		0.161062
88.375		0.161062
88.5		0.161062
88.625		0.161062
88.75		0.161062
88.875		0.161062
89		0.161062
89.125		0.163313
89.25		0.163313
89.375		0.163313
89.5		0.163313
89.625		0.163313
89.75		0.163313
89.875		0.163313
90		0.163313
90.125		0.163502
90.25		0.163502
90.375		0.163502
90.5		0.163502
90.625		0.163502
90.75		0.163502
90.875		0.163502
91		0.163502
91.125		0.167375
91.25		0.167375
91.375		0.167375
91.5		0.167375
91.625		0.167375
91.75		0.167375
91.875		0.167375
92		0.167375
92.125		0.167736
92.25		0.167736
92.375		0.167736
92.5		0.167736
92.625		0.167736
92.75		0.167736
92.875		0.167736
93		0.167736
93.125		0.173653
93.25		0.173653
93.375		0.173653
93.5		0.173653
93.625		0.173653
93.75		0.173653
93.875		0.173653
94		0.173653
94.125		0.174395
94.25		0.174395
94.375		0.174395
94.5		0.174395
94.625		0.174395
94.75		0.174395
94.875		0.174395
95		0.174395
95.125		0.175798
95.25		0.175798
95.375		0.175798
95.5		0.175798
95.625		0.175798
95.75		0.175798
95.875		0.175798
96		0.175798
96.125		0.17603
96.25		0.17603
96.375		0.17603
96.5		0.17603
96.625		0.17603
96.75		0.17603
96.875		0.17603
97		0.17603
97.125		0.177635
97.25		0.177635
97.375		0.177635
97.5		0.177635
97.625		0.177635
97.75		0.177635
97.875		0.177635
98		0.177635
98.125		0.182655
98.25		0.182655
98.375		0.182655
98.5		0.182655
98.625		0.182655
98.75		0.182655
98.875		0.182655
99		0.182655
99.125		0.185112
99.25		0.185112
99.375		0.185112
99.5		0.185112
99.625		0.185112
99.75		0.185112
99.875		0.185112
100		0.185112
100.125		0.187068
100.25		0.187068
100.375		0.187068
100.5		0.187068
100.625		0.187068
100.75		0.187068
100.875		0.187068
101		0.187068
101.125		0.187332
101.25		0.187332
101.375		0.187332
101.5		0.187332
101.625		0.187332
101.75		0.187332
101.875		0.187332
102		0.187332
102.125		0.192038
102.25		0.192038
102.375		0.192038
102.5		0.192038
102.625		0.192038
102.75		0.192038
102.875		0.192038
103		0.192038
103.125		0.195095
103.25		0.195095
103.375		0.195095
103.5		0.195095
103.625		0.195095
103.75		0.195095
103.875		0.195095
104		0.195095
104.125		0.196715
104.25		0.196715
104.375		0.196715
104.5		0.196715
104.625		0.196715
104.75		0.196715
104.875		0.196715
105		0.196715
105.125		0.198716
105.25		0.198716
105.375		0.198716
105.5		0.198716
105.625		0.198716
105.75		0.198716
105.875		0.198716
106		0.198716
106.125		0.201991
106.25		0.201991
106.375		0.201991
106.5		0.201991
106.625		0.201991
106.75		0.201991
106.875		0.201991
107		0.201991
107.125		0.202935
107.25		0.202935
107.375		0.202935
107.5		0.202935
107.625		0.202935
107.75		0.202935
107.875		0.202935
108		0.202935
108.125		0.20352
108.25		0.20352
108.375		0.20352
108.5		0.20352
108.625		0.20352
108.75		0.20352
108.875		0.20352
109		0.20352
109.125		0.205977
109.25		0.205977
109.375		0.205977
109.5		0.205977
109.625		0.205977
109.75		0.205977
109.875		0.205977
110		0.205977
110.125		0.208721
110.25		0.208721
110.375		0.208721
110.5		0.208721
110.625		0.208721
110.75		0.208721
110.875		0.208721
111		0.208721
111.125		0.209469
111.25		0.209469
111.375		0.209469
111.5		0.209469
111.625		0.209469
111.75		0.209469
111.875		0.209469
112		0.209469
112.125		0.213327
112.25		0.213327
112.375		0.213327
112.5		0.213327
112.625		0.213327
112.75		0.213327
112.875		0.213327
113		0.213327
113.125		0.213772
113.25		0.213772
113.375		0.213772
113.5		0.213772
113.625		0.213772
113.75		0.213772
113.875		0.213772
114		0.213772
114.125		0.218628
114.25		0.218628
114.375		0.218628
114.5		0.218628
114.625		0.218628
114.75		0.218628
114.875		0.218628
115		0.218628
115.125		0.219947
115.25		0.219947
115.375		0.219947
115.5		0.219947
115.625		0.219947
115.75		0.219947
115.875		0.219947
116		0.219947
116.125		0.220965
116.25		0.220965
116.375		0.220965
116.5		0.220965
116.625		0.220965
116.75		0.220965
116.875		0.220965
117		0.220965
117.125		0.222359
117.25		0.222359
117.375		0.222359
117.5		0.222359
117.625		0.222359
117.75		0.222359
117.875		0.222359
118		0.222359
118.125		0.225872
118.25		0.225872
118.375		0.225872
118.5		0.225872
118.625		0.225872
118.75		0.225872
118.875		0.225872
119		0.225872
119.125		0.228811
119.25		0.228811
119.375		0.228811
119.5		0.228811
119.625		0.228811
119.75		0.228811
119.875		0.228811
120		0.228811
120.125		0.230625
120.25		0.230625
120.375		0.230625
120.5		0.230625
120.625		0.230625
120.75		0.230625
120.875		0.230625
121		0.230625
121.125		0.23089
121.25		0.23089
121.375		0.23089
121.5		0.23089
121.625		0.23089
121.75		0.23089
121.875		0.23089
122		0.23089
122.125		0.23359
122.25		0.23359
122.375		0.23359
122.5		0.23359
122.625		0.23359
122.75		0.23359
122.875		0.23359
123		0.23359
123.125		0.236738
123.25		0.236738
123.375		0.236738
123.5		0.236738
123.625		0.236738
123.75		0.236738
123.875		0.236738
124		0.236738
124.125		0.2372
124.25		0.2372
124.375		0.2372
124.5		0.2372
124.625		0.2372
124.75		0.2372
124.875		0.2372
125		0.2372
125.125		0.241015
125.25		0.241015
125.375		0.241015
125.5		0.241015
125.625		0.241015
125.75		0.241015
125.875		0.241015
126		0.241015
126.125		0.241568
126.25		0.241568
126.375		0.241568
126.5		0.241568
126.625		0.241568
126.75		0.241568
126.875		0.241568
127		0.241568
127.125		0.246441
127.25		0.246441
127.375		0.246441
127.5		0.246441
127.625		0.246441
127.75		0.246441
127.875		0.246441
128		0.246441
128.125		0.247254
128.25		0.247254
128.375		0.247254
128.5		0.247254
128.625		0.247254
128.75		0.247254
128.875		0.247254
129		0.247254
129.125		0.247609
129.25		0.247609
129.375		0.247609
129.5		0.247609
129.625		0.247609
129.75		0.247609
129.875		0.247609
130		0.247609
130.125		0.24955
130.25		0.24955
130.375		0.24955
130.5		0.24955
130.625		0.24955
130.75		0.24955
130.875		0.24955
131		0.24955
131.125		0.25168
131.25		0.25168
131.375		0.25168
131.5		0.25168
131.625		0.25168
131.75		0.25168
131.875		0.25168
132		0.25168
132.125		0.256953
132.25		0.256953
132.375		0.256953
132.5		0.256953
132.625		0.256953
132.75		0.256953
132.875		0.256953
133		0.256953
133.125		0.258263
133.25		0.258263
133.375		0.258263
133.5		0.258263
133.625		0.258263
133.75		0.258263
133.875		0.258263
134		0.258263
134.125		0.259434
134.25		0.259434
134.375		0.259434
134.5		0.259434
134.625		0.259434
134.75		0.259434
134.875		0.259434
135		0.259434
135.125		0.259653
135.25		0.259653
135.375		0.259653
135.5		0.259653
135.625		0.259653
135.75		0.259653
135.875		0.259653
136		0.259653
136.125		0.268246
136.25		0.268246
136.375		0.268246
136.5		0.268246
136.625		0.268246
136.75		0.268246
136.875		0.268246
137		0.268246
137.125		0.269146
137.25		0.269146
137.375		0.269146
137.5		0.269146
137.625		0.269146
137.75		0.269146
137.875		0.269146
138		0.269146
138.125		0.270781
138.25		0.270781
138.375		0.270781
138.5		0.270781
138.625		0.270781
138.75		0.270781
138.875		0.270781
139		0.270781
139.125		0.271093
139.25		0.271093
139.375		0.271093
139.5		0.271093
139.625		0.271093
139.75		0.271093
139.875		0.271093
140		0.271093
140.125		0.275198
140.25		0.275198
140.375		0.275198
140.5		0.275198
140.625		0.275198
140.75		0.275198
140.875		0.275198
141		0.275198
141.125		0.277205
141.25		0.277205
141.375		0.277205
141.5		0.277205
141.625		0.277205
141.75		0.277205
141.875		0.277205
142		0.277205
142.125		0.280334
142.25		0.280334
142.375		0.280334
142.5		0.280334
142.625		0.280334
142.75		0.280334
142.875		0.280334
143		0.280334
143.125		0.280547
143.25		0.280547
143.375		0.280547
143.5		0.280547
143.625		0.280547
143.75		0.280547
143.875		0.280547
144		0.280547
144.125		0.28346
144.25		0.28346
144.375		0.28346
144.5		0.28346
144.625		0.28346
144.75		0.28346
144.875		0.28346
145		0.28346
145.125		0.285613
145.25		0.285613
145.375		0.285613
145.5		0.285613
145.625		0.285613
145.75		0.285613
145.875		0.285613
146		0.285613
146.125		0.287113
146.25		0.287113
146.375		0.287113
146.5		0.287113
146.625		0.287113
146.75		0.287113
146.875		0.287113
147		0.287113
147.125		0.29053
147.25		0.29053
147.375		0.29053
147.5		0.29053
147.625		0.29053
147.75		0.29053
147.875		0.29053
148		0.29053
148.125		0.291506
148.25		0.291506
148.375		0.291506
148.5		0.291506
148.625		0.291506
148.75		0.291506
148.875		0.291506
149		0.291506
149.125		0.294826
149.25		0.294826
149.375		0.294826
149.5		0.294826
149.625		0.294826
149.75		0.294826
149.875		0.294826
150		0.294826
150.125		0.295704
150.25		0.295704
150.375		0.295704
150.5		0.295704
150.625		0.295704
150.75		0.295704
150.875		0.295704
151		0.295704
151.125		0.29724
151.25		0.29724
151.375		0.29724
151.5		0.29724
151.625		0.29724
151.75		0.29724
151.875		0.29724
152		0.29724
152.125		0.299013
152.25		0.299013
152.375		0.299013
152.5		0.299013
152.625		0.299013
152.75		0.299013
152.875		0.299013
153		0.299013
153.125		0.302606
153.25		0.302606
153.375		0.302606
153.5		0.302606
153.625		0.302606
153.75		0.302606
153.875		0.302606
154		0.302606
154.125		0.30451
154.25		0.30451
154.375		0.30451
154.5		0.30451
154.625		0.30451
154.75		0.30451
154.875		0.30451
155		0.30451
155.125		0.305879
155.25		0.305879
155.375		0.305879
155.5		0.305879
155.625		0.305879
155.75		0.305879
155.875		0.305879
156		0.305879
156.125		0.308422
156.25		0.308422
156.375		0.308422
156.5		0.308422
156.625		0.308422
156.75		0.308422
156.875		0.308422
157		0.308422
157.125		0.308762
157.25		0.308762
157.375		0.308762
157.5		0.308762
157.625		0.308762
157.75		0.308762
157.875		0.308762
158		0.308762
158.125		0.313282
158.25		0.313282
158.375		0.313282
158.5		0.313282
158.625		0.313282
158.75		0.313282
158.875		0.313282
159		0.313282
159.125		0.314177
159.25		0.314177
159.375		0.314177
159.5		0.314177
159.625		0.314177
159.75		0.314177
159.875		0.314177
160		0.314177
160.125		0.315935
160.25		0.315935
160.375		0.315935
160.5		0.315935
160.625		0.315935
160.75		0.315935
160.875		0.315935
161		0.315935
161.125		0.318035
161.25		0.318035
161.375		0.318035
161.5		0.318035
161.625		0.318035
161.75		0.318035
161.875		0.318035
162		0.318035
162.125		0.320769
162.25		0.320769
162.375		0.320769
162.5		0.320769
162.625		0.320769
162.75		0.320769
162.875		0.320769
163		0.320769
163.125		0.321363
163.25		0.321363
163.375		0.321363
163.5		0.321363
163.625		0.321363
163.75		0.321363
163.875		0.321363
164		0.321363
164.125		0.324044
164.25		0.324044
164.375		0.324044
164.5		0.324044
164.625		0.324044
164.75		0.324044
164.875		0.324044
165		0.324044
165.125		0.326195
165.25		0.326195
165.375		0.326195
165.5		0.326195
165.625		0.326195
165.75		0.326195
165.875		0.326195
166		0.326195
166.125		0.33083
166.25		0.33083
166.375		0.33083
166.5		0.33083
166.625		0.33083
166.75		0.33083
166.875		0.33083
167		0.33083
167.125		0.330935
167.25		0.330935
167.375		0.330935
167.5		0.330935
167.625		0.330935
167.75		0.330935
167.875		0.330935
168		0.330935
168.125		0.331185
168.25		0.331185
168.375		0.331185
168.5		0.331185
168.625		0.331185
168.75		0.331185
168.875		0.331185
169		0.331185
169.125		0.333336
169.25		0.333336
169.375		0.333336
169.5		0.333336
169.625		0.333336
169.75		0.333336
169.875		0.333336
170		0.333336
170.125		0.338614
170.25		0.338614
170.375		0.338614
170.5		0.338614
170.625		0.338614
170.75		0.338614
170.875		0.338614
171		0.338614
171.125		0.340636
171.25		0.340636
171.375		0.340636
171.5		0.340636
171.625		0.340636
171.75		0.340636
171.875		0.340636
172		0.340636
172.125		0.342342
172.25		0.342342
172.375		0.342342
172.5		0.342342
172.625		0.342342
172.75		0.342342
172.875		0.342342
173		0.342342
173.125		0.344057
173.25		0.344057
173.375		0.344057
173.5		0.344057
173.625		0.344057
173.75		0.344057
173.875		0.344057
174		0.344057
174.125		0.346458
174.25		0.346458
174.375		0.346458
174.5		0.346458
174.625		0.346458
174.75		0.346458
174.875		0.346458
175		0.346458
175.125		0.349201
175.25		0.349201
175.375		0.349201
175.5		0.349201
175.625		0.349201
175.75		0.349201
175.875		0.349201
176		0.349201
176.125		0.352992
176.25		0.352992
176.375		0.352992
176.5		0.352992
176.625		0.352992
176.75		0.352992
176.875		0.352992
177		0.352992
177.125		0.353154
177.25		0.353154
177.375		0.353154
177.5		0.353154
177.625		0.353154
177.75		0.353154
177.875		0.353154
178		0.353154
178.125		0.355112
178.25		0.355112
178.375		0.355112
178.5		0.355112
178.625		0.355112
178.75		0.355112
178.875		0.355112
179		0.355112
179.125		0.358107
179.25		0.358107
179.375		0.358107
179.5		0.358107
179.625		0.358107
179.75		0.358107
179.875		0.358107
180		0.358107
180.125		0.359804
180.25		0.359804
180.375		0.359804
180.5		0.359804
180.625		0.359804
180.75		0.359804
180.875		0.359804
181		0.359804
181.125		0.362371
181.25		0.362371
181.375		0.362371
181.5		0.362371
181.625		0.362371
181.75		0.362371
181.875		0.362371
182		0.362371
182.125		0.364264
182.25		0.364264
182.375		0.364264
182.5		0.364264
182.625		0.364264
182.75		0.364264
182.875		0.364264
183		0.364264
183.125		0.365411
183.25		0.365411
183.375		0.365411
183.5		0.365411
183.625		0.365411
183.75		0.365411
183.875		0.365411
184		0.365411
184.125		0.370517
184.25		0.370517
184.375		0.370517
184.5		0.370517
184.625		0.370517
184.75		0.370517
184.875		0.370517
185		0.370517
185.125		0.371242
185.25		0.371242
185.375		0.371242
185.5		0.371242
185.625		0.371242
185.75		0.371242
185.875		0.371242
186		0.371242
186.125		0.372023
186.25		0.372023
186.375		0.372023
186.5		0.372023
186.625		0.372023
186.75		0.372023
186.875		0.372023
187		0.372023
187.125		0.373909
187.25		0.373909
187.375		0.373909
187.5		0.373909
187.625		0.373909
187.75		0.373909
187.875		0.373909
188		0.373909
188.125		0.377373
188.25		0.377373
188.375		0.377373
188.5		0.377373
188.625		0.377373
188.75		0.377373
188.875		0.377373
189		0.377373
189.125		0.37914
189.25		0.37914
189.375		0.37914
189.5		0.37914
189.625		0.37914
189.75		0.37914
189.875		0.37914
190		0.37914
190.125		0.380287
190.25		0.380287
190.375		0.380287
190.5		0.380287
190.625		0.380287
190.75		0.380287
190.875		0.380287
191		0.380287
191.125		0.382559
191.25		0.382559
191.375		0.382559
191.5		0.382559
191.625		0.382559
191.75		0.382559
191.875		0.382559
192		0.382559
192.125		0.384484
192.25		0.384484
192.375		0.384484
192.5		0.384484
192.625		0.384484
192.75		0.384484
192.875		0.384484
193		0.384484
193.125		0.386326
193.25		0.386326
193.375		0.386326
193.5		0.386326
193.625		0.386326
193.75		0.386326
193.875		0.386326
194		0.386326
194.125		0.389611
194.25		0.389611
194.375		0.389611
194.5		0.389611
194.625		0.389611
194.75		0.389611
194.875		0.389611
195		0.389611
195.125		0.392049
195.25		0.392049
195.375		0.392049
195.5		0.392049
195.625		0.392049
195.75		0.392049
195.875		0.392049
196		0.392049
196.125		0.392767
196.25		0.392767
196.375		0.392767
196.5		0.392767
196.625		0.392767
196.75		0.392767
196.875		0.392767
197		0.392767
197.125		0.394811
197.25		0.394811
197.375		0.394811
197.5		0.394811
197.625		0.394811
197.75		0.394811
197.875		0.394811
198		0.394811
198.125		0.395179
198.25		0.395179
198.375		0.395179
198.5		0.395179
198.625		0.395179
198.75		0.395179
198.875		0.395179
199		0.395179
199.125		0.396905
199.25		0.396905
199.375		0.396905
199.5		0.396905
199.625		0.396905
199.75		0.396905
199.875		0.396905
200		0.396905
200.125		0.397245
200.25		0.397245
200.375		0.397245
200.5		0.397245
200.625		0.397245
200.75		0.397245
200.875		0.397245
201		0.397245
201.125		0.402585
201.25		0.402585
201.375		0.402585
201.5		0.402585
201.625		0.402585
201.75		0.402585
201.875		0.402585
202		0.402585
202.125		0.405294
202.25		0.405294
202.375		0.405294
202.5		0.405294
202.625		0.405294
202.75		0.405294
202.875		0.405294
203		0.405294
203.125		0.407546
203.25		0.407546
203.375		0.407546
203.5		0.407546
203.625		0.407546
203.75		0.407546
203.875		0.407546
204		0.407546
204.125		0.409003
204.25		0.409003
204.375		0.409003
204.5		0.409003
204.625		0.409003
204.75		0.409003
204.875		0.409003
205		0.409003
205.125		0.40953
205.25		0.40953
205.375		0.40953
205.5		0.40953
205.625		0.40953
205.75		0.40953
205.875		0.40953
206		0.40953
206.125		0.414498
206.25		0.414498
206.375		0.414498
206.5		0.414498
206.625		0.414498
206.75		0.414498
206.875		0.414498
207		0.414498
207.125		0.415868
207.25		0.415868
207.375		0.415868
207.5		0.415868
207.625		0.415868
207.75		0.415868
207.875		0.415868
208		0.415868
208.125		0.416271
208.25		0.416271
208.375		0.416271
208.5		0.416271
208.625		0.416271
208.75		0.416271
208.875		0.416271
209		0.416271
209.125		0.418605
209.25		0.418605
209.375		0.418605
209.5		0.418605
209.625		0.418605
209.75		0.418605
209.875		0.418605
210		0.418605
210.125		0.424438
210.25		0.424438
210.375		0.424438
210.5		0.424438
210.625		0.424438
210.75		0.424438
210.875		0.424438
211		0.424438
211.125		0.425578
211.25		0.425578
211.375		0.425578
211.5		0.425578
211.625		0.425578
211.75		0.425578
211.875		0.425578
212		0.425578
212.125		0.426262
212.25		0.426262
212.375		0.426262
212.5		0.426262
212.625		0.426262
212.75		0.426262
212.875		0.426262
213		0.426262
213.125		0.426731
213.25		0.426731
213.375		0.426731
213.5		0.426731
213.625		0.426731
213.75		0.426731
213.875		0.426731
214		0.426731
214.125		0.432345
214.25		0.432345
214.375		0.432345
214.5		0.432345
214.625		0.432345
214.75		0.432345
214.875		0.432345
215		0.432345
215.125		0.433777
215.25		0.433777
215.375		0.433777
215.5		0.433777
215.625		0.433777
215.75		0.433777
215.875		0.433777
216		0.433777
216.125		0.43671
216.25		0.43671
216.375		0.43671
216.5		0.43671
216.625		0.43671
216.75		0.43671
216.875		0.43671
217		0.43671
217.125		0.437667
217.25		0.437667
217.375		0.437667
217.5		0.437667
217.625		0.437667
217.75		0.437667
217.875		0.437667
218		0.437667
218.125		0.442381
218.25		0.442381
218.375		0.442381
218.5		0.442381
218.625		0.442381
218.75		0.442381
218.875		0.442381
219		0.442381
219.125		0.44313
219.25		0.44313
219.375		0.44313
219.5		0.44313
219.625		0.44313
219.75		0.44313
219.875		0.44313
220		0.44313
220.125		0.444258
220.25		0.444258
220.375		0.444258
220.5		0.444258
220.625		0.444258
220.75		0.444258
220.875		0.444258
221		0.444258
221.125		0.446267
221.25		0.446267
221.375		0.446267
221.5		0.446267
221.625		0.446267
221.75		0.446267
221.875		0.446267
222		0.446267
222.125		0.448746
222.25		0.448746
222.375		0.448746
222.5		0.448746
222.625		0.448746
222.75		0.448746
222.875		0.448746
223		0.448746
223.125		0.451555
223.25		0.451555
223.375		0.451555
223.5		0.451555
223.625		0.451555
223.75		0.451555
223.875		0.451555
224		0.451555
224.125		0.454677
224.25		0.454677
224.375		0.454677
224.5		0.454677
224.625		0.454677
224.75		0.454677
224.875		0.454677
225		0.454677
225.125		0.454918
225.25		0.454918
225.375		0.454918
225.5		0.454918
225.625		0.454918
225.75		0.454918
225.875		0.454918
226		0.454918
226.125		0.456485
226.25		0.456485
226.375		0.456485
226.5		0.456485
226.625		0.456485
226.75		0.456485
226.875		0.456485
227		0.456485
227.125		0.461155
227.25		0.461155
227.375		0.461155
227.5		0.461155
227.625		0.461155
227.75		0.461155
227.875		0.461155
228		0.461155
228.125		0.463423
228.25		0.463423
228.375		0.463423
228.5		0.463423
228.625		0.463423
228.75		0.463423
228.875		0.463423
229		0.463423
229.125		0.465179
229.25		0.465179
229.375		0.465179
229.5		0.465179
229.625		0.465179
229.75		0.465179
229.875		0.465179
230		0.465179
230.125		0.465452
230.25		0.465452
230.375		0.465452
230.5		0.465452
230.625		0.465452
230.75		0.465452
230.875		0.465452
231		0.465452
231.125		0.467165
231.25		0.467165
231.375		0.467165
231.5		0.467165
231.625		0.467165
231.75		0.467165
231.875		0.467165
232		0.467165
232.125		0.47121
232.25		0.47121
232.375		0.47121
232.5		0.47121
232.625		0.47121
232.75		0.47121
232.875		0.47121
233		0.47121
233.125		0.47309
233.25		0.47309
233.375		0.47309
233.5		0.47309
233.625		0.47309
233.75		0.47309
233.875		0.47309
234		0.47309
234.125		0.474727
234.25		0.474727
234.375		0.474727
234.5		0.474727
234.625		0.474727
234.75		0.474727
234.875		0.474727
235		0.474727
235.125		0.475917
235.25		0.475917
235.375		0.475917
235.5		0.475917
235.625		0.475917
235.75		0.475917
235.875		0.475917
236		0.475917
236.125		0.479047
236.25		0.479047
236.375		0.479047
236.5		0.479047
236.625		0.479047
236.75		0.479047
236.875		0.479047
237		0.479047
237.125		0.481834
237.25		0.481834
237.375		0.481834
237.5		0.481834
237.625		0.481834
237.75		0.481834
237.875		0.481834
238		0.481834
238.125		0.4832
238.25		0.4832
238.375		0.4832
238.5		0.4832
238.625		0.4832
238.75		0.4832
238.875		0.4832
239		0.4832
239.125		0.483888
239.25		0.483888
239.375		0.483888
239.5		0.483888
239.625		0.483888
239.75		0.483888
239.875		0.483888
240		0.483888
240.125		0.486438
240.25		0.486438
240.375		0.486438
240.5		0.486438
240.625		0.486438
240.75		0.486438
240.875		0.486438
241		0.486438
241.125		0.489966
241.25		0.489966
241.375		0.489966
241.5		0.489966
241.625		0.489966
241.75		0.489966
241.875		0.489966
242		0.489966
242.125		0.490392
242.25		0.490392
242.375		0.490392
242.5		0.490392
242.625		0.490392
242.75		0.490392
242.875		0.490392
243		0.490392
243.125		0.495014
243.25		0.495014
243.375		0.495014
243.5		0.495014
243.625		0.495014
243.75		0.495014
243.875		0.495014
244		0.495014
244.125		0.497492
244.25		0.497492
244.375		0.497492
244.5		0.497492
244.625		0.497492
244.75		0.497492
244.875		0.497492
245		0.497492
245.125		0.49842
245.25		0.49842
245.375		0.49842
245.5		0.49842
245.625		0.49842
245.75		0.49842
245.875		0.49842
246		0.49842
246.125		0.499848
246.25		0.499848
246.375		0.499848
246.5		0.499848
246.625		0.499848
246.75		0.499848
246.875		0.499848
247		0.499848
247.125		0.501165
247.25		0.501165
247.375		0.501165
247.5		0.501165
247.625		0.501165
247.75		0.501165
247.875		0.501165
248		0.501165
248.125		0.504446
248.25		0.504446
248.375		0.504446
248.5		0.504446
248.625		0.504446
248.75		0.504446
248.875		0.504446
249		0.504446
249.125		0.505814
249.25		0.505814
249.375		0.505814
249.5		0.505814
249.625		0.505814
249.75		0.505814
249.875		0.505814
250		0.505814
250.125		0.507525
250.25		0.507525
250.375		0.507525
250.5		0.507525
250.625		0.507525
250.75		0.507525
250.875		0.507525
251		0.507525
251.125		0.512007
251.25		0.512007
251.375		0.512007
251.5		0.512007
251.625		0.512007
251.75		0.512007
251.875		0.512007
252		0.512007
252.125		0.5145
252.25		0.5145
252.375		0.5145
252.5		0.5145
252.625		0.5145
252.75		0.5145
252.875		0.5145
253		0.5145
253.125		0.516613
253.25		0.516613
253.375		0.516613
253.5		0.516613
253.625		0.516613
253.75		0.516613
253.875		0.516613
254		0.516613
254.125		0.518906
254.25		0.518906
254.375		0.518906
254.5		0.518906
254.625		0.518906
254.75		0.518906
254.875		0.518906
255		0.518906
255.125		0.519681
255.25		0.519681
255.375		0.519681
255.5		0.519681
255.625		0.519681
255.75		0.519681
255.875		0.519681
256		0.519681
256.125		0.520385
256.25		0.520385
256.375		0.520385
256.5		0.520385
256.625		0.520385
256.75		0.520385
256.875		0.520385
257		0.520385
257.125		0.52592
257.25		0.52592
257.375		0.52592
257.5		0.52592
257.625		0.52592
257.75		0.52592
257.875		0.52592
258		0.52592
258.125		0.527713
258.25		0.527713
258.375		0.527713
258.5		0.527713
258.625		0.527713
258.75		0.527713
258.875		0.527713
259		0.527713
259.125		0.528954
259.25		0.528954
259.375		0.528954
259.5		0.528954
259.625		0.528954
259.75		0.528954
259.875		0.528954
260		0.528954
260.125		0.531564
260.25		0.531564
260.375		0.531564
260.5		0.531564
260.625		0.531564
260.75		0.531564
260.875		0.531564
261		0.531564
261.125		0.531783
261.25		0.531783
261.375		0.531783
261.5		0.531783
261.625		0.531783
261.75		0.531783
261.875		0.531783
262		0.531783
262.125		0.532603
262.25		0.532603
262.375		0.532603
262.5		0.532603
262.625		0.532603
262.75		0.532603
262.875		0.532603
263		0.532603
263.125		0.539273
263.25		0.539273
263.375		0.539273
263.5		0.539273
263.625		0.539273
263.75		0.539273
263.875		0.539273
264		0.539273
264.125		0.539473
264.25		0.539473
264.375		0.539473
264.5		0.539473
264.625		0.539473
264.75		0.539473
264.875		0.539473
265		0.539473
265.125		0.539748
265.25		0.539748
265.375		0.539748
265.5		0.539748
265.625		0.539748
265.75		0.539748
265.875		0.539748
266		0.539748
266.125		0.543664
266.25		0.543664
266.375		0.543664
266.5		0.543664
266.625		0.543664
266.75		0.543664
266.875		0.543664
267		0.543664
267.125		0.544025
267.25		0.544025
267.375		0.544025
267.5		0.544025
267.625		0.544025
267.75		0.544025
267.875		0.544025
268		0.544025
268.125		0.545282
268.25		0.545282
268.375		0.545282
268.5		0.545282
268.625		0.545282
268.75		0.545282
268.875		0.545282
269		0.545282
269.125		0.550254
269.25		0.550254
269.375		0.550254
269.5		0.550254
269.625		0.550254
269.75		0.550254
269.875		0.550254
270		0.550254
270.125		0.552238
270.25		0.552238
270.375		0.552238
270.5		0.552238
270.625		0.552238
270.75		0.552238
270.875		0.552238
271		0.552238
271.125		0.555002
271.25		0.555002
271.375		0.555002
271.5		0.555002
271.625		0.555002
271.75		0.555002
271.875		0.555002
272		0.555002
272.125		0.558798
272.25		0.558798
272.375		0.558798
272.5		0.558798
272.625		0.558798
272.75		0.558798
272.875		0.558798
273		0.558798
273.125		0.559069
273.25		0.559069
273.375		0.559069
273.5		0.559069
273.625		0.559069
273.75		0.559069
273.875		0.559069
274		0.559069
274.125		0.559376
274.25		0.559376
274.375		0.559376
274.5		0.559376
274.625		0.559376
274.75		0.559376
274.875		0.559376
275		0.559376
275.125		0.563197
275.25		0.563197
275.375		0.563197
275.5		0.563197
275.625		0.563197
275.75		0.563197
275.875		0.563197
276		0.563197
276.125		0.565769
276.25		0.565769
276.375		0.565769
276.5		0.565769
276.625		0.565769
276.75		0.565769
276.875		0.565769
277		0.565769
277.125		0.567935
277.25		0.567935
277.375		0.567935
277.5		0.567935
277.625		0.567935
277.75		0.567935
277.875		0.567935
278		0.567935
278.125		0.56851
278.25		0.56851
278.375		0.56851
278.5		0.56851
278.625		0.56851
278.75		0.56851
278.875		0.56851
279		0.56851
279.125		0.570726
279.25		0.570726
279.375		0.570726
279.5		0.570726
279.625		0.570726
279.75		0.570726
279.875		0.570726
280		0.570726
280.125		0.575425
280.25		0.575425
280.375		0.575425
280.5		0.575425
280.625		0.575425
280.75		0.575425
280.875		0.575425
281		0.575425
281.125		0.577772
281.25		0.577772
281.375		0.577772
281.5		0.577772
281.625		0.577772
281.75		0.577772
281.875		0.577772
282		0.577772
282.125		0.578835
282.25		0.578835
282.375		0.578835
282.5		0.578835
282.625		0.578835
282.75		0.578835
282.875		0.578835
283		0.578835
283.125		0.581201
283.25		0.581201
283.375		0.581201
283.5		0.581201
283.625		0.581201
283.75		0.581201
283.875		0.581201
284		0.581201
284.125		0.586845
284.25		0.586845
284.375		0.586845
284.5		0.586845
284.625		0.586845
284.75		0.586845
284.875		0.586845
285		0.586845
285.125		0.587185
285.25		0.587185
285.375		0.587185
285.5		0.587185
285.625		0.587185
285.75		0.587185
285.875		0.587185
286		0.587185
286.125		0.588355
286.25		0.588355
286.375		0.588355
286.5		0.588355
286.625		0.588355
286.75		0.588355
286.875		0.588355
287		0.588355
287.125		0.59212
287.25		0.59212
287.375		0.59212
287.5		0.59212
287.625		0.59212
287.75		0.59212
287.875		0.59212
288		0.59212
288.125		0.59305
288.25		0.59305
288.375		0.59305
288.5		0.59305
288.625		0.59305
288.75		0.59305
288.875		0.59305
289		0.59305
289.125		0.594134
289.25		0.594134
289.375		0.594134
289.5		0.594134
289.625		0.594134
289.75		0.594134
289.875		0.594134
290		0.594134
290.125		0.597727
290.25		0.597727
290.375		0.597727
290.5		0.597727
290.625		0.597727
290.75		0.597727
290.875		0.597727
291		0.597727
291.125		0.599147
291.25		0.599147
291.375		0.599147
291.5		0.599147
291.625		0.599147
291.75		0.599147
291.875		0.599147
292		0.599147
292.125		0.60246
292.25		0.60246
292.375		0.60246
292.5		0.60246
292.625		0.60246
292.75		0.60246
292.875		0.60246
293		0.60246
293.125		0.602596
293.25		0.602596
293.375		0.602596
293.5		0.602596
293.625		0.602596
293.75		0.602596
293.875		0.602596
294		0.602596
294.125		0.603672
294.25		0.603672
294.375		0.603672
294.5		0.603672
294.625		0.603672
294.75		0.603672
294.875		0.603672
295		0.603672
295.125		0.606617
295.25		0.606617
295.375		0.606617
295.5		0.606617
295.625		0.606617
295.75		0.606617
295.875		0.606617
296		0.606617
296.125		0.610238
296.25		0.610238
296.375		0.610238
296.5		0.610238
296.625		0.610238
296.75		0.610238
296.875		0.610238
297		0.610238
297.125		0.611312
297.25		0.611312
297.375		0.611312
297.5		0.611312
297.625		0.611312
297.75		0.611312
297.875		0.611312
298		0.611312
298.125		0.615083
298.25		0.615083
298.375		0.615083
298.5		0.615083
298.625		0.615083
298.75		0.615083
298.875		0.615083
299		0.615083
299.125		0.616202
299.25		0.616202
299.375		0.616202
299.5		0.616202
299.625		0.616202
299.75		0.616202
299.875		0.616202
300		0.616202
300.125		0.620585
300.25		0.620585
300.375		0.620585
300.5		0.620585
300.625		0.620585
300.75		0.620585
300.875		0.620585
301		0.620585
301.125		0.62117
301.25		0.62117
301.375		0.62117
301.5		0.62117
301.625		0.62117
301.75		0.62117
301.875		0.62117
302		0.62117
302.125		0.621973
302.25		0.621973
302.375		0.621973
302.5		0.621973
302.625		0.621973
302.75		0.621973
302.875		0.621973
303		0.621973
303.125		0.623492
303.25		0.623492
303.375		0.623492
303.5		0.623492
303.625		0.623492
303.75		0.623492
303.875		0.623492
304		0.623492
304.125		0.628784
304.25		0.628784
304.375		0.628784
304.5		0.628784
304.625		0.628784
304.75		0.628784
304.875		0.628784
305		0.628784
305.125		0.630148
305.25		0.630148
305.375		0.630148
305.5		0.630148
305.625		0.630148
305.75		0.630148
305.875		0.630148
306		0.630148
306.125		0.631678
306.25		0.631678
306.375		0.631678
306.5		0.631678
306.625		0.631678
306.75		0.631678
306.875		0.631678
307		0.631678
307.125		0.638737
307.25		0.638737
307.375		0.638737
307.5		0.638737
307.625		0.638737
307.75		0.638737
307.875		0.638737
308		0.638737
308.125		0.63921
308.25		0.63921
308.375		0.63921
308.5		0.63921
308.625		0.63921
308.75		0.63921
308.875		0.63921
309		0.63921
309.125		0.641678
309.25		0.641678
309.375		0.641678
309.5		0.641678
309.625		0.641678
309.75		0.641678
309.875		0.641678
310		0.641678
310.125		0.646754
310.25		0.646754
310.375		0.646754
310.5		0.646754
310.625		0.646754
310.75		0.646754
310.875		0.646754
311		0.646754
311.125		0.647842
311.25		0.647842
311.375		0.647842
311.5		0.647842
311.625		0.647842
311.75		0.647842
311.875		0.647842
312		0.647842
312.125		0.651306
312.25		0.651306
312.375		0.651306
312.5		0.651306
312.625		0.651306
312.75		0.651306
312.875		0.651306
313		0.651306
313.125		0.65176
313.25		0.65176
313.375		0.65176
313.5		0.65176
313.625		0.65176
313.75		0.65176
313.875		0.65176
314		0.65176
314.125		0.655452
314.25		0.655452
314.375		0.655452
314.5		0.655452
314.625		0.655452
314.75		0.655452
314.875		0.655452
315		0.655452
315.125		0.656025
315.25		0.656025
315.375		0.656025
315.5		0.656025
315.625		0.656025
315.75		0.656025
315.875		0.656025
316		0.656025
316.125		0.659734
316.25		0.659734
316.375		0.659734
316.5		0.659734
316.625		0.659734
316.75		0.659734
316.875		0.659734
317		0.659734
317.125		0.66107
317.25		0.66107
317.375		0.66107
317.5		0.66107
317.625		0.66107
317.75		0.66107
317.875		0.66107
318		0.66107
318.125		0.663224
318.25		0.663224
318.375		0.663224
318.5		0.663224
318.625		0.663224
318.75		0.663224
318.875		0.663224
319		0.663224
319.125		0.6665
319.25		0.6665
319.375		0.6665
319.5		0.6665
319.625		0.6665
319.75		0.6665
319.875		0.6665
320		0.6665
320.125		0.667488
320.25		0.667488
320.375		0.667488
320.5		0.667488
320.625		0.667488
320.75		0.667488
320.875		0.667488
321		0.667488
321.125		0.668394
321.25		0.668394
321.375		0.668394
321.5		0.668394
321.625		0.668394
321.75		0.668394
321.875		0.668394
322		0.668394
322.125		0.674868
322.25		0.674868
322.375		0.674868
322.5		0.674868
322.625		0.674868
322.75		0.674868
322.875		0.674868
323		0.674868
323.125		0.67516
323.25		0.67516
323.375		0.67516
323.5		0.67516
323.625		0.67516
323.75		0.67516
323.875		0.67516
324		0.67516
324.125		0.675595
324.25		0.675595
324.375		0.675595
324.5		0.675595
324.625		0.675595
324.75		0.675595
324.875		0.675595
325		0.675595
325.125		0.676677
325.25		0.676677
325.375		0.676677
325.5		0.676677
325.625		0.676677
325.75		0.676677
325.875		0.676677
326		0.676677
326.125		0.679599
326.25		0.679599
326.375		0.679599
326.5		0.679599
326.625		0.679599
326.75		0.679599
326.875		0.679599
327		0.679599
327.125		0.683925
327.25		0.683925
327.375		0.683925
327.5		0.683925
327.625		0.683925
327.75		0.683925
327.875		0.683925
328		0.683925
328.125		0.685388
328.25		0.685388
328.375		0.685388
328.5		0.685388
328.625		0.685388
328.75		0.685388
328.875		0.685388
329		0.685388
329.125		0.686484
329.25		0.686484
329.375		0.686484
329.5		0.686484
329.625		0.686484
329.75		0.686484
329.875		0.686484
330		0.686484
330.125		0.688235
330.25		0.688235
330.375		0.688235
330.5		0.688235
330.625		0.688235
330.75		0.688235
330.875		0.688235
331		0.688235
331.125		0.69104
331.25		0.69104
331.375		0.69104
331.5		0.69104
331.625		0.69104
331.75		0.69104
331.875		0.69104
332		0.69104
332.125		0.691994
332.25		0.691994
332.375		0.691994
332.5		0.691994
332.625		0.691994
332.75		0.691994
332.875		0.691994
333		0.691994
333.125		0.695587
333.25		0.695587
333.375		0.695587
333.5		0.695587
333.625		0.695587
333.75		0.695587
333.875		0.695587
334		0.695587
334.125		0.696251
334.25		0.696251
334.375		0.696251
334.5		0.696251
334.625		0.696251
334.75		0.696251
334.875		0.696251
335		0.696251
335.125		0.698874
335.25		0.698874
335.375		0.698874
335.5		0.698874
335.625		0.698874
335.75		0.698874
335.875		0.698874
336		0.698874
336.125		0.7041
336.25		0.7041
336.375		0.7041
336.5		0.7041
336.625		0.7041
336.75		0.7041
336.875		0.7041
337		0.7041
337.125		0.704608
337.25		0.704608
337.375		0.704608
337.5		0.704608
337.625		0.704608
337.75		0.704608
337.875		0.704608
338		0.704608
338.125		0.706417
338.25		0.706417
338.375		0.706417
338.5		0.706417
338.625		0.706417
338.75		0.706417
338.875		0.706417
339		0.706417
339.125		0.707848
339.25		0.707848
339.375		0.707848
339.5		0.707848
339.625		0.707848
339.75		0.707848
339.875		0.707848
340		0.707848
340.125		0.710651
340.25		0.710651
340.375		0.710651
340.5		0.710651
340.625		0.710651
340.75		0.710651
340.875		0.710651
341		0.710651
341.125		0.716097
341.25		0.716097
341.375		0.716097
341.5		0.716097
341.625		0.716097
341.75		0.716097
341.875		0.716097
342		0.716097
342.125		0.71654
342.25		0.71654
342.375		0.71654
342.5		0.71654
342.625		0.71654
342.75		0.71654
342.875		0.71654
343		0.71654
343.125		0.718827
343.25		0.718827
343.375		0.718827
343.5		0.718827
343.625		0.718827
343.75		0.718827
343.875		0.718827
344		0.718827
344.125		0.72304
344.25		0.72304
344.375		0.72304
344.5		0.72304
344.625		0.72304
344.75		0.72304
344.875		0.72304
345		0.72304
345.125		0.726857
345.25		0.726857
345.375		0.726857
345.5		0.726857
345.625		0.726857
345.75		0.726857
345.875		0.726857
346		0.726857
346.125		0.727012
346.25		0.727012
346.375		0.727012
346.5		0.727012
346.625		0.727012
346.75		0.727012
346.875		0.727012
347		0.727012
347.125		0.727593
347.25		0.727593
347.375		0.727593
347.5		0.727593
347.625		0.727593
347.75		0.727593
347.875		0.727593
348		0.727593
348.125		0.730346
348.25		0.730346
348.375		0.730346
348.5		0.730346
348.625		0.730346
348.75		0.730346
348.875		0.730346
349		0.730346
349.125		0.734798
349.25		0.734798
349.375		0.734798
349.5		0.734798
349.625		0.734798
349.75		0.734798
349.875		0.734798
350		0.734798
350.125		0.737894
350.25		0.737894
350.375		0.737894
350.5		0.737894
350.625		0.737894
350.75		0.737894
350.875		0.737894
351		0.737894
351.125		0.739125
351.25		0.739125
351.375		0.739125
351.5		0.739125
351.625		0.739125
351.75		0.739125
351.875		0.739125
352		0.739125
352.125		0.739647
352.25		0.739647
352.375		0.739647
352.5		0.739647
352.625		0.739647
352.75		0.739647
352.875		0.739647
353		0.739647
353.125		0.740213
353.25		0.740213
353.375		0.740213
353.5		0.740213
353.625		0.740213
353.75		0.740213
353.875		0.740213
354		0.740213
354.125		0.741689
354.25		0.741689
354.375		0.741689
354.5		0.741689
354.625		0.741689
354.75		0.741689
354.875		0.741689
355		0.741689
355.125		0.743215
355.25		0.743215
355.375		0.743215
355.5		0.743215
355.625		0.743215
355.75		0.743215
355.875		0.743215
356		0.743215
356.125		0.747961
356.25		0.747961
356.375		0.747961
356.5		0.747961
356.625		0.747961
356.75		0.747961
356.875		0.747961
357		0.747961
357.125		0.750183
357.25		0.750183
357.375		0.750183
357.5		0.750183
357.625		0.750183
357.75		0.750183
357.875		0.750183
358		0.750183
358.125		0.751029
358.25		0.751029
358.375		0.751029
358.5		0.751029
358.625		0.751029
358.75		0.751029
358.875		0.751029
359		0.751029
359.125		0.751451
359.25		0.751451
359.375		0.751451
359.5		0.751451
359.625		0.751451
359.75		0.751451
359.875		0.751451
360		0.751451
360.125		0.756728
360.25		0.756728
360.375		0.756728
360.5		0.756728
360.625		0.756728
360.75		0.756728
360.875		0.756728
361		0.756728
361.125		0.758665
361.25		0.758665
361.375		0.758665
361.5		0.758665
361.625		0.758665
361.75		0.758665
361.875		0.758665
362		0.758665
362.125		0.760171
362.25		0.760171
362.375		0.760171
362.5		0.760171
362.625		0.760171
362.75		0.760171
362.875		0.760171
363		0.760171
363.125		0.760605
363.25		0.760605
363.375		0.760605
363.5		0.760605
363.625		0.760605
363.75		0.760605
363.875		0.760605
364		0.760605
364.125		0.766741
364.25		0.766741
364.375		0.766741
364.5		0.766741
364.625		0.766741
364.75		0.766741
364.875		0.766741
365		0.766741
365.125		0.767094
365.25		0.767094
365.375		0.767094
365.5		0.767094
365.625		0.767094
365.75		0.767094
365.875		0.767094
366		0.767094
366.125		0.767602
366.25		0.767602
366.375		0.767602
366.5		0.767602
366.625		0.767602
366.75		0.767602
366.875		0.767602
367		0.767602
367.125		0.76808
367.25		0.76808
367.375		0.76808
367.5		0.76808
367.625		0.76808
367.75		0.76808
367.875		0.76808
368		0.76808
368.125		0.771724
368.25		0.771724
368.375		0.771724
368.5		0.771724
368.625		0.771724
368.75		0.771724
368.875		0.771724
369		0.771724
369.125		0.776664
369.25		0.776664
369.375		0.776664
369.5		0.776664
369.625		0.776664
369.75		0.776664
369.875		0.776664
370		0.776664
370.125		0.777695
370.25		0.777695
370.375		0.777695
370.5		0.777695
370.625		0.777695
370.75		0.777695
370.875		0.777695
371		0.777695
371.125		0.779958
371.25		0.779958
371.375		0.779958
371.5		0.779958
371.625		0.779958
371.75		0.779958
371.875		0.779958
372		0.779958
372.125		0.785606
372.25		0.785606
372.375		0.785606
372.5		0.785606
372.625		0.785606
372.75		0.785606
372.875		0.785606
373		0.785606
373.125		0.785739
373.25		0.785739
373.375		0.785739
373.5		0.785739
373.625		0.785739
373.75		0.785739
373.875		0.785739
374		0.785739
374.125		0.786484
374.25		0.786484
374.375		0.786484
374.5		0.786484
374.625		0.786484
374.75		0.786484
374.875		0.786484
375		0.786484
375.125		0.792056
375.25		0.792056
375.375		0.792056
375.5		0.792056
375.625		0.792056
375.75		0.792056
375.875		0.792056
376		0.792056
376.125		0.796333
376.25		0.796333
376.375		0.796333
376.5		0.796333
376.625		0.796333
376.75		0.796333
376.875		0.796333
377		0.796333
377.125		0.797792
377.25		0.797792
377.375		0.797792
377.5		0.797792
377.625		0.797792
377.75		0.797792
377.875		0.797792
378		0.797792
378.125		0.797979
378.25		0.797979
378.375		0.797979
378.5		0.797979
378.625		0.797979
378.75		0.797979
378.875		0.797979
379		0.797979
379.125		0.799449
379.25		0.799449
379.375		0.799449
379.5		0.799449
379.625		0.799449
379.75		0.799449
379.875		0.799449
380		0.799449
380.125		0.804856
380.25		0.804856
380.375		0.804856
380.5		0.804856
380.625		0.804856
380.75		0.804856
380.875		0.804856
381		0.804856
381.125		0.805473
381.25		0.805473
381.375		0.805473
381.5		0.805473
381.625		0.805473
381.75		0.805473
381.875		0.805473
382		0.805473
382.125		0.807089
382.25		0.807089
382.375		0.807089
382.5		0.807089
382.625		0.807089
382.75		0.807089
382.875		0.807089
383		0.807089
383.125		0.809273
383.25		0.809273
383.375		0.809273
383.5		0.809273
383.625		0.809273
383.75		0.809273
383.875		0.809273
384		0.809273
384.125		0.8108
384.25		0.8108
384.375		0.8108
384.5		0.8108
384.625		0.8108
384.75		0.8108
384.875		0.8108
385		0.8108
385.125		0.814012
385.25		0.814012
385.375		0.814012
385.5		0.814012
385.625		0.814012
385.75		0.814012
385.875		0.814012
386		0.814012
386.125		0.814931
386.25		0.814931
386.375		0.814931
386.5		0.814931
386.625		0.814931
386.75		0.814931
386.875		0.814931
387		0.814931
387.125		0.815026
387.25		0.815026
387.375		0.815026
387.5		0.815026
387.625		0.815026
387.75		0.815026
387.875		0.815026
388		0.815026
388.125		0.818255
388.25		0.818255
388.375		0.818255
388.5		0.818255
388.625		0.818255
388.75		0.818255
388.875		0.818255
389		0.818255
389.125		0.822033
389.25		0.822033
389.375		0.822033
389.5		0.822033
389.625		0.822033
389.75		0.822033
389.875		0.822033
390		0.822033
390.125		0.824602
390.25		0.824602
390.375		0.824602
390.5		0.824602
390.625		0.824602
390.75		0.824602
390.875		0.824602
391		0.824602
391.125		0.827268
391.25		0.827268
391.375		0.827268
391.5		0.827268
391.625		0.827268
391.75		0.827268
391.875		0.827268
392		0.827268
392.125		0.827765
392.25		0.827765
392.375		0.827765
392.5		0.827765
392.625		0.827765
392.75		0.827765
392.875		0.827765
393		0.827765
393.125		0.83042
393.25		0.83042
393.375		0.83042
393.5		0.83042
393.625		0.83042
393.75		0.83042
393.875		0.83042
394		0.83042
394.125		0.83321
394.25		0.83321
394.375		0.83321
394.5		0.83321
394.625		0.83321
394.75		0.83321
394.875		0.83321
395		0.83321
395.125		0.835405
395.25		0.835405
395.375		0.835405
395.5		0.835405
395.625		0.835405
395.75		0.835405
395.875		0.835405
396		0.835405
396.125		0.836007
396.25		0.836007
396.375		0.836007
396.5		0.836007
396.625		0.836007
396.75		0.836007
396.875		0.836007
397		0.836007
397.125		0.836786
397.25		0.836786
397.375		0.836786
397.5		0.836786
397.625		0.836786
397.75		0.836786
397.875		0.836786
398		0.836786
398.125		0.842903
398.25		0.842903
398.375		0.842903
398.5		0.842903
398.625		0.842903
398.75		0.842903
398.875		0.842903
399		0.842903
399.125		0.843559
399.25		0.843559
399.375		0.843559
399.5		0.843559
399.625		0.843559
399.75		0.843559
399.875		0.843559
400		0.843559
400.125		0.845878
400.25		0.845878
400.375		0.845878
400.5		0.845878
400.625		0.845878
400.75		0.845878
400.875		0.845878
401		0.845878
401.125		0.846143
401.25		0.846143
401.375		0.846143
401.5		0.846143
401.625		0.846143
401.75		0.846143
401.875		0.846143
402		0.846143
402.125		0.849897
402.25		0.849897
402.375		0.849897
402.5		0.849897
402.625		0.849897
402.75		0.849897
402.875		0.849897
403		0.849897
403.125		0.852802
403.25		0.852802
403.375		0.852802
403.5		0.852802
403.625		0.852802
403.75		0.852802
403.875		0.852802
404		0.852802
404.125		0.853232
404.25		0.853232
404.375		0.853232
404.5		0.853232
404.625		0.853232
404.75		0.853232
404.875		0.853232
405		0.853232
405.125		0.855913
405.25		0.855913
405.375		0.855913
405.5		0.855913
405.625		0.855913
405.75		0.855913
405.875		0.855913
406		0.855913
406.125		0.857609
406.25		0.857609
406.375		0.857609
406.5		0.857609
406.625		0.857609
406.75		0.857609
406.875		0.857609
407		0.857609
407.125		0.860365
407.25		0.860365
407.375		0.860365
407.5		0.860365
407.625		0.860365
407.75		0.860365
407.875		0.860365
408		0.860365
408.125		0.863316
408.25		0.863316
408.375		0.863316
408.5		0.863316
408.625		0.863316
408.75		0.863316
408.875		0.863316
409		0.863316
409.125		0.864816
409.25		0.864816
409.375		0.864816
409.5		0.864816
409.625		0.864816
409.75		0.864816
409.875		0.864816
410		0.864816
410.125		0.866901
410.25		0.866901
410.375		0.866901
410.5		0.866901
410.625		0.866901
410.75		0.866901
410.875		0.866901
411		0.866901
411.125		0.869407
411.25		0.869407
411.375		0.869407
411.5		0.869407
411.625		0.869407
411.75		0.869407
411.875		0.869407
412		0.869407
412.125		0.870584
412.25		0.870584
412.375		0.870584
412.5		0.870584
412.625		0.870584
412.75		0.870584
412.875		0.870584
413		0.870584
413.125		0.874199
413.25		0.874199
413.375		0.874199
413.5		0.874199
413.625		0.874199
413.75		0.874199
413.875		0.874199
414		0.874199
414.125		0.875464
414.25		0.875464
414.375		0.875464
414.5		0.875464
414.625		0.875464
414.75		0.875464
414.875		0.875464
415		0.875464
415.125		0.877263
415.25		0.877263
415.375		0.877263
415.5		0.877263
415.625		0.877263
415.75		0.877263
415.875		0.877263
416		0.877263
416.125		0.879726
416.25		0.879726
416.375		0.879726
416.5		0.879726
416.625		0.879726
416.75		0.879726
416.875		0.879726
417		0.879726
417.125		0.88069
417.25		0.88069
417.375		0.88069
417.5		0.88069
417.625		0.88069
417.75		0.88069
417.875		0.88069
418		0.88069
418.125		0.882521
418.25		0.882521
418.375		0.882521
418.5		0.882521
418.625		0.882521
418.75		0.882521
418.875		0.882521
419		0.882521
419.125		0.886172
419.25		0.886172
419.375		0.886172
419.5		0.886172
419.625		0.886172
419.75		0.886172
419.875		0.886172
420		0.886172
420.125		0.888498
420.25		0.888498
420.375		0.888498
420.5		0.888498
420.625		0.888498
420.75		0.888498
420.875		0.888498
421		0.888498
421.125		0.890337
421.25		0.890337
421.375		0.890337
421.5		0.890337
421.625		0.890337
421.75		0.890337
421.875		0.890337
422		0.890337
422.125		0.890531
422.25		0.890531
422.375		0.890531
422.5		0.890531
422.625		0.890531
422.75		0.890531
422.875		0.890531
423		0.890531
423.125		0.890933
423.25		0.890933
423.375		0.890933
423.5		0.890933
423.625		0.890933
423.75		0.890933
423.875		0.890933
424		0.890933
424.125		0.897526
424.25		0.897526
424.375		0.897526
424.5		0.897526
424.625		0.897526
424.75		0.897526
424.875		0.897526
425		0.897526
425.125		0.898223
425.25		0.898223
425.375		0.898223
425.5		0.898223
425.625		0.898223
425.75		0.898223
425.875		0.898223
426		0.898223
426.125		0.900301
426.25		0.900301
426.375		0.900301
426.5		0.900301
426.625		0.900301
426.75		0.900301
426.875		0.900301
427		0.900301
427.125		0.900858
427.25		0.900858
427.375		0.900858
427.5		0.900858
427.625		0.900858
427.75		0.900858
427.875		0.900858
428		0.900858
428.125		0.905742
428.25		0.905742
428.375		0.905742
428.5		0.905742
428.625		0.905742
428.75		0.905742
428.875		0.905742
429		0.905742
429.125		0.906248
429.25		0.906248
429.375		0.906248
429.5		0.906248
429.625		0.906248
429.75		0.906248
429.875		0.906248
430		0.906248
430.125		0.909081
430.25		0.909081
430.375		0.909081
430.5		0.909081
430.625		0.909081
430.75		0.909081
430.875		0.909081
431		0.909081
431.125		0.909886
431.25		0.909886
431.375		0.909886
431.5		0.909886
431.625		0.909886
431.75		0.909886
431.875		0.909886
432		0.909886
432.125		0.915123
432.25		0.915123
432.375		0.915123
432.5		0.915123
432.625		0.915123
432.75		0.915123
432.875		0.915123
433		0.915123
433.125		0.91622
433.25		0.91622
433.375		0.91622
433.5		0.91622
433.625		0.91622
433.75		0.91622
433.875		0.91622
434		0.91622
434.125		0.9165
434.25		0.9165
434.375		0.9165
434.5		0.9165
434.625		0.9165
434.75		0.9165
434.875		0.9165
435		0.9165
435.125		0.91909
435.25		0.91909
435.375		0.91909
435.5		0.91909
435.625		0.91909
435.75		0.91909
435.875		0.91909
436		0.91909
436.125		0.922085
436.25		0.922085
436.375		0.922085
436.5		0.922085
436.625		0.922085
436.75		0.922085
436.875		0.922085
437		0.922085
437.125		0.924873
437.25		0.924873
437.375		0.924873
437.5		0.924873
437.625		0.924873
437.75		0.924873
437.875		0.924873
438		0.924873
438.125		0.926838
438.25		0.926838
438.375		0.926838
438.5		0.926838
438.625		0.926838
438.75		0.926838
438.875		0.926838
439		0.926838
439.125		0.927266
439.25		0.927266
439.375		0.927266
439.5		0.927266
439.625		0.927266
439.75		0.927266
439.875		0.927266
440		0.927266
440.125		0.927726
440.25		0.927726
440.375		0.927726
440.5		0.927726
440.625		0.927726
440.75		0.927726
440.875		0.927726
441		0.927726
441.125		0.931864
441.25		0.931864
441.375		0.931864
441.5		0.931864
441.625		0.931864
441.75		0.931864
441.875		0.931864
442		0.931864
442.125		0.935186
442.25		0.935186
442.375		0.935186
442.5		0.935186
442.625		0.935186
442.75		0.935186
442.875		0.935186
443		0.935186
443.125		0.93579
443.25		0.93579
443.375		0.93579
443.5		0.93579
443.625		0.93579
443.75		0.93579
443.875		0.93579
444		0.93579
444.125		0.936569
444.25		0.936569
444.375		0.936569
444.5		0.936569
444.625		0.936569
444.75		0.936569
444.875		0.936569
445		0.936569
445.125		0.937559
445.25		0.937559
445.375		0.937559
445.5		0.937559
445.625		0.937559
445.75		0.937559
445.875		0.937559
446		0.937559
446.125		0.943979
446.25		0.943979
446.375		0.943979
446.5		0.943979
446.625		0.943979
446.75		0.943979
446.875		0.943979
447		0.943979
447.125		0.944545
447.25		0.944545
447.375		0.944545
447.5		0.944545
447.625		0.944545
447.75		0.944545
447.875		0.944545
448		0.944545
448.125		0.947355
448.25		0.947355
448.375		0.947355
448.5		0.947355
448.625		0.947355
448.75		0.947355
448.875		0.947355
449		0.947355
449.125		0.948945
449.25		0.948945
449.375		0.948945
449.5		0.948945
449.625		0.948945
449.75		0.948945
449.875		0.948945
450		0.948945
450.125		0.952959
450.25		0.952959
450.375		0.952959
450.5		0.952959
450.625		0.952959
450.75		0.952959
450.875		0.952959
451		0.952959
451.125		0.954829
451.25		0.954829
451.375		0.954829
451.5		0.954829
451.625		0.954829
451.75		0.954829
451.875		0.954829
452		0.954829
452.125		0.95552
452.25		0.95552
452.375		0.95552
452.5		0.95552
452.625		0.95552
452.75		0.95552
452.875		0.95552
453		0.95552
453.125		0.956217
453.25		0.956217
453.375		0.956217
453.5		0.956217
453.625		0.956217
453.75		0.956217
453.875		0.956217
454		0.956217
454.125		0.961096
454.25		0.961096
454.375		0.961096
454.5		0.961096
454.625		0.961096
454.75		0.961096
454.875		0.961096
455		0.961096
455.125		0.961456
455.25		0.961456
455.375		0.961456
455.5		0.961456
455.625		0.961456
455.75		0.961456
455.875		0.961456
456		0.961456
456.125		0.964124
456.25		0.964124
456.375		0.964124
456.5		0.964124
456.625		0.964124
456.75		0.964124
456.875		0.964124
457		0.964124
457.125		0.965632
457.25		0.965632
457.375		0.965632
457.5		0.965632
457.625		0.965632
457.75		0.965632
457.875		0.965632
458		0.965632
458.125		0.967766
458.25		0.967766
458.375		0.967766
458.5		0.967766
458.625		0.967766
458.75		0.967766
458.875		0.967766
459		0.967766
459.125		0.970879
459.25		0.970879
459.375		0.970879
459.5		0.970879
459.625		0.970879
459.75		0.970879
459.875		0.970879
460		0.970879
460.125		0.972235
460.25		0.972235
460.375		0.972235
460.5		0.972235
460.625		0.972235
460.75		0.972235
460.875		0.972235
461		0.972235
461.125		0.973085
461.25		0.973085
461.375		0.973085
461.5		0.973085
461.625		0.973085
461.75		0.973085
461.875		0.973085
462		0.973085
462.125		0.976148
462.25		0.976148
462.375		0.976148
462.5		0.976148
462.625		0.976148
462.75		0.976148
462.875		0.976148
463		0.976148
463.125		0.979012
463.25		0.979012
463.375		0.979012
463.5		0.979012
463.625		0.979012
463.75		0.979012
463.875		0.979012
464		0.979012
464.125		0.980286
464.25		0.980286
464.375		0.980286
464.5		0.980286
464.625		0.980286
464.75		0.980286
464.875		0.980286
465		0.980286
465.125		0.981742
465.25		0.981742
465.375		0.981742
465.5		0.981742
465.625		0.981742
465.75		0.981742
465.875		0.981742
466		0.981742
466.125		0.983803
466.25		0.983803
466.375		0.983803
466.5		0.983803
466.625		0.983803
466.75		0.983803
466.875		0.983803
467		0.983803
467.125		0.986297
467.25		0.986297
467.375		0.986297
467.5		0.986297
467.625		0.986297
467.75		0.986297
467.875		0.986297
468		0.986297
468.125		0.988902
468.25		0.988902
468.375		0.988902
468.5		0.988902
468.625		0.988902
468.75		0.988902
468.875		0.988902
469		0.988902
469.125		0.990731
469.25		0.990731
469.375		0.990731
469.5		0.990731
469.625		0.990731
469.75		0.990731
469.875		0.990731
470		0.990731
470.125		0.991631
470.25		0.991631
470.375		0.991631
470.5		0.991631
470.625		0.991631
470.75		0.991631
470.875		0.991631
471		0.991631
471.125		0.994686
471.25		0.994686
471.375		0.994686
471.5		0.994686
471.625		0.994686
471.75		0.994686
471.875		0.994686
472		0.994686
472.125		0.997648
472.25		0.997648
472.375		0.997648
472.5		0.997648
472.625		0.997648
472.75		0.997648
472.875		0.997648
473		0.997648
473.125		0.999998
473.25		0.999998
473.375		0.999998
473.5		0.999998
473.625		0.999998
473.75		0.999998
473.875		0.999998
474		0.999998
474.125		0.999998
474.25		0.999998
474.375		0.999998
474.5		0.999998
474.625		0.999998
474.75		0.999998
474.875		0.999998
475		0.999998
475.125		1
475.25		1
475.375		1
475.5		1
475.625		1
475.75		1
475.875		1
476		1
476.125		1
476.25		1
476.375		1
476.5		1
476.625		1
476.75		1
476.875		1
477		1
477.125		1
477.25		1
477.375		1
477.5		1
477.625		1
477.75		1
477.875		1
478		1
478.125		1
478.25		1
478.375		1
478.5		1
478.625		1
478.75		1
478.875		1
479		1
479.125		1
479.25		1
479.375		1
479.5		1
479.625		1
479.75		1
479.875		1
480		1
480.125		1
480.25		1
480.375		1
480.5		1
480.625		1
480.75		1
480.875		1
481		1
481.125		1
481.25		1
481.375		1
481.5		1
481.625		1
481.75		1
481.875		1
482		1
482.125		1
482.25		1
482.375		1
482.5		1
482.625		1
482.75		1
482.875		1
483		1
483.125		1
483.25		1
483.375		1
483.5		1
483.625		1
483.75		1
483.875		1
484		1
484.125		1
484.25		1
484.375		1
484.5		1
484.625		1
484.75		1
484.875		1
485		1
485.125		1
485.25		1
485.375		1
485.5		1
485.625		1
485.75		1
485.875		1
486		1
486.125		1
486.25		1
486.375		1
486.5		1
486.625		1
486.75		1
486.875		1
487		1
487.125		1
487.25		1
487.375		1
487.5		1
487.625		1
487.75		1
487.875		1
488		1
488.125		1
488.25		1
488.375		1
488.5		1
488.625		1
488.75		1
488.875		1
489		1
489.125		1
489.25		1
489.375		1
489.5		1
489.625		1
489.75		1
489.875		1
490		1
490.125		1
490.25		1
490.375		1
490.5		1
490.625		1
490.75		1
490.875		1
491		1
491.125		1
491.25		1
491.375		1
491.5		1
491.625		1
491.75		1
491.875		1
492		1
492.125		1
492.25		1
492.375		1
492.5		1
492.625		1
492.75		1
492.875		1
493		1
493.125		1
493.25		1
493.375		1
493.5		1
493.625		1
493.75		1
493.875		1
494		1
494.125		1
494.25		1
494.375		1
494.5		1
494.625		1
494.75		1
494.875		1
495		1
495.125		1
495.25		1
495.375		1
495.5		1
495.625		1
495.75		1
495.875		1
496		1
496.125		1
496.25		1
496.375		1
496.5		1
496.625		1
496.75		1
496.875		1
497		1
497.125		1
497.25		1
497.375		1
497.5		1
497.625		1
497.75		1
497.875		1
498		1
498.125		1
498.25		1
498.375		1
498.5		1
498.625		1
498.75		1
498.875		1
499		1
499.125		1
499.25		1
499.375		1
499.5		1
499.625		1
499.75		1
499.875		1
500		1
