# Calibration file of tamex_id 1 @ channel 10
# fine_T bin		 Calibration value
0.125		0
0.25		0
0.375		0
0.5		0
0.625		0
0.75		0
0.875		0
1		0
1.125		0
1.25		0
1.375		0
1.5		0
1.625		0
1.75		0
1.875		0
2		0
2.125		0
2.25		0
2.375		0
2.5		0
2.625		0
2.75		0
2.875		0
3		0
3.125		0
3.25		0
3.375		0
3.5		0
3.625		0
3.75		0
3.875		0
4		0
4.125		0
4.25		0
4.375		0
4.5		0
4.625		0
4.75		0
4.875		0
5		0
5.125		0
5.25		0
5.375		0
5.5		0
5.625		0
5.75		0
5.875		0
6		0
6.125		0
6.25		0
6.375		0
6.5		0
6.625		0
6.75		0
6.875		0
7		0
7.125		0
7.25		0
7.375		0
7.5		0
7.625		0
7.75		0
7.875		0
8		0
8.125		0
8.25		0
8.375		0
8.5		0
8.625		0
8.75		0
8.875		0
9		0
9.125		0
9.25		0
9.375		0
9.5		0
9.625		0
9.75		0
9.875		0
10		0
10.125		0
10.25		0
10.375		0
10.5		0
10.625		0
10.75		0
10.875		0
11		0
11.125		0
11.25		0
11.375		0
11.5		0
11.625		0
11.75		0
11.875		0
12		0
12.125		0
12.25		0
12.375		0
12.5		0
12.625		0
12.75		0
12.875		0
13		0
13.125		0
13.25		0
13.375		0
13.5		0
13.625		0
13.75		0
13.875		0
14		0
14.125		0
14.25		0
14.375		0
14.5		0
14.625		0
14.75		0
14.875		0
15		0
15.125		0
15.25		0
15.375		0
15.5		0
15.625		0
15.75		0
15.875		0
16		0
16.125		0.00120409
16.25		0.00120409
16.375		0.00120409
16.5		0.00120409
16.625		0.00120409
16.75		0.00120409
16.875		0.00120409
17		0.00120409
17.125		0.00637403
17.25		0.00637403
17.375		0.00637403
17.5		0.00637403
17.625		0.00637403
17.75		0.00637403
17.875		0.00637403
18		0.00637403
18.125		0.0100506
18.25		0.0100506
18.375		0.0100506
18.5		0.0100506
18.625		0.0100506
18.75		0.0100506
18.875		0.0100506
19		0.0100506
19.125		0.0112324
19.25		0.0112324
19.375		0.0112324
19.5		0.0112324
19.625		0.0112324
19.75		0.0112324
19.875		0.0112324
20		0.0112324
20.125		0.0165408
20.25		0.0165408
20.375		0.0165408
20.5		0.0165408
20.625		0.0165408
20.75		0.0165408
20.875		0.0165408
21		0.0165408
21.125		0.0170996
21.25		0.0170996
21.375		0.0170996
21.5		0.0170996
21.625		0.0170996
21.75		0.0170996
21.875		0.0170996
22		0.0170996
22.125		0.0180367
22.25		0.0180367
22.375		0.0180367
22.5		0.0180367
22.625		0.0180367
22.75		0.0180367
22.875		0.0180367
23		0.0180367
23.125		0.0219456
23.25		0.0219456
23.375		0.0219456
23.5		0.0219456
23.625		0.0219456
23.75		0.0219456
23.875		0.0219456
24		0.0219456
24.125		0.023031
24.25		0.023031
24.375		0.023031
24.5		0.023031
24.625		0.023031
24.75		0.023031
24.875		0.023031
25		0.023031
25.125		0.0258472
25.25		0.0258472
25.375		0.0258472
25.5		0.0258472
25.625		0.0258472
25.75		0.0258472
25.875		0.0258472
26		0.0258472
26.125		0.0293556
26.25		0.0293556
26.375		0.0293556
26.5		0.0293556
26.625		0.0293556
26.75		0.0293556
26.875		0.0293556
27		0.0293556
27.125		0.0295312
27.25		0.0295312
27.375		0.0295312
27.5		0.0295312
27.625		0.0295312
27.75		0.0295312
27.875		0.0295312
28		0.0295312
28.125		0.0313534
28.25		0.0313534
28.375		0.0313534
28.5		0.0313534
28.625		0.0313534
28.75		0.0313534
28.875		0.0313534
29		0.0313534
29.125		0.0362464
29.25		0.0362464
29.375		0.0362464
29.5		0.0362464
29.625		0.0362464
29.75		0.0362464
29.875		0.0362464
30		0.0362464
30.125		0.0400045
30.25		0.0400045
30.375		0.0400045
30.5		0.0400045
30.625		0.0400045
30.75		0.0400045
30.875		0.0400045
31		0.0400045
31.125		0.0401677
31.25		0.0401677
31.375		0.0401677
31.5		0.0401677
31.625		0.0401677
31.75		0.0401677
31.875		0.0401677
32		0.0401677
32.125		0.0403334
32.25		0.0403334
32.375		0.0403334
32.5		0.0403334
32.625		0.0403334
32.75		0.0403334
32.875		0.0403334
33		0.0403334
33.125		0.0416883
33.25		0.0416883
33.375		0.0416883
33.5		0.0416883
33.625		0.0416883
33.75		0.0416883
33.875		0.0416883
34		0.0416883
34.125		0.0461709
34.25		0.0461709
34.375		0.0461709
34.5		0.0461709
34.625		0.0461709
34.75		0.0461709
34.875		0.0461709
35		0.0461709
35.125		0.0463588
35.25		0.0463588
35.375		0.0463588
35.5		0.0463588
35.625		0.0463588
35.75		0.0463588
35.875		0.0463588
36		0.0463588
36.125		0.0501516
36.25		0.0501516
36.375		0.0501516
36.5		0.0501516
36.625		0.0501516
36.75		0.0501516
36.875		0.0501516
37		0.0501516
37.125		0.0519936
37.25		0.0519936
37.375		0.0519936
37.5		0.0519936
37.625		0.0519936
37.75		0.0519936
37.875		0.0519936
38		0.0519936
38.125		0.0558284
38.25		0.0558284
38.375		0.0558284
38.5		0.0558284
38.625		0.0558284
38.75		0.0558284
38.875		0.0558284
39		0.0558284
39.125		0.0566072
39.25		0.0566072
39.375		0.0566072
39.5		0.0566072
39.625		0.0566072
39.75		0.0566072
39.875		0.0566072
40		0.0566072
40.125		0.0568396
40.25		0.0568396
40.375		0.0568396
40.5		0.0568396
40.625		0.0568396
40.75		0.0568396
40.875		0.0568396
41		0.0568396
41.125		0.0597447
41.25		0.0597447
41.375		0.0597447
41.5		0.0597447
41.625		0.0597447
41.75		0.0597447
41.875		0.0597447
42		0.0597447
42.125		0.0622864
42.25		0.0622864
42.375		0.0622864
42.5		0.0622864
42.625		0.0622864
42.75		0.0622864
42.875		0.0622864
43		0.0622864
43.125		0.065152
43.25		0.065152
43.375		0.065152
43.5		0.065152
43.625		0.065152
43.75		0.065152
43.875		0.065152
44		0.065152
44.125		0.066057
44.25		0.066057
44.375		0.066057
44.5		0.066057
44.625		0.066057
44.75		0.066057
44.875		0.066057
45		0.066057
45.125		0.0676196
45.25		0.0676196
45.375		0.0676196
45.5		0.0676196
45.625		0.0676196
45.75		0.0676196
45.875		0.0676196
46		0.0676196
46.125		0.072201
46.25		0.072201
46.375		0.072201
46.5		0.072201
46.625		0.072201
46.75		0.072201
46.875		0.072201
47		0.072201
47.125		0.0749776
47.25		0.0749776
47.375		0.0749776
47.5		0.0749776
47.625		0.0749776
47.75		0.0749776
47.875		0.0749776
48		0.0749776
48.125		0.0759988
48.25		0.0759988
48.375		0.0759988
48.5		0.0759988
48.625		0.0759988
48.75		0.0759988
48.875		0.0759988
49		0.0759988
49.125		0.0785627
49.25		0.0785627
49.375		0.0785627
49.5		0.0785627
49.625		0.0785627
49.75		0.0785627
49.875		0.0785627
50		0.0785627
50.125		0.0797371
50.25		0.0797371
50.375		0.0797371
50.5		0.0797371
50.625		0.0797371
50.75		0.0797371
50.875		0.0797371
51		0.0797371
51.125		0.08172
51.25		0.08172
51.375		0.08172
51.5		0.08172
51.625		0.08172
51.75		0.08172
51.875		0.08172
52		0.08172
52.125		0.0819302
52.25		0.0819302
52.375		0.0819302
52.5		0.0819302
52.625		0.0819302
52.75		0.0819302
52.875		0.0819302
53		0.0819302
53.125		0.0881633
53.25		0.0881633
53.375		0.0881633
53.5		0.0881633
53.625		0.0881633
53.75		0.0881633
53.875		0.0881633
54		0.0881633
54.125		0.0885317
54.25		0.0885317
54.375		0.0885317
54.5		0.0885317
54.625		0.0885317
54.75		0.0885317
54.875		0.0885317
55		0.0885317
55.125		0.0904578
55.25		0.0904578
55.375		0.0904578
55.5		0.0904578
55.625		0.0904578
55.75		0.0904578
55.875		0.0904578
56		0.0904578
56.125		0.0940676
56.25		0.0940676
56.375		0.0940676
56.5		0.0940676
56.625		0.0940676
56.75		0.0940676
56.875		0.0940676
57		0.0940676
57.125		0.0943024
57.25		0.0943024
57.375		0.0943024
57.5		0.0943024
57.625		0.0943024
57.75		0.0943024
57.875		0.0943024
58		0.0943024
58.125		0.0948761
58.25		0.0948761
58.375		0.0948761
58.5		0.0948761
58.625		0.0948761
58.75		0.0948761
58.875		0.0948761
59		0.0948761
59.125		0.0999644
59.25		0.0999644
59.375		0.0999644
59.5		0.0999644
59.625		0.0999644
59.75		0.0999644
59.875		0.0999644
60		0.0999644
60.125		0.1019
60.25		0.1019
60.375		0.1019
60.5		0.1019
60.625		0.1019
60.75		0.1019
60.875		0.1019
61		0.1019
61.125		0.103594
61.25		0.103594
61.375		0.103594
61.5		0.103594
61.625		0.103594
61.75		0.103594
61.875		0.103594
62		0.103594
62.125		0.106465
62.25		0.106465
62.375		0.106465
62.5		0.106465
62.625		0.106465
62.75		0.106465
62.875		0.106465
63		0.106465
63.125		0.107421
63.25		0.107421
63.375		0.107421
63.5		0.107421
63.625		0.107421
63.75		0.107421
63.875		0.107421
64		0.107421
64.125		0.111968
64.25		0.111968
64.375		0.111968
64.5		0.111968
64.625		0.111968
64.75		0.111968
64.875		0.111968
65		0.111968
65.125		0.11318
65.25		0.11318
65.375		0.11318
65.5		0.11318
65.625		0.11318
65.75		0.11318
65.875		0.11318
66		0.11318
66.125		0.113511
66.25		0.113511
66.375		0.113511
66.5		0.113511
66.625		0.113511
66.75		0.113511
66.875		0.113511
67		0.113511
67.125		0.11449
67.25		0.11449
67.375		0.11449
67.5		0.11449
67.625		0.11449
67.75		0.11449
67.875		0.11449
68		0.11449
68.125		0.117952
68.25		0.117952
68.375		0.117952
68.5		0.117952
68.625		0.117952
68.75		0.117952
68.875		0.117952
69		0.117952
69.125		0.11946
69.25		0.11946
69.375		0.11946
69.5		0.11946
69.625		0.11946
69.75		0.11946
69.875		0.11946
70		0.11946
70.125		0.123344
70.25		0.123344
70.375		0.123344
70.5		0.123344
70.625		0.123344
70.75		0.123344
70.875		0.123344
71		0.123344
71.125		0.123984
71.25		0.123984
71.375		0.123984
71.5		0.123984
71.625		0.123984
71.75		0.123984
71.875		0.123984
72		0.123984
72.125		0.128366
72.25		0.128366
72.375		0.128366
72.5		0.128366
72.625		0.128366
72.75		0.128366
72.875		0.128366
73		0.128366
73.125		0.12908
73.25		0.12908
73.375		0.12908
73.5		0.12908
73.625		0.12908
73.75		0.12908
73.875		0.12908
74		0.12908
74.125		0.131033
74.25		0.131033
74.375		0.131033
74.5		0.131033
74.625		0.131033
74.75		0.131033
74.875		0.131033
75		0.131033
75.125		0.1338
75.25		0.1338
75.375		0.1338
75.5		0.1338
75.625		0.1338
75.75		0.1338
75.875		0.1338
76		0.1338
76.125		0.136775
76.25		0.136775
76.375		0.136775
76.5		0.136775
76.625		0.136775
76.75		0.136775
76.875		0.136775
77		0.136775
77.125		0.138824
77.25		0.138824
77.375		0.138824
77.5		0.138824
77.625		0.138824
77.75		0.138824
77.875		0.138824
78		0.138824
78.125		0.142051
78.25		0.142051
78.375		0.142051
78.5		0.142051
78.625		0.142051
78.75		0.142051
78.875		0.142051
79		0.142051
79.125		0.144382
79.25		0.144382
79.375		0.144382
79.5		0.144382
79.625		0.144382
79.75		0.144382
79.875		0.144382
80		0.144382
80.125		0.145233
80.25		0.145233
80.375		0.145233
80.5		0.145233
80.625		0.145233
80.75		0.145233
80.875		0.145233
81		0.145233
81.125		0.147468
81.25		0.147468
81.375		0.147468
81.5		0.147468
81.625		0.147468
81.75		0.147468
81.875		0.147468
82		0.147468
82.125		0.15134
82.25		0.15134
82.375		0.15134
82.5		0.15134
82.625		0.15134
82.75		0.15134
82.875		0.15134
83		0.15134
83.125		0.153167
83.25		0.153167
83.375		0.153167
83.5		0.153167
83.625		0.153167
83.75		0.153167
83.875		0.153167
84		0.153167
84.125		0.155375
84.25		0.155375
84.375		0.155375
84.5		0.155375
84.625		0.155375
84.75		0.155375
84.875		0.155375
85		0.155375
85.125		0.15785
85.25		0.15785
85.375		0.15785
85.5		0.15785
85.625		0.15785
85.75		0.15785
85.875		0.15785
86		0.15785
86.125		0.159904
86.25		0.159904
86.375		0.159904
86.5		0.159904
86.625		0.159904
86.75		0.159904
86.875		0.159904
87		0.159904
87.125		0.162365
87.25		0.162365
87.375		0.162365
87.5		0.162365
87.625		0.162365
87.75		0.162365
87.875		0.162365
88		0.162365
88.125		0.164585
88.25		0.164585
88.375		0.164585
88.5		0.164585
88.625		0.164585
88.75		0.164585
88.875		0.164585
89		0.164585
89.125		0.167305
89.25		0.167305
89.375		0.167305
89.5		0.167305
89.625		0.167305
89.75		0.167305
89.875		0.167305
90		0.167305
90.125		0.168734
90.25		0.168734
90.375		0.168734
90.5		0.168734
90.625		0.168734
90.75		0.168734
90.875		0.168734
91		0.168734
91.125		0.172467
91.25		0.172467
91.375		0.172467
91.5		0.172467
91.625		0.172467
91.75		0.172467
91.875		0.172467
92		0.172467
92.125		0.172719
92.25		0.172719
92.375		0.172719
92.5		0.172719
92.625		0.172719
92.75		0.172719
92.875		0.172719
93		0.172719
93.125		0.174183
93.25		0.174183
93.375		0.174183
93.5		0.174183
93.625		0.174183
93.75		0.174183
93.875		0.174183
94		0.174183
94.125		0.17851
94.25		0.17851
94.375		0.17851
94.5		0.17851
94.625		0.17851
94.75		0.17851
94.875		0.17851
95		0.17851
95.125		0.180789
95.25		0.180789
95.375		0.180789
95.5		0.180789
95.625		0.180789
95.75		0.180789
95.875		0.180789
96		0.180789
96.125		0.18093
96.25		0.18093
96.375		0.18093
96.5		0.18093
96.625		0.18093
96.75		0.18093
96.875		0.18093
97		0.18093
97.125		0.184913
97.25		0.184913
97.375		0.184913
97.5		0.184913
97.625		0.184913
97.75		0.184913
97.875		0.184913
98		0.184913
98.125		0.186605
98.25		0.186605
98.375		0.186605
98.5		0.186605
98.625		0.186605
98.75		0.186605
98.875		0.186605
99		0.186605
99.125		0.188118
99.25		0.188118
99.375		0.188118
99.5		0.188118
99.625		0.188118
99.75		0.188118
99.875		0.188118
100		0.188118
100.125		0.18946
100.25		0.18946
100.375		0.18946
100.5		0.18946
100.625		0.18946
100.75		0.18946
100.875		0.18946
101		0.18946
101.125		0.192539
101.25		0.192539
101.375		0.192539
101.5		0.192539
101.625		0.192539
101.75		0.192539
101.875		0.192539
102		0.192539
102.125		0.19488
102.25		0.19488
102.375		0.19488
102.5		0.19488
102.625		0.19488
102.75		0.19488
102.875		0.19488
103		0.19488
103.125		0.198571
103.25		0.198571
103.375		0.198571
103.5		0.198571
103.625		0.198571
103.75		0.198571
103.875		0.198571
104		0.198571
104.125		0.20027
104.25		0.20027
104.375		0.20027
104.5		0.20027
104.625		0.20027
104.75		0.20027
104.875		0.20027
105		0.20027
105.125		0.201091
105.25		0.201091
105.375		0.201091
105.5		0.201091
105.625		0.201091
105.75		0.201091
105.875		0.201091
106		0.201091
106.125		0.202829
106.25		0.202829
106.375		0.202829
106.5		0.202829
106.625		0.202829
106.75		0.202829
106.875		0.202829
107		0.202829
107.125		0.204884
107.25		0.204884
107.375		0.204884
107.5		0.204884
107.625		0.204884
107.75		0.204884
107.875		0.204884
108		0.204884
108.125		0.208639
108.25		0.208639
108.375		0.208639
108.5		0.208639
108.625		0.208639
108.75		0.208639
108.875		0.208639
109		0.208639
109.125		0.209814
109.25		0.209814
109.375		0.209814
109.5		0.209814
109.625		0.209814
109.75		0.209814
109.875		0.209814
110		0.209814
110.125		0.211997
110.25		0.211997
110.375		0.211997
110.5		0.211997
110.625		0.211997
110.75		0.211997
110.875		0.211997
111		0.211997
111.125		0.21398
111.25		0.21398
111.375		0.21398
111.5		0.21398
111.625		0.21398
111.75		0.21398
111.875		0.21398
112		0.21398
112.125		0.218156
112.25		0.218156
112.375		0.218156
112.5		0.218156
112.625		0.218156
112.75		0.218156
112.875		0.218156
113		0.218156
113.125		0.218497
113.25		0.218497
113.375		0.218497
113.5		0.218497
113.625		0.218497
113.75		0.218497
113.875		0.218497
114		0.218497
114.125		0.218952
114.25		0.218952
114.375		0.218952
114.5		0.218952
114.625		0.218952
114.75		0.218952
114.875		0.218952
115		0.218952
115.125		0.22116
115.25		0.22116
115.375		0.22116
115.5		0.22116
115.625		0.22116
115.75		0.22116
115.875		0.22116
116		0.22116
116.125		0.227047
116.25		0.227047
116.375		0.227047
116.5		0.227047
116.625		0.227047
116.75		0.227047
116.875		0.227047
117		0.227047
117.125		0.229415
117.25		0.229415
117.375		0.229415
117.5		0.229415
117.625		0.229415
117.75		0.229415
117.875		0.229415
118		0.229415
118.125		0.230244
118.25		0.230244
118.375		0.230244
118.5		0.230244
118.625		0.230244
118.75		0.230244
118.875		0.230244
119		0.230244
119.125		0.231198
119.25		0.231198
119.375		0.231198
119.5		0.231198
119.625		0.231198
119.75		0.231198
119.875		0.231198
120		0.231198
120.125		0.23617
120.25		0.23617
120.375		0.23617
120.5		0.23617
120.625		0.23617
120.75		0.23617
120.875		0.23617
121		0.23617
121.125		0.236521
121.25		0.236521
121.375		0.236521
121.5		0.236521
121.625		0.236521
121.75		0.236521
121.875		0.236521
122		0.236521
122.125		0.236984
122.25		0.236984
122.375		0.236984
122.5		0.236984
122.625		0.236984
122.75		0.236984
122.875		0.236984
123		0.236984
123.125		0.239028
123.25		0.239028
123.375		0.239028
123.5		0.239028
123.625		0.239028
123.75		0.239028
123.875		0.239028
124		0.239028
124.125		0.245657
124.25		0.245657
124.375		0.245657
124.5		0.245657
124.625		0.245657
124.75		0.245657
124.875		0.245657
125		0.245657
125.125		0.247692
125.25		0.247692
125.375		0.247692
125.5		0.247692
125.625		0.247692
125.75		0.247692
125.875		0.247692
126		0.247692
126.125		0.247942
126.25		0.247942
126.375		0.247942
126.5		0.247942
126.625		0.247942
126.75		0.247942
126.875		0.247942
127		0.247942
127.125		0.249781
127.25		0.249781
127.375		0.249781
127.5		0.249781
127.625		0.249781
127.75		0.249781
127.875		0.249781
128		0.249781
128.125		0.252592
128.25		0.252592
128.375		0.252592
128.5		0.252592
128.625		0.252592
128.75		0.252592
128.875		0.252592
129		0.252592
129.125		0.253792
129.25		0.253792
129.375		0.253792
129.5		0.253792
129.625		0.253792
129.75		0.253792
129.875		0.253792
130		0.253792
130.125		0.255493
130.25		0.255493
130.375		0.255493
130.5		0.255493
130.625		0.255493
130.75		0.255493
130.875		0.255493
131		0.255493
131.125		0.259753
131.25		0.259753
131.375		0.259753
131.5		0.259753
131.625		0.259753
131.75		0.259753
131.875		0.259753
132		0.259753
132.125		0.260438
132.25		0.260438
132.375		0.260438
132.5		0.260438
132.625		0.260438
132.75		0.260438
132.875		0.260438
133		0.260438
133.125		0.264784
133.25		0.264784
133.375		0.264784
133.5		0.264784
133.625		0.264784
133.75		0.264784
133.875		0.264784
134		0.264784
134.125		0.265046
134.25		0.265046
134.375		0.265046
134.5		0.265046
134.625		0.265046
134.75		0.265046
134.875		0.265046
135		0.265046
135.125		0.268478
135.25		0.268478
135.375		0.268478
135.5		0.268478
135.625		0.268478
135.75		0.268478
135.875		0.268478
136		0.268478
136.125		0.268705
136.25		0.268705
136.375		0.268705
136.5		0.268705
136.625		0.268705
136.75		0.268705
136.875		0.268705
137		0.268705
137.125		0.270048
137.25		0.270048
137.375		0.270048
137.5		0.270048
137.625		0.270048
137.75		0.270048
137.875		0.270048
138		0.270048
138.125		0.274118
138.25		0.274118
138.375		0.274118
138.5		0.274118
138.625		0.274118
138.75		0.274118
138.875		0.274118
139		0.274118
139.125		0.275705
139.25		0.275705
139.375		0.275705
139.5		0.275705
139.625		0.275705
139.75		0.275705
139.875		0.275705
140		0.275705
140.125		0.277431
140.25		0.277431
140.375		0.277431
140.5		0.277431
140.625		0.277431
140.75		0.277431
140.875		0.277431
141		0.277431
141.125		0.28134
141.25		0.28134
141.375		0.28134
141.5		0.28134
141.625		0.28134
141.75		0.28134
141.875		0.28134
142		0.28134
142.125		0.283419
142.25		0.283419
142.375		0.283419
142.5		0.283419
142.625		0.283419
142.75		0.283419
142.875		0.283419
143		0.283419
143.125		0.283773
143.25		0.283773
143.375		0.283773
143.5		0.283773
143.625		0.283773
143.75		0.283773
143.875		0.283773
144		0.283773
144.125		0.285963
144.25		0.285963
144.375		0.285963
144.5		0.285963
144.625		0.285963
144.75		0.285963
144.875		0.285963
145		0.285963
145.125		0.287897
145.25		0.287897
145.375		0.287897
145.5		0.287897
145.625		0.287897
145.75		0.287897
145.875		0.287897
146		0.287897
146.125		0.291432
146.25		0.291432
146.375		0.291432
146.5		0.291432
146.625		0.291432
146.75		0.291432
146.875		0.291432
147		0.291432
147.125		0.292498
147.25		0.292498
147.375		0.292498
147.5		0.292498
147.625		0.292498
147.75		0.292498
147.875		0.292498
148		0.292498
148.125		0.295153
148.25		0.295153
148.375		0.295153
148.5		0.295153
148.625		0.295153
148.75		0.295153
148.875		0.295153
149		0.295153
149.125		0.297124
149.25		0.297124
149.375		0.297124
149.5		0.297124
149.625		0.297124
149.75		0.297124
149.875		0.297124
150		0.297124
150.125		0.299087
150.25		0.299087
150.375		0.299087
150.5		0.299087
150.625		0.299087
150.75		0.299087
150.875		0.299087
151		0.299087
151.125		0.302808
151.25		0.302808
151.375		0.302808
151.5		0.302808
151.625		0.302808
151.75		0.302808
151.875		0.302808
152		0.302808
152.125		0.304012
152.25		0.304012
152.375		0.304012
152.5		0.304012
152.625		0.304012
152.75		0.304012
152.875		0.304012
153		0.304012
153.125		0.306777
153.25		0.306777
153.375		0.306777
153.5		0.306777
153.625		0.306777
153.75		0.306777
153.875		0.306777
154		0.306777
154.125		0.30713
154.25		0.30713
154.375		0.30713
154.5		0.30713
154.625		0.30713
154.75		0.30713
154.875		0.30713
155		0.30713
155.125		0.310334
155.25		0.310334
155.375		0.310334
155.5		0.310334
155.625		0.310334
155.75		0.310334
155.875		0.310334
156		0.310334
156.125		0.311346
156.25		0.311346
156.375		0.311346
156.5		0.311346
156.625		0.311346
156.75		0.311346
156.875		0.311346
157		0.311346
157.125		0.314889
157.25		0.314889
157.375		0.314889
157.5		0.314889
157.625		0.314889
157.75		0.314889
157.875		0.314889
158		0.314889
158.125		0.316718
158.25		0.316718
158.375		0.316718
158.5		0.316718
158.625		0.316718
158.75		0.316718
158.875		0.316718
159		0.316718
159.125		0.319982
159.25		0.319982
159.375		0.319982
159.5		0.319982
159.625		0.319982
159.75		0.319982
159.875		0.319982
160		0.319982
160.125		0.323374
160.25		0.323374
160.375		0.323374
160.5		0.323374
160.625		0.323374
160.75		0.323374
160.875		0.323374
161		0.323374
161.125		0.324183
161.25		0.324183
161.375		0.324183
161.5		0.324183
161.625		0.324183
161.75		0.324183
161.875		0.324183
162		0.324183
162.125		0.32467
162.25		0.32467
162.375		0.32467
162.5		0.32467
162.625		0.32467
162.75		0.32467
162.875		0.32467
163		0.32467
163.125		0.32643
163.25		0.32643
163.375		0.32643
163.5		0.32643
163.625		0.32643
163.75		0.32643
163.875		0.32643
164		0.32643
164.125		0.332693
164.25		0.332693
164.375		0.332693
164.5		0.332693
164.625		0.332693
164.75		0.332693
164.875		0.332693
165		0.332693
165.125		0.334362
165.25		0.334362
165.375		0.334362
165.5		0.334362
165.625		0.334362
165.75		0.334362
165.875		0.334362
166		0.334362
166.125		0.335
166.25		0.335
166.375		0.335
166.5		0.335
166.625		0.335
166.75		0.335
166.875		0.335
167		0.335
167.125		0.336006
167.25		0.336006
167.375		0.336006
167.5		0.336006
167.625		0.336006
167.75		0.336006
167.875		0.336006
168		0.336006
168.125		0.342481
168.25		0.342481
168.375		0.342481
168.5		0.342481
168.625		0.342481
168.75		0.342481
168.875		0.342481
169		0.342481
169.125		0.342608
169.25		0.342608
169.375		0.342608
169.5		0.342608
169.625		0.342608
169.75		0.342608
169.875		0.342608
170		0.342608
170.125		0.342956
170.25		0.342956
170.375		0.342956
170.5		0.342956
170.625		0.342956
170.75		0.342956
170.875		0.342956
171		0.342956
171.125		0.346492
171.25		0.346492
171.375		0.346492
171.5		0.346492
171.625		0.346492
171.75		0.346492
171.875		0.346492
172		0.346492
172.125		0.353093
172.25		0.353093
172.375		0.353093
172.5		0.353093
172.625		0.353093
172.75		0.353093
172.875		0.353093
173		0.353093
173.125		0.353353
173.25		0.353353
173.375		0.353353
173.5		0.353353
173.625		0.353353
173.75		0.353353
173.875		0.353353
174		0.353353
174.125		0.354997
174.25		0.354997
174.375		0.354997
174.5		0.354997
174.625		0.354997
174.75		0.354997
174.875		0.354997
175		0.354997
175.125		0.356058
175.25		0.356058
175.375		0.356058
175.5		0.356058
175.625		0.356058
175.75		0.356058
175.875		0.356058
176		0.356058
176.125		0.361218
176.25		0.361218
176.375		0.361218
176.5		0.361218
176.625		0.361218
176.75		0.361218
176.875		0.361218
177		0.361218
177.125		0.363342
177.25		0.363342
177.375		0.363342
177.5		0.363342
177.625		0.363342
177.75		0.363342
177.875		0.363342
178		0.363342
178.125		0.363549
178.25		0.363549
178.375		0.363549
178.5		0.363549
178.625		0.363549
178.75		0.363549
178.875		0.363549
179		0.363549
179.125		0.363804
179.25		0.363804
179.375		0.363804
179.5		0.363804
179.625		0.363804
179.75		0.363804
179.875		0.363804
180		0.363804
180.125		0.368509
180.25		0.368509
180.375		0.368509
180.5		0.368509
180.625		0.368509
180.75		0.368509
180.875		0.368509
181		0.368509
181.125		0.371662
181.25		0.371662
181.375		0.371662
181.5		0.371662
181.625		0.371662
181.75		0.371662
181.875		0.371662
182		0.371662
182.125		0.373041
182.25		0.373041
182.375		0.373041
182.5		0.373041
182.625		0.373041
182.75		0.373041
182.875		0.373041
183		0.373041
183.125		0.374614
183.25		0.374614
183.375		0.374614
183.5		0.374614
183.625		0.374614
183.75		0.374614
183.875		0.374614
184		0.374614
184.125		0.375575
184.25		0.375575
184.375		0.375575
184.5		0.375575
184.625		0.375575
184.75		0.375575
184.875		0.375575
185		0.375575
185.125		0.381445
185.25		0.381445
185.375		0.381445
185.5		0.381445
185.625		0.381445
185.75		0.381445
185.875		0.381445
186		0.381445
186.125		0.382004
186.25		0.382004
186.375		0.382004
186.5		0.382004
186.625		0.382004
186.75		0.382004
186.875		0.382004
187		0.382004
187.125		0.383235
187.25		0.383235
187.375		0.383235
187.5		0.383235
187.625		0.383235
187.75		0.383235
187.875		0.383235
188		0.383235
188.125		0.383421
188.25		0.383421
188.375		0.383421
188.5		0.383421
188.625		0.383421
188.75		0.383421
188.875		0.383421
189		0.383421
189.125		0.385745
189.25		0.385745
189.375		0.385745
189.5		0.385745
189.625		0.385745
189.75		0.385745
189.875		0.385745
190		0.385745
190.125		0.389006
190.25		0.389006
190.375		0.389006
190.5		0.389006
190.625		0.389006
190.75		0.389006
190.875		0.389006
191		0.389006
191.125		0.391352
191.25		0.391352
191.375		0.391352
191.5		0.391352
191.625		0.391352
191.75		0.391352
191.875		0.391352
192		0.391352
192.125		0.393484
192.25		0.393484
192.375		0.393484
192.5		0.393484
192.625		0.393484
192.75		0.393484
192.875		0.393484
193		0.393484
193.125		0.396547
193.25		0.396547
193.375		0.396547
193.5		0.396547
193.625		0.396547
193.75		0.396547
193.875		0.396547
194		0.396547
194.125		0.400748
194.25		0.400748
194.375		0.400748
194.5		0.400748
194.625		0.400748
194.75		0.400748
194.875		0.400748
195		0.400748
195.125		0.401227
195.25		0.401227
195.375		0.401227
195.5		0.401227
195.625		0.401227
195.75		0.401227
195.875		0.401227
196		0.401227
196.125		0.402337
196.25		0.402337
196.375		0.402337
196.5		0.402337
196.625		0.402337
196.75		0.402337
196.875		0.402337
197		0.402337
197.125		0.404721
197.25		0.404721
197.375		0.404721
197.5		0.404721
197.625		0.404721
197.75		0.404721
197.875		0.404721
198		0.404721
198.125		0.411458
198.25		0.411458
198.375		0.411458
198.5		0.411458
198.625		0.411458
198.75		0.411458
198.875		0.411458
199		0.411458
199.125		0.41181
199.25		0.41181
199.375		0.41181
199.5		0.41181
199.625		0.41181
199.75		0.41181
199.875		0.41181
200		0.41181
200.125		0.413088
200.25		0.413088
200.375		0.413088
200.5		0.413088
200.625		0.413088
200.75		0.413088
200.875		0.413088
201		0.413088
201.125		0.414255
201.25		0.414255
201.375		0.414255
201.5		0.414255
201.625		0.414255
201.75		0.414255
201.875		0.414255
202		0.414255
202.125		0.419576
202.25		0.419576
202.375		0.419576
202.5		0.419576
202.625		0.419576
202.75		0.419576
202.875		0.419576
203		0.419576
203.125		0.420194
203.25		0.420194
203.375		0.420194
203.5		0.420194
203.625		0.420194
203.75		0.420194
203.875		0.420194
204		0.420194
204.125		0.422992
204.25		0.422992
204.375		0.422992
204.5		0.422992
204.625		0.422992
204.75		0.422992
204.875		0.422992
205		0.422992
205.125		0.423714
205.25		0.423714
205.375		0.423714
205.5		0.423714
205.625		0.423714
205.75		0.423714
205.875		0.423714
206		0.423714
206.125		0.427052
206.25		0.427052
206.375		0.427052
206.5		0.427052
206.625		0.427052
206.75		0.427052
206.875		0.427052
207		0.427052
207.125		0.430222
207.25		0.430222
207.375		0.430222
207.5		0.430222
207.625		0.430222
207.75		0.430222
207.875		0.430222
208		0.430222
208.125		0.430576
208.25		0.430576
208.375		0.430576
208.5		0.430576
208.625		0.430576
208.75		0.430576
208.875		0.430576
209		0.430576
209.125		0.433899
209.25		0.433899
209.375		0.433899
209.5		0.433899
209.625		0.433899
209.75		0.433899
209.875		0.433899
210		0.433899
210.125		0.435592
210.25		0.435592
210.375		0.435592
210.5		0.435592
210.625		0.435592
210.75		0.435592
210.875		0.435592
211		0.435592
211.125		0.438549
211.25		0.438549
211.375		0.438549
211.5		0.438549
211.625		0.438549
211.75		0.438549
211.875		0.438549
212		0.438549
212.125		0.438935
212.25		0.438935
212.375		0.438935
212.5		0.438935
212.625		0.438935
212.75		0.438935
212.875		0.438935
213		0.438935
213.125		0.440344
213.25		0.440344
213.375		0.440344
213.5		0.440344
213.625		0.440344
213.75		0.440344
213.875		0.440344
214		0.440344
214.125		0.443037
214.25		0.443037
214.375		0.443037
214.5		0.443037
214.625		0.443037
214.75		0.443037
214.875		0.443037
215		0.443037
215.125		0.447141
215.25		0.447141
215.375		0.447141
215.5		0.447141
215.625		0.447141
215.75		0.447141
215.875		0.447141
216		0.447141
216.125		0.450392
216.25		0.450392
216.375		0.450392
216.5		0.450392
216.625		0.450392
216.75		0.450392
216.875		0.450392
217		0.450392
217.125		0.450726
217.25		0.450726
217.375		0.450726
217.5		0.450726
217.625		0.450726
217.75		0.450726
217.875		0.450726
218		0.450726
218.125		0.452605
218.25		0.452605
218.375		0.452605
218.5		0.452605
218.625		0.452605
218.75		0.452605
218.875		0.452605
219		0.452605
219.125		0.454962
219.25		0.454962
219.375		0.454962
219.5		0.454962
219.625		0.454962
219.75		0.454962
219.875		0.454962
220		0.454962
220.125		0.458371
220.25		0.458371
220.375		0.458371
220.5		0.458371
220.625		0.458371
220.75		0.458371
220.875		0.458371
221		0.458371
221.125		0.461269
221.25		0.461269
221.375		0.461269
221.5		0.461269
221.625		0.461269
221.75		0.461269
221.875		0.461269
222		0.461269
222.125		0.462448
222.25		0.462448
222.375		0.462448
222.5		0.462448
222.625		0.462448
222.75		0.462448
222.875		0.462448
223		0.462448
223.125		0.46322
223.25		0.46322
223.375		0.46322
223.5		0.46322
223.625		0.46322
223.75		0.46322
223.875		0.46322
224		0.46322
224.125		0.466733
224.25		0.466733
224.375		0.466733
224.5		0.466733
224.625		0.466733
224.75		0.466733
224.875		0.466733
225		0.466733
225.125		0.469406
225.25		0.469406
225.375		0.469406
225.5		0.469406
225.625		0.469406
225.75		0.469406
225.875		0.469406
226		0.469406
226.125		0.470049
226.25		0.470049
226.375		0.470049
226.5		0.470049
226.625		0.470049
226.75		0.470049
226.875		0.470049
227		0.470049
227.125		0.471455
227.25		0.471455
227.375		0.471455
227.5		0.471455
227.625		0.471455
227.75		0.471455
227.875		0.471455
228		0.471455
228.125		0.475733
228.25		0.475733
228.375		0.475733
228.5		0.475733
228.625		0.475733
228.75		0.475733
228.875		0.475733
229		0.475733
229.125		0.478598
229.25		0.478598
229.375		0.478598
229.5		0.478598
229.625		0.478598
229.75		0.478598
229.875		0.478598
230		0.478598
230.125		0.479506
230.25		0.479506
230.375		0.479506
230.5		0.479506
230.625		0.479506
230.75		0.479506
230.875		0.479506
231		0.479506
231.125		0.482806
231.25		0.482806
231.375		0.482806
231.5		0.482806
231.625		0.482806
231.75		0.482806
231.875		0.482806
232		0.482806
232.125		0.484176
232.25		0.484176
232.375		0.484176
232.5		0.484176
232.625		0.484176
232.75		0.484176
232.875		0.484176
233		0.484176
233.125		0.485954
233.25		0.485954
233.375		0.485954
233.5		0.485954
233.625		0.485954
233.75		0.485954
233.875		0.485954
234		0.485954
234.125		0.487116
234.25		0.487116
234.375		0.487116
234.5		0.487116
234.625		0.487116
234.75		0.487116
234.875		0.487116
235		0.487116
235.125		0.488548
235.25		0.488548
235.375		0.488548
235.5		0.488548
235.625		0.488548
235.75		0.488548
235.875		0.488548
236		0.488548
236.125		0.491591
236.25		0.491591
236.375		0.491591
236.5		0.491591
236.625		0.491591
236.75		0.491591
236.875		0.491591
237		0.491591
237.125		0.493544
237.25		0.493544
237.375		0.493544
237.5		0.493544
237.625		0.493544
237.75		0.493544
237.875		0.493544
238		0.493544
238.125		0.494368
238.25		0.494368
238.375		0.494368
238.5		0.494368
238.625		0.494368
238.75		0.494368
238.875		0.494368
239		0.494368
239.125		0.498062
239.25		0.498062
239.375		0.498062
239.5		0.498062
239.625		0.498062
239.75		0.498062
239.875		0.498062
240		0.498062
240.125		0.499543
240.25		0.499543
240.375		0.499543
240.5		0.499543
240.625		0.499543
240.75		0.499543
240.875		0.499543
241		0.499543
241.125		0.50114
241.25		0.50114
241.375		0.50114
241.5		0.50114
241.625		0.50114
241.75		0.50114
241.875		0.50114
242		0.50114
242.125		0.502497
242.25		0.502497
242.375		0.502497
242.5		0.502497
242.625		0.502497
242.75		0.502497
242.875		0.502497
243		0.502497
243.125		0.505481
243.25		0.505481
243.375		0.505481
243.5		0.505481
243.625		0.505481
243.75		0.505481
243.875		0.505481
244		0.505481
244.125		0.507771
244.25		0.507771
244.375		0.507771
244.5		0.507771
244.625		0.507771
244.75		0.507771
244.875		0.507771
245		0.507771
245.125		0.507951
245.25		0.507951
245.375		0.507951
245.5		0.507951
245.625		0.507951
245.75		0.507951
245.875		0.507951
246		0.507951
246.125		0.514281
246.25		0.514281
246.375		0.514281
246.5		0.514281
246.625		0.514281
246.75		0.514281
246.875		0.514281
247		0.514281
247.125		0.514904
247.25		0.514904
247.375		0.514904
247.5		0.514904
247.625		0.514904
247.75		0.514904
247.875		0.514904
248		0.514904
248.125		0.51503
248.25		0.51503
248.375		0.51503
248.5		0.51503
248.625		0.51503
248.75		0.51503
248.875		0.51503
249		0.51503
249.125		0.519797
249.25		0.519797
249.375		0.519797
249.5		0.519797
249.625		0.519797
249.75		0.519797
249.875		0.519797
250		0.519797
250.125		0.521355
250.25		0.521355
250.375		0.521355
250.5		0.521355
250.625		0.521355
250.75		0.521355
250.875		0.521355
251		0.521355
251.125		0.52488
251.25		0.52488
251.375		0.52488
251.5		0.52488
251.625		0.52488
251.75		0.52488
251.875		0.52488
252		0.52488
252.125		0.525758
252.25		0.525758
252.375		0.525758
252.5		0.525758
252.625		0.525758
252.75		0.525758
252.875		0.525758
253		0.525758
253.125		0.526572
253.25		0.526572
253.375		0.526572
253.5		0.526572
253.625		0.526572
253.75		0.526572
253.875		0.526572
254		0.526572
254.125		0.530003
254.25		0.530003
254.375		0.530003
254.5		0.530003
254.625		0.530003
254.75		0.530003
254.875		0.530003
255		0.530003
255.125		0.53143
255.25		0.53143
255.375		0.53143
255.5		0.53143
255.625		0.53143
255.75		0.53143
255.875		0.53143
256		0.53143
256.125		0.534395
256.25		0.534395
256.375		0.534395
256.5		0.534395
256.625		0.534395
256.75		0.534395
256.875		0.534395
257		0.534395
257.125		0.536958
257.25		0.536958
257.375		0.536958
257.5		0.536958
257.625		0.536958
257.75		0.536958
257.875		0.536958
258		0.536958
258.125		0.539265
258.25		0.539265
258.375		0.539265
258.5		0.539265
258.625		0.539265
258.75		0.539265
258.875		0.539265
259		0.539265
259.125		0.541288
259.25		0.541288
259.375		0.541288
259.5		0.541288
259.625		0.541288
259.75		0.541288
259.875		0.541288
260		0.541288
260.125		0.543335
260.25		0.543335
260.375		0.543335
260.5		0.543335
260.625		0.543335
260.75		0.543335
260.875		0.543335
261		0.543335
261.125		0.544428
261.25		0.544428
261.375		0.544428
261.5		0.544428
261.625		0.544428
261.75		0.544428
261.875		0.544428
262		0.544428
262.125		0.545382
262.25		0.545382
262.375		0.545382
262.5		0.545382
262.625		0.545382
262.75		0.545382
262.875		0.545382
263		0.545382
263.125		0.548779
263.25		0.548779
263.375		0.548779
263.5		0.548779
263.625		0.548779
263.75		0.548779
263.875		0.548779
264		0.548779
264.125		0.55209
264.25		0.55209
264.375		0.55209
264.5		0.55209
264.625		0.55209
264.75		0.55209
264.875		0.55209
265		0.55209
265.125		0.552758
265.25		0.552758
265.375		0.552758
265.5		0.552758
265.625		0.552758
265.75		0.552758
265.875		0.552758
266		0.552758
266.125		0.555492
266.25		0.555492
266.375		0.555492
266.5		0.555492
266.625		0.555492
266.75		0.555492
266.875		0.555492
267		0.555492
267.125		0.557957
267.25		0.557957
267.375		0.557957
267.5		0.557957
267.625		0.557957
267.75		0.557957
267.875		0.557957
268		0.557957
268.125		0.561564
268.25		0.561564
268.375		0.561564
268.5		0.561564
268.625		0.561564
268.75		0.561564
268.875		0.561564
269		0.561564
269.125		0.562373
269.25		0.562373
269.375		0.562373
269.5		0.562373
269.625		0.562373
269.75		0.562373
269.875		0.562373
270		0.562373
270.125		0.565728
270.25		0.565728
270.375		0.565728
270.5		0.565728
270.625		0.565728
270.75		0.565728
270.875		0.565728
271		0.565728
271.125		0.566032
271.25		0.566032
271.375		0.566032
271.5		0.566032
271.625		0.566032
271.75		0.566032
271.875		0.566032
272		0.566032
272.125		0.572092
272.25		0.572092
272.375		0.572092
272.5		0.572092
272.625		0.572092
272.75		0.572092
272.875		0.572092
273		0.572092
273.125		0.5732
273.25		0.5732
273.375		0.5732
273.5		0.5732
273.625		0.5732
273.75		0.5732
273.875		0.5732
274		0.5732
274.125		0.573694
274.25		0.573694
274.375		0.573694
274.5		0.573694
274.625		0.573694
274.75		0.573694
274.875		0.573694
275		0.573694
275.125		0.575546
275.25		0.575546
275.375		0.575546
275.5		0.575546
275.625		0.575546
275.75		0.575546
275.875		0.575546
276		0.575546
276.125		0.579695
276.25		0.579695
276.375		0.579695
276.5		0.579695
276.625		0.579695
276.75		0.579695
276.875		0.579695
277		0.579695
277.125		0.58014
277.25		0.58014
277.375		0.58014
277.5		0.58014
277.625		0.58014
277.75		0.58014
277.875		0.58014
278		0.58014
278.125		0.583963
278.25		0.583963
278.375		0.583963
278.5		0.583963
278.625		0.583963
278.75		0.583963
278.875		0.583963
279		0.583963
279.125		0.58442
279.25		0.58442
279.375		0.58442
279.5		0.58442
279.625		0.58442
279.75		0.58442
279.875		0.58442
280		0.58442
280.125		0.590888
280.25		0.590888
280.375		0.590888
280.5		0.590888
280.625		0.590888
280.75		0.590888
280.875		0.590888
281		0.590888
281.125		0.591568
281.25		0.591568
281.375		0.591568
281.5		0.591568
281.625		0.591568
281.75		0.591568
281.875		0.591568
282		0.591568
282.125		0.592263
282.25		0.592263
282.375		0.592263
282.5		0.592263
282.625		0.592263
282.75		0.592263
282.875		0.592263
283		0.592263
283.125		0.596889
283.25		0.596889
283.375		0.596889
283.5		0.596889
283.625		0.596889
283.75		0.596889
283.875		0.596889
284		0.596889
284.125		0.601515
284.25		0.601515
284.375		0.601515
284.5		0.601515
284.625		0.601515
284.75		0.601515
284.875		0.601515
285		0.601515
285.125		0.601861
285.25		0.601861
285.375		0.601861
285.5		0.601861
285.625		0.601861
285.75		0.601861
285.875		0.601861
286		0.601861
286.125		0.604425
286.25		0.604425
286.375		0.604425
286.5		0.604425
286.625		0.604425
286.75		0.604425
286.875		0.604425
287		0.604425
287.125		0.609619
287.25		0.609619
287.375		0.609619
287.5		0.609619
287.625		0.609619
287.75		0.609619
287.875		0.609619
288		0.609619
288.125		0.609857
288.25		0.609857
288.375		0.609857
288.5		0.609857
288.625		0.609857
288.75		0.609857
288.875		0.609857
289		0.609857
289.125		0.610789
289.25		0.610789
289.375		0.610789
289.5		0.610789
289.625		0.610789
289.75		0.610789
289.875		0.610789
290		0.610789
290.125		0.611733
290.25		0.611733
290.375		0.611733
290.5		0.611733
290.625		0.611733
290.75		0.611733
290.875		0.611733
291		0.611733
291.125		0.612235
291.25		0.612235
291.375		0.612235
291.5		0.612235
291.625		0.612235
291.75		0.612235
291.875		0.612235
292		0.612235
292.125		0.613912
292.25		0.613912
292.375		0.613912
292.5		0.613912
292.625		0.613912
292.75		0.613912
292.875		0.613912
293		0.613912
293.125		0.618184
293.25		0.618184
293.375		0.618184
293.5		0.618184
293.625		0.618184
293.75		0.618184
293.875		0.618184
294		0.618184
294.125		0.619663
294.25		0.619663
294.375		0.619663
294.5		0.619663
294.625		0.619663
294.75		0.619663
294.875		0.619663
295		0.619663
295.125		0.624316
295.25		0.624316
295.375		0.624316
295.5		0.624316
295.625		0.624316
295.75		0.624316
295.875		0.624316
296		0.624316
296.125		0.624756
296.25		0.624756
296.375		0.624756
296.5		0.624756
296.625		0.624756
296.75		0.624756
296.875		0.624756
297		0.624756
297.125		0.625468
297.25		0.625468
297.375		0.625468
297.5		0.625468
297.625		0.625468
297.75		0.625468
297.875		0.625468
298		0.625468
298.125		0.629112
298.25		0.629112
298.375		0.629112
298.5		0.629112
298.625		0.629112
298.75		0.629112
298.875		0.629112
299		0.629112
299.125		0.631221
299.25		0.631221
299.375		0.631221
299.5		0.631221
299.625		0.631221
299.75		0.631221
299.875		0.631221
300		0.631221
300.125		0.63471
300.25		0.63471
300.375		0.63471
300.5		0.63471
300.625		0.63471
300.75		0.63471
300.875		0.63471
301		0.63471
301.125		0.636626
301.25		0.636626
301.375		0.636626
301.5		0.636626
301.625		0.636626
301.75		0.636626
301.875		0.636626
302		0.636626
302.125		0.64051
302.25		0.64051
302.375		0.64051
302.5		0.64051
302.625		0.64051
302.75		0.64051
302.875		0.64051
303		0.64051
303.125		0.64079
303.25		0.64079
303.375		0.64079
303.5		0.64079
303.625		0.64079
303.75		0.64079
303.875		0.64079
304		0.64079
304.125		0.646608
304.25		0.646608
304.375		0.646608
304.5		0.646608
304.625		0.646608
304.75		0.646608
304.875		0.646608
305		0.646608
305.125		0.648825
305.25		0.648825
305.375		0.648825
305.5		0.648825
305.625		0.648825
305.75		0.648825
305.875		0.648825
306		0.648825
306.125		0.653832
306.25		0.653832
306.375		0.653832
306.5		0.653832
306.625		0.653832
306.75		0.653832
306.875		0.653832
307		0.653832
307.125		0.654228
307.25		0.654228
307.375		0.654228
307.5		0.654228
307.625		0.654228
307.75		0.654228
307.875		0.654228
308		0.654228
308.125		0.656935
308.25		0.656935
308.375		0.656935
308.5		0.656935
308.625		0.656935
308.75		0.656935
308.875		0.656935
309		0.656935
309.125		0.660295
309.25		0.660295
309.375		0.660295
309.5		0.660295
309.625		0.660295
309.75		0.660295
309.875		0.660295
310		0.660295
310.125		0.660582
310.25		0.660582
310.375		0.660582
310.5		0.660582
310.625		0.660582
310.75		0.660582
310.875		0.660582
311		0.660582
311.125		0.664268
311.25		0.664268
311.375		0.664268
311.5		0.664268
311.625		0.664268
311.75		0.664268
311.875		0.664268
312		0.664268
312.125		0.668167
312.25		0.668167
312.375		0.668167
312.5		0.668167
312.625		0.668167
312.75		0.668167
312.875		0.668167
313		0.668167
313.125		0.669888
313.25		0.669888
313.375		0.669888
313.5		0.669888
313.625		0.669888
313.75		0.669888
313.875		0.669888
314		0.669888
314.125		0.670511
314.25		0.670511
314.375		0.670511
314.5		0.670511
314.625		0.670511
314.75		0.670511
314.875		0.670511
315		0.670511
315.125		0.671345
315.25		0.671345
315.375		0.671345
315.5		0.671345
315.625		0.671345
315.75		0.671345
315.875		0.671345
316		0.671345
316.125		0.676312
316.25		0.676312
316.375		0.676312
316.5		0.676312
316.625		0.676312
316.75		0.676312
316.875		0.676312
317		0.676312
317.125		0.678908
317.25		0.678908
317.375		0.678908
317.5		0.678908
317.625		0.678908
317.75		0.678908
317.875		0.678908
318		0.678908
318.125		0.680658
318.25		0.680658
318.375		0.680658
318.5		0.680658
318.625		0.680658
318.75		0.680658
318.875		0.680658
319		0.680658
319.125		0.681603
319.25		0.681603
319.375		0.681603
319.5		0.681603
319.625		0.681603
319.75		0.681603
319.875		0.681603
320		0.681603
320.125		0.686325
320.25		0.686325
320.375		0.686325
320.5		0.686325
320.625		0.686325
320.75		0.686325
320.875		0.686325
321		0.686325
321.125		0.687144
321.25		0.687144
321.375		0.687144
321.5		0.687144
321.625		0.687144
321.75		0.687144
321.875		0.687144
322		0.687144
322.125		0.688538
322.25		0.688538
322.375		0.688538
322.5		0.688538
322.625		0.688538
322.75		0.688538
322.875		0.688538
323		0.688538
323.125		0.689888
323.25		0.689888
323.375		0.689888
323.5		0.689888
323.625		0.689888
323.75		0.689888
323.875		0.689888
324		0.689888
324.125		0.695014
324.25		0.695014
324.375		0.695014
324.5		0.695014
324.625		0.695014
324.75		0.695014
324.875		0.695014
325		0.695014
325.125		0.695587
325.25		0.695587
325.375		0.695587
325.5		0.695587
325.625		0.695587
325.75		0.695587
325.875		0.695587
326		0.695587
326.125		0.698176
326.25		0.698176
326.375		0.698176
326.5		0.698176
326.625		0.698176
326.75		0.698176
326.875		0.698176
327		0.698176
327.125		0.699716
327.25		0.699716
327.375		0.699716
327.5		0.699716
327.625		0.699716
327.75		0.699716
327.875		0.699716
328		0.699716
328.125		0.703393
328.25		0.703393
328.375		0.703393
328.5		0.703393
328.625		0.703393
328.75		0.703393
328.875		0.703393
329		0.703393
329.125		0.70682
329.25		0.70682
329.375		0.70682
329.5		0.70682
329.625		0.70682
329.75		0.70682
329.875		0.70682
330		0.70682
330.125		0.707962
330.25		0.707962
330.375		0.707962
330.5		0.707962
330.625		0.707962
330.75		0.707962
330.875		0.707962
331		0.707962
331.125		0.708098
331.25		0.708098
331.375		0.708098
331.5		0.708098
331.625		0.708098
331.75		0.708098
331.875		0.708098
332		0.708098
332.125		0.709371
332.25		0.709371
332.375		0.709371
332.5		0.709371
332.625		0.709371
332.75		0.709371
332.875		0.709371
333		0.709371
333.125		0.713446
333.25		0.713446
333.375		0.713446
333.5		0.713446
333.625		0.713446
333.75		0.713446
333.875		0.713446
334		0.713446
334.125		0.717998
334.25		0.717998
334.375		0.717998
334.5		0.717998
334.625		0.717998
334.75		0.717998
334.875		0.717998
335		0.717998
335.125		0.71914
335.25		0.71914
335.375		0.71914
335.5		0.71914
335.625		0.71914
335.75		0.71914
335.875		0.71914
336		0.71914
336.125		0.719637
336.25		0.719637
336.375		0.719637
336.5		0.719637
336.625		0.719637
336.75		0.719637
336.875		0.719637
337		0.719637
337.125		0.722327
337.25		0.722327
337.375		0.722327
337.5		0.722327
337.625		0.722327
337.75		0.722327
337.875		0.722327
338		0.722327
338.125		0.7261
338.25		0.7261
338.375		0.7261
338.5		0.7261
338.625		0.7261
338.75		0.7261
338.875		0.7261
339		0.7261
339.125		0.728229
339.25		0.728229
339.375		0.728229
339.5		0.728229
339.625		0.728229
339.75		0.728229
339.875		0.728229
340		0.728229
340.125		0.72991
340.25		0.72991
340.375		0.72991
340.5		0.72991
340.625		0.72991
340.75		0.72991
340.875		0.72991
341		0.72991
341.125		0.730788
341.25		0.730788
341.375		0.730788
341.5		0.730788
341.625		0.730788
341.75		0.730788
341.875		0.730788
342		0.730788
342.125		0.736541
342.25		0.736541
342.375		0.736541
342.5		0.736541
342.625		0.736541
342.75		0.736541
342.875		0.736541
343		0.736541
343.125		0.737261
343.25		0.737261
343.375		0.737261
343.5		0.737261
343.625		0.737261
343.75		0.737261
343.875		0.737261
344		0.737261
344.125		0.737636
344.25		0.737636
344.375		0.737636
344.5		0.737636
344.625		0.737636
344.75		0.737636
344.875		0.737636
345		0.737636
345.125		0.745756
345.25		0.745756
345.375		0.745756
345.5		0.745756
345.625		0.745756
345.75		0.745756
345.875		0.745756
346		0.745756
346.125		0.746599
346.25		0.746599
346.375		0.746599
346.5		0.746599
346.625		0.746599
346.75		0.746599
346.875		0.746599
347		0.746599
347.125		0.749512
347.25		0.749512
347.375		0.749512
347.5		0.749512
347.625		0.749512
347.75		0.749512
347.875		0.749512
348		0.749512
348.125		0.749934
348.25		0.749934
348.375		0.749934
348.5		0.749934
348.625		0.749934
348.75		0.749934
348.875		0.749934
349		0.749934
349.125		0.752911
349.25		0.752911
349.375		0.752911
349.5		0.752911
349.625		0.752911
349.75		0.752911
349.875		0.752911
350		0.752911
350.125		0.757164
350.25		0.757164
350.375		0.757164
350.5		0.757164
350.625		0.757164
350.75		0.757164
350.875		0.757164
351		0.757164
351.125		0.76046
351.25		0.76046
351.375		0.76046
351.5		0.76046
351.625		0.76046
351.75		0.76046
351.875		0.76046
352		0.76046
352.125		0.760502
352.25		0.760502
352.375		0.760502
352.5		0.760502
352.625		0.760502
352.75		0.760502
352.875		0.760502
353		0.760502
353.125		0.761347
353.25		0.761347
353.375		0.761347
353.5		0.761347
353.625		0.761347
353.75		0.761347
353.875		0.761347
354		0.761347
354.125		0.762307
354.25		0.762307
354.375		0.762307
354.5		0.762307
354.625		0.762307
354.75		0.762307
354.875		0.762307
355		0.762307
355.125		0.763961
355.25		0.763961
355.375		0.763961
355.5		0.763961
355.625		0.763961
355.75		0.763961
355.875		0.763961
356		0.763961
356.125		0.769037
356.25		0.769037
356.375		0.769037
356.5		0.769037
356.625		0.769037
356.75		0.769037
356.875		0.769037
357		0.769037
357.125		0.769991
357.25		0.769991
357.375		0.769991
357.5		0.769991
357.625		0.769991
357.75		0.769991
357.875		0.769991
358		0.769991
358.125		0.773762
358.25		0.773762
358.375		0.773762
358.5		0.773762
358.625		0.773762
358.75		0.773762
358.875		0.773762
359		0.773762
359.125		0.775967
359.25		0.775967
359.375		0.775967
359.5		0.775967
359.625		0.775967
359.75		0.775967
359.875		0.775967
360		0.775967
360.125		0.776983
360.25		0.776983
360.375		0.776983
360.5		0.776983
360.625		0.776983
360.75		0.776983
360.875		0.776983
361		0.776983
361.125		0.780694
361.25		0.780694
361.375		0.780694
361.5		0.780694
361.625		0.780694
361.75		0.780694
361.875		0.780694
362		0.780694
362.125		0.780984
362.25		0.780984
362.375		0.780984
362.5		0.780984
362.625		0.780984
362.75		0.780984
362.875		0.780984
363		0.780984
363.125		0.782823
363.25		0.782823
363.375		0.782823
363.5		0.782823
363.625		0.782823
363.75		0.782823
363.875		0.782823
364		0.782823
364.125		0.785981
364.25		0.785981
364.375		0.785981
364.5		0.785981
364.625		0.785981
364.75		0.785981
364.875		0.785981
365		0.785981
365.125		0.788844
365.25		0.788844
365.375		0.788844
365.5		0.788844
365.625		0.788844
365.75		0.788844
365.875		0.788844
366		0.788844
366.125		0.790448
366.25		0.790448
366.375		0.790448
366.5		0.790448
366.625		0.790448
366.75		0.790448
366.875		0.790448
367		0.790448
367.125		0.794469
367.25		0.794469
367.375		0.794469
367.5		0.794469
367.625		0.794469
367.75		0.794469
367.875		0.794469
368		0.794469
368.125		0.795443
368.25		0.795443
368.375		0.795443
368.5		0.795443
368.625		0.795443
368.75		0.795443
368.875		0.795443
369		0.795443
369.125		0.797952
369.25		0.797952
369.375		0.797952
369.5		0.797952
369.625		0.797952
369.75		0.797952
369.875		0.797952
370		0.797952
370.125		0.802897
370.25		0.802897
370.375		0.802897
370.5		0.802897
370.625		0.802897
370.75		0.802897
370.875		0.802897
371		0.802897
371.125		0.803226
371.25		0.803226
371.375		0.803226
371.5		0.803226
371.625		0.803226
371.75		0.803226
371.875		0.803226
372		0.803226
372.125		0.806628
372.25		0.806628
372.375		0.806628
372.5		0.806628
372.625		0.806628
372.75		0.806628
372.875		0.806628
373		0.806628
373.125		0.810802
373.25		0.810802
373.375		0.810802
373.5		0.810802
373.625		0.810802
373.75		0.810802
373.875		0.810802
374		0.810802
374.125		0.812906
374.25		0.812906
374.375		0.812906
374.5		0.812906
374.625		0.812906
374.75		0.812906
374.875		0.812906
375		0.812906
375.125		0.81386
375.25		0.81386
375.375		0.81386
375.5		0.81386
375.625		0.81386
375.75		0.81386
375.875		0.81386
376		0.81386
376.125		0.817984
376.25		0.817984
376.375		0.817984
376.5		0.817984
376.625		0.817984
376.75		0.817984
376.875		0.817984
377		0.817984
377.125		0.820496
377.25		0.820496
377.375		0.820496
377.5		0.820496
377.625		0.820496
377.75		0.820496
377.875		0.820496
378		0.820496
378.125		0.821559
378.25		0.821559
378.375		0.821559
378.5		0.821559
378.625		0.821559
378.75		0.821559
378.875		0.821559
379		0.821559
379.125		0.824507
379.25		0.824507
379.375		0.824507
379.5		0.824507
379.625		0.824507
379.75		0.824507
379.875		0.824507
380		0.824507
380.125		0.826554
380.25		0.826554
380.375		0.826554
380.5		0.826554
380.625		0.826554
380.75		0.826554
380.875		0.826554
381		0.826554
381.125		0.830715
381.25		0.830715
381.375		0.830715
381.5		0.830715
381.625		0.830715
381.75		0.830715
381.875		0.830715
382		0.830715
382.125		0.831662
382.25		0.831662
382.375		0.831662
382.5		0.831662
382.625		0.831662
382.75		0.831662
382.875		0.831662
383		0.831662
383.125		0.832915
383.25		0.832915
383.375		0.832915
383.5		0.832915
383.625		0.832915
383.75		0.832915
383.875		0.832915
384		0.832915
384.125		0.834908
384.25		0.834908
384.375		0.834908
384.5		0.834908
384.625		0.834908
384.75		0.834908
384.875		0.834908
385		0.834908
385.125		0.837878
385.25		0.837878
385.375		0.837878
385.5		0.837878
385.625		0.837878
385.75		0.837878
385.875		0.837878
386		0.837878
386.125		0.840649
386.25		0.840649
386.375		0.840649
386.5		0.840649
386.625		0.840649
386.75		0.840649
386.875		0.840649
387		0.840649
387.125		0.844133
387.25		0.844133
387.375		0.844133
387.5		0.844133
387.625		0.844133
387.75		0.844133
387.875		0.844133
388		0.844133
388.125		0.844778
388.25		0.844778
388.375		0.844778
388.5		0.844778
388.625		0.844778
388.75		0.844778
388.875		0.844778
389		0.844778
389.125		0.84776
389.25		0.84776
389.375		0.84776
389.5		0.84776
389.625		0.84776
389.75		0.84776
389.875		0.84776
390		0.84776
390.125		0.849345
390.25		0.849345
390.375		0.849345
390.5		0.849345
390.625		0.849345
390.75		0.849345
390.875		0.849345
391		0.849345
391.125		0.851476
391.25		0.851476
391.375		0.851476
391.5		0.851476
391.625		0.851476
391.75		0.851476
391.875		0.851476
392		0.851476
392.125		0.852624
392.25		0.852624
392.375		0.852624
392.5		0.852624
392.625		0.852624
392.75		0.852624
392.875		0.852624
393		0.852624
393.125		0.855694
393.25		0.855694
393.375		0.855694
393.5		0.855694
393.625		0.855694
393.75		0.855694
393.875		0.855694
394		0.855694
394.125		0.858468
394.25		0.858468
394.375		0.858468
394.5		0.858468
394.625		0.858468
394.75		0.858468
394.875		0.858468
395		0.858468
395.125		0.860231
395.25		0.860231
395.375		0.860231
395.5		0.860231
395.625		0.860231
395.75		0.860231
395.875		0.860231
396		0.860231
396.125		0.862882
396.25		0.862882
396.375		0.862882
396.5		0.862882
396.625		0.862882
396.75		0.862882
396.875		0.862882
397		0.862882
397.125		0.865745
397.25		0.865745
397.375		0.865745
397.5		0.865745
397.625		0.865745
397.75		0.865745
397.875		0.865745
398		0.865745
398.125		0.866877
398.25		0.866877
398.375		0.866877
398.5		0.866877
398.625		0.866877
398.75		0.866877
398.875		0.866877
399		0.866877
399.125		0.87019
399.25		0.87019
399.375		0.87019
399.5		0.87019
399.625		0.87019
399.75		0.87019
399.875		0.87019
400		0.87019
400.125		0.870922
400.25		0.870922
400.375		0.870922
400.5		0.870922
400.625		0.870922
400.75		0.870922
400.875		0.870922
401		0.870922
401.125		0.87378
401.25		0.87378
401.375		0.87378
401.5		0.87378
401.625		0.87378
401.75		0.87378
401.875		0.87378
402		0.87378
402.125		0.877497
402.25		0.877497
402.375		0.877497
402.5		0.877497
402.625		0.877497
402.75		0.877497
402.875		0.877497
403		0.877497
403.125		0.879677
403.25		0.879677
403.375		0.879677
403.5		0.879677
403.625		0.879677
403.75		0.879677
403.875		0.879677
404		0.879677
404.125		0.880021
404.25		0.880021
404.375		0.880021
404.5		0.880021
404.625		0.880021
404.75		0.880021
404.875		0.880021
405		0.880021
405.125		0.882553
405.25		0.882553
405.375		0.882553
405.5		0.882553
405.625		0.882553
405.75		0.882553
405.875		0.882553
406		0.882553
406.125		0.884259
406.25		0.884259
406.375		0.884259
406.5		0.884259
406.625		0.884259
406.75		0.884259
406.875		0.884259
407		0.884259
407.125		0.88839
407.25		0.88839
407.375		0.88839
407.5		0.88839
407.625		0.88839
407.75		0.88839
407.875		0.88839
408		0.88839
408.125		0.890942
408.25		0.890942
408.375		0.890942
408.5		0.890942
408.625		0.890942
408.75		0.890942
408.875		0.890942
409		0.890942
409.125		0.891948
409.25		0.891948
409.375		0.891948
409.5		0.891948
409.625		0.891948
409.75		0.891948
409.875		0.891948
410		0.891948
410.125		0.8931
410.25		0.8931
410.375		0.8931
410.5		0.8931
410.625		0.8931
410.75		0.8931
410.875		0.8931
411		0.8931
411.125		0.894388
411.25		0.894388
411.375		0.894388
411.5		0.894388
411.625		0.894388
411.75		0.894388
411.875		0.894388
412		0.894388
412.125		0.897803
412.25		0.897803
412.375		0.897803
412.5		0.897803
412.625		0.897803
412.75		0.897803
412.875		0.897803
413		0.897803
413.125		0.899482
413.25		0.899482
413.375		0.899482
413.5		0.899482
413.625		0.899482
413.75		0.899482
413.875		0.899482
414		0.899482
414.125		0.903334
414.25		0.903334
414.375		0.903334
414.5		0.903334
414.625		0.903334
414.75		0.903334
414.875		0.903334
415		0.903334
415.125		0.903628
415.25		0.903628
415.375		0.903628
415.5		0.903628
415.625		0.903628
415.75		0.903628
415.875		0.903628
416		0.903628
416.125		0.907201
416.25		0.907201
416.375		0.907201
416.5		0.907201
416.625		0.907201
416.75		0.907201
416.875		0.907201
417		0.907201
417.125		0.908165
417.25		0.908165
417.375		0.908165
417.5		0.908165
417.625		0.908165
417.75		0.908165
417.875		0.908165
418		0.908165
418.125		0.908961
418.25		0.908961
418.375		0.908961
418.5		0.908961
418.625		0.908961
418.75		0.908961
418.875		0.908961
419		0.908961
419.125		0.910195
419.25		0.910195
419.375		0.910195
419.5		0.910195
419.625		0.910195
419.75		0.910195
419.875		0.910195
420		0.910195
420.125		0.915034
420.25		0.915034
420.375		0.915034
420.5		0.915034
420.625		0.915034
420.75		0.915034
420.875		0.915034
421		0.915034
421.125		0.918606
421.25		0.918606
421.375		0.918606
421.5		0.918606
421.625		0.918606
421.75		0.918606
421.875		0.918606
422		0.918606
422.125		0.918745
422.25		0.918745
422.375		0.918745
422.5		0.918745
422.625		0.918745
422.75		0.918745
422.875		0.918745
423		0.918745
423.125		0.919037
423.25		0.919037
423.375		0.919037
423.5		0.919037
423.625		0.919037
423.75		0.919037
423.875		0.919037
424		0.919037
424.125		0.922016
424.25		0.922016
424.375		0.922016
424.5		0.922016
424.625		0.922016
424.75		0.922016
424.875		0.922016
425		0.922016
425.125		0.925307
425.25		0.925307
425.375		0.925307
425.5		0.925307
425.625		0.925307
425.75		0.925307
425.875		0.925307
426		0.925307
426.125		0.926587
426.25		0.926587
426.375		0.926587
426.5		0.926587
426.625		0.926587
426.75		0.926587
426.875		0.926587
427		0.926587
427.125		0.929638
427.25		0.929638
427.375		0.929638
427.5		0.929638
427.625		0.929638
427.75		0.929638
427.875		0.929638
428		0.929638
428.125		0.930462
428.25		0.930462
428.375		0.930462
428.5		0.930462
428.625		0.930462
428.75		0.930462
428.875		0.930462
429		0.930462
429.125		0.933565
429.25		0.933565
429.375		0.933565
429.5		0.933565
429.625		0.933565
429.75		0.933565
429.875		0.933565
430		0.933565
430.125		0.937098
430.25		0.937098
430.375		0.937098
430.5		0.937098
430.625		0.937098
430.75		0.937098
430.875		0.937098
431		0.937098
431.125		0.937684
431.25		0.937684
431.375		0.937684
431.5		0.937684
431.625		0.937684
431.75		0.937684
431.875		0.937684
432		0.937684
432.125		0.939039
432.25		0.939039
432.375		0.939039
432.5		0.939039
432.625		0.939039
432.75		0.939039
432.875		0.939039
433		0.939039
433.125		0.941328
433.25		0.941328
433.375		0.941328
433.5		0.941328
433.625		0.941328
433.75		0.941328
433.875		0.941328
434		0.941328
434.125		0.944372
434.25		0.944372
434.375		0.944372
434.5		0.944372
434.625		0.944372
434.75		0.944372
434.875		0.944372
435		0.944372
435.125		0.945101
435.25		0.945101
435.375		0.945101
435.5		0.945101
435.625		0.945101
435.75		0.945101
435.875		0.945101
436		0.945101
436.125		0.94787
436.25		0.94787
436.375		0.94787
436.5		0.94787
436.625		0.94787
436.75		0.94787
436.875		0.94787
437		0.94787
437.125		0.949569
437.25		0.949569
437.375		0.949569
437.5		0.949569
437.625		0.949569
437.75		0.949569
437.875		0.949569
438		0.949569
438.125		0.95401
438.25		0.95401
438.375		0.95401
438.5		0.95401
438.625		0.95401
438.75		0.95401
438.875		0.95401
439		0.95401
439.125		0.954581
439.25		0.954581
439.375		0.954581
439.5		0.954581
439.625		0.954581
439.75		0.954581
439.875		0.954581
440		0.954581
440.125		0.954919
440.25		0.954919
440.375		0.954919
440.5		0.954919
440.625		0.954919
440.75		0.954919
440.875		0.954919
441		0.954919
441.125		0.956574
441.25		0.956574
441.375		0.956574
441.5		0.956574
441.625		0.956574
441.75		0.956574
441.875		0.956574
442		0.956574
442.125		0.961899
442.25		0.961899
442.375		0.961899
442.5		0.961899
442.625		0.961899
442.75		0.961899
442.875		0.961899
443		0.961899
443.125		0.96472
443.25		0.96472
443.375		0.96472
443.5		0.96472
443.625		0.96472
443.75		0.96472
443.875		0.96472
444		0.96472
444.125		0.965687
444.25		0.965687
444.375		0.965687
444.5		0.965687
444.625		0.965687
444.75		0.965687
444.875		0.965687
445		0.965687
445.125		0.966486
445.25		0.966486
445.375		0.966486
445.5		0.966486
445.625		0.966486
445.75		0.966486
445.875		0.966486
446		0.966486
446.125		0.968066
446.25		0.968066
446.375		0.968066
446.5		0.968066
446.625		0.968066
446.75		0.968066
446.875		0.968066
447		0.968066
447.125		0.9735
447.25		0.9735
447.375		0.9735
447.5		0.9735
447.625		0.9735
447.75		0.9735
447.875		0.9735
448		0.9735
448.125		0.974138
448.25		0.974138
448.375		0.974138
448.5		0.974138
448.625		0.974138
448.75		0.974138
448.875		0.974138
449		0.974138
449.125		0.976633
449.25		0.976633
449.375		0.976633
449.5		0.976633
449.625		0.976633
449.75		0.976633
449.875		0.976633
450		0.976633
450.125		0.977325
450.25		0.977325
450.375		0.977325
450.5		0.977325
450.625		0.977325
450.75		0.977325
450.875		0.977325
451		0.977325
451.125		0.97865
451.25		0.97865
451.375		0.97865
451.5		0.97865
451.625		0.97865
451.75		0.97865
451.875		0.97865
452		0.97865
452.125		0.984515
452.25		0.984515
452.375		0.984515
452.5		0.984515
452.625		0.984515
452.75		0.984515
452.875		0.984515
453		0.984515
453.125		0.985665
453.25		0.985665
453.375		0.985665
453.5		0.985665
453.625		0.985665
453.75		0.985665
453.875		0.985665
454		0.985665
454.125		0.98612
454.25		0.98612
454.375		0.98612
454.5		0.98612
454.625		0.98612
454.75		0.98612
454.875		0.98612
455		0.98612
455.125		0.987445
455.25		0.987445
455.375		0.987445
455.5		0.987445
455.625		0.987445
455.75		0.987445
455.875		0.987445
456		0.987445
456.125		0.993
456.25		0.993
456.375		0.993
456.5		0.993
456.625		0.993
456.75		0.993
456.875		0.993
457		0.993
457.125		0.99507
457.25		0.99507
457.375		0.99507
457.5		0.99507
457.625		0.99507
457.75		0.99507
457.875		0.99507
458		0.99507
458.125		0.995433
458.25		0.995433
458.375		0.995433
458.5		0.995433
458.625		0.995433
458.75		0.995433
458.875		0.995433
459		0.995433
459.125		0.997411
459.25		0.997411
459.375		0.997411
459.5		0.997411
459.625		0.997411
459.75		0.997411
459.875		0.997411
460		0.997411
460.125		0.99977
460.25		0.99977
460.375		0.99977
460.5		0.99977
460.625		0.99977
460.75		0.99977
460.875		0.99977
461		0.99977
461.125		0.99999
461.25		0.99999
461.375		0.99999
461.5		0.99999
461.625		0.99999
461.75		0.99999
461.875		0.99999
462		0.99999
462.125		0.999995
462.25		0.999995
462.375		0.999995
462.5		0.999995
462.625		0.999995
462.75		0.999995
462.875		0.999995
463		0.999995
463.125		1
463.25		1
463.375		1
463.5		1
463.625		1
463.75		1
463.875		1
464		1
464.125		1
464.25		1
464.375		1
464.5		1
464.625		1
464.75		1
464.875		1
465		1
465.125		1
465.25		1
465.375		1
465.5		1
465.625		1
465.75		1
465.875		1
466		1
466.125		1
466.25		1
466.375		1
466.5		1
466.625		1
466.75		1
466.875		1
467		1
467.125		1
467.25		1
467.375		1
467.5		1
467.625		1
467.75		1
467.875		1
468		1
468.125		1
468.25		1
468.375		1
468.5		1
468.625		1
468.75		1
468.875		1
469		1
469.125		1
469.25		1
469.375		1
469.5		1
469.625		1
469.75		1
469.875		1
470		1
470.125		1
470.25		1
470.375		1
470.5		1
470.625		1
470.75		1
470.875		1
471		1
471.125		1
471.25		1
471.375		1
471.5		1
471.625		1
471.75		1
471.875		1
472		1
472.125		1
472.25		1
472.375		1
472.5		1
472.625		1
472.75		1
472.875		1
473		1
473.125		1
473.25		1
473.375		1
473.5		1
473.625		1
473.75		1
473.875		1
474		1
474.125		1
474.25		1
474.375		1
474.5		1
474.625		1
474.75		1
474.875		1
475		1
475.125		1
475.25		1
475.375		1
475.5		1
475.625		1
475.75		1
475.875		1
476		1
476.125		1
476.25		1
476.375		1
476.5		1
476.625		1
476.75		1
476.875		1
477		1
477.125		1
477.25		1
477.375		1
477.5		1
477.625		1
477.75		1
477.875		1
478		1
478.125		1
478.25		1
478.375		1
478.5		1
478.625		1
478.75		1
478.875		1
479		1
479.125		1
479.25		1
479.375		1
479.5		1
479.625		1
479.75		1
479.875		1
480		1
480.125		1
480.25		1
480.375		1
480.5		1
480.625		1
480.75		1
480.875		1
481		1
481.125		1
481.25		1
481.375		1
481.5		1
481.625		1
481.75		1
481.875		1
482		1
482.125		1
482.25		1
482.375		1
482.5		1
482.625		1
482.75		1
482.875		1
483		1
483.125		1
483.25		1
483.375		1
483.5		1
483.625		1
483.75		1
483.875		1
484		1
484.125		1
484.25		1
484.375		1
484.5		1
484.625		1
484.75		1
484.875		1
485		1
485.125		1
485.25		1
485.375		1
485.5		1
485.625		1
485.75		1
485.875		1
486		1
486.125		1
486.25		1
486.375		1
486.5		1
486.625		1
486.75		1
486.875		1
487		1
487.125		1
487.25		1
487.375		1
487.5		1
487.625		1
487.75		1
487.875		1
488		1
488.125		1
488.25		1
488.375		1
488.5		1
488.625		1
488.75		1
488.875		1
489		1
489.125		1
489.25		1
489.375		1
489.5		1
489.625		1
489.75		1
489.875		1
490		1
490.125		1
490.25		1
490.375		1
490.5		1
490.625		1
490.75		1
490.875		1
491		1
491.125		1
491.25		1
491.375		1
491.5		1
491.625		1
491.75		1
491.875		1
492		1
492.125		1
492.25		1
492.375		1
492.5		1
492.625		1
492.75		1
492.875		1
493		1
493.125		1
493.25		1
493.375		1
493.5		1
493.625		1
493.75		1
493.875		1
494		1
494.125		1
494.25		1
494.375		1
494.5		1
494.625		1
494.75		1
494.875		1
495		1
495.125		1
495.25		1
495.375		1
495.5		1
495.625		1
495.75		1
495.875		1
496		1
496.125		1
496.25		1
496.375		1
496.5		1
496.625		1
496.75		1
496.875		1
497		1
497.125		1
497.25		1
497.375		1
497.5		1
497.625		1
497.75		1
497.875		1
498		1
498.125		1
498.25		1
498.375		1
498.5		1
498.625		1
498.75		1
498.875		1
499		1
499.125		1
499.25		1
499.375		1
499.5		1
499.625		1
499.75		1
499.875		1
500		1
