# Calibration file of tamex_id 2 @ channel 4
# fine_T bin		 Calibration value
0.125		0
0.25		0
0.375		0
0.5		0
0.625		0
0.75		0
0.875		0
1		0
1.125		0
1.25		0
1.375		0
1.5		0
1.625		0
1.75		0
1.875		0
2		0
2.125		0
2.25		0
2.375		0
2.5		0
2.625		0
2.75		0
2.875		0
3		0
3.125		0
3.25		0
3.375		0
3.5		0
3.625		0
3.75		0
3.875		0
4		0
4.125		0
4.25		0
4.375		0
4.5		0
4.625		0
4.75		0
4.875		0
5		0
5.125		0
5.25		0
5.375		0
5.5		0
5.625		0
5.75		0
5.875		0
6		0
6.125		0
6.25		0
6.375		0
6.5		0
6.625		0
6.75		0
6.875		0
7		0
7.125		0
7.25		0
7.375		0
7.5		0
7.625		0
7.75		0
7.875		0
8		0
8.125		0
8.25		0
8.375		0
8.5		0
8.625		0
8.75		0
8.875		0
9		0
9.125		0
9.25		0
9.375		0
9.5		0
9.625		0
9.75		0
9.875		0
10		0
10.125		0
10.25		0
10.375		0
10.5		0
10.625		0
10.75		0
10.875		0
11		0
11.125		0
11.25		0
11.375		0
11.5		0
11.625		0
11.75		0
11.875		0
12		0
12.125		0
12.25		0
12.375		0
12.5		0
12.625		0
12.75		0
12.875		0
13		0
13.125		0
13.25		0
13.375		0
13.5		0
13.625		0
13.75		0
13.875		0
14		0
14.125		0
14.25		0
14.375		0
14.5		0
14.625		0
14.75		0
14.875		0
15		0
15.125		0
15.25		0
15.375		0
15.5		0
15.625		0
15.75		0
15.875		0
16		0
16.125		0
16.25		0
16.375		0
16.5		0
16.625		0
16.75		0
16.875		0
17		0
17.125		0
17.25		0
17.375		0
17.5		0
17.625		0
17.75		0
17.875		0
18		0
18.125		0
18.25		0
18.375		0
18.5		0
18.625		0
18.75		0
18.875		0
19		0
19.125		0
19.25		0
19.375		0
19.5		0
19.625		0
19.75		0
19.875		0
20		0
20.125		0
20.25		0
20.375		0
20.5		0
20.625		0
20.75		0
20.875		0
21		0
21.125		0
21.25		0
21.375		0
21.5		0
21.625		0
21.75		0
21.875		0
22		0
22.125		0
22.25		0
22.375		0
22.5		0
22.625		0
22.75		0
22.875		0
23		0
23.125		0.00381024
23.25		0.00381024
23.375		0.00381024
23.5		0.00381024
23.625		0.00381024
23.75		0.00381024
23.875		0.00381024
24		0.00381024
24.125		0.00874113
24.25		0.00874113
24.375		0.00874113
24.5		0.00874113
24.625		0.00874113
24.75		0.00874113
24.875		0.00874113
25		0.00874113
25.125		0.00911468
25.25		0.00911468
25.375		0.00911468
25.5		0.00911468
25.625		0.00911468
25.75		0.00911468
25.875		0.00911468
26		0.00911468
26.125		0.0115801
26.25		0.0115801
26.375		0.0115801
26.5		0.0115801
26.625		0.0115801
26.75		0.0115801
26.875		0.0115801
27		0.0115801
27.125		0.011879
27.25		0.011879
27.375		0.011879
27.5		0.011879
27.625		0.011879
27.75		0.011879
27.875		0.011879
28		0.011879
28.125		0.0159133
28.25		0.0159133
28.375		0.0159133
28.5		0.0159133
28.625		0.0159133
28.75		0.0159133
28.875		0.0159133
29		0.0159133
29.125		0.0186776
29.25		0.0186776
29.375		0.0186776
29.5		0.0186776
29.625		0.0186776
29.75		0.0186776
29.875		0.0186776
30		0.0186776
30.125		0.0191259
30.25		0.0191259
30.375		0.0191259
30.5		0.0191259
30.625		0.0191259
30.75		0.0191259
30.875		0.0191259
31		0.0191259
31.125		0.01935
31.25		0.01935
31.375		0.01935
31.5		0.01935
31.625		0.01935
31.75		0.01935
31.875		0.01935
32		0.01935
32.125		0.024505
32.25		0.024505
32.375		0.024505
32.5		0.024505
32.625		0.024505
32.75		0.024505
32.875		0.024505
33		0.024505
33.125		0.0259993
33.25		0.0259993
33.375		0.0259993
33.5		0.0259993
33.625		0.0259993
33.75		0.0259993
33.875		0.0259993
34		0.0259993
34.125		0.0272693
34.25		0.0272693
34.375		0.0272693
34.5		0.0272693
34.625		0.0272693
34.75		0.0272693
34.875		0.0272693
35		0.0272693
35.125		0.0321255
35.25		0.0321255
35.375		0.0321255
35.5		0.0321255
35.625		0.0321255
35.75		0.0321255
35.875		0.0321255
36		0.0321255
36.125		0.0322749
36.25		0.0322749
36.375		0.0322749
36.5		0.0322749
36.625		0.0322749
36.75		0.0322749
36.875		0.0322749
37		0.0322749
37.125		0.0353381
37.25		0.0353381
37.375		0.0353381
37.5		0.0353381
37.625		0.0353381
37.75		0.0353381
37.875		0.0353381
38		0.0353381
38.125		0.0355622
38.25		0.0355622
38.375		0.0355622
38.5		0.0355622
38.625		0.0355622
38.75		0.0355622
38.875		0.0355622
39		0.0355622
39.125		0.0387
39.25		0.0387
39.375		0.0387
39.5		0.0387
39.625		0.0387
39.75		0.0387
39.875		0.0387
40		0.0387
40.125		0.0407919
40.25		0.0407919
40.375		0.0407919
40.5		0.0407919
40.625		0.0407919
40.75		0.0407919
40.875		0.0407919
41		0.0407919
41.125		0.0443033
41.25		0.0443033
41.375		0.0443033
41.5		0.0443033
41.625		0.0443033
41.75		0.0443033
41.875		0.0443033
42		0.0443033
42.125		0.0449757
42.25		0.0449757
42.375		0.0449757
42.5		0.0449757
42.625		0.0449757
42.75		0.0449757
42.875		0.0449757
43		0.0449757
43.125		0.0480388
43.25		0.0480388
43.375		0.0480388
43.5		0.0480388
43.625		0.0480388
43.75		0.0480388
43.875		0.0480388
44		0.0480388
44.125		0.0485618
44.25		0.0485618
44.375		0.0485618
44.5		0.0485618
44.625		0.0485618
44.75		0.0485618
44.875		0.0485618
45		0.0485618
45.125		0.0530445
45.25		0.0530445
45.375		0.0530445
45.5		0.0530445
45.625		0.0530445
45.75		0.0530445
45.875		0.0530445
46		0.0530445
46.125		0.0549122
46.25		0.0549122
46.375		0.0549122
46.5		0.0549122
46.625		0.0549122
46.75		0.0549122
46.875		0.0549122
47		0.0549122
47.125		0.0574524
47.25		0.0574524
47.375		0.0574524
47.5		0.0574524
47.625		0.0574524
47.75		0.0574524
47.875		0.0574524
48		0.0574524
48.125		0.0577512
48.25		0.0577512
48.375		0.0577512
48.5		0.0577512
48.625		0.0577512
48.75		0.0577512
48.875		0.0577512
49		0.0577512
49.125		0.0593948
49.25		0.0593948
49.375		0.0593948
49.5		0.0593948
49.625		0.0593948
49.75		0.0593948
49.875		0.0593948
50		0.0593948
50.125		0.0633545
50.25		0.0633545
50.375		0.0633545
50.5		0.0633545
50.625		0.0633545
50.75		0.0633545
50.875		0.0633545
51		0.0633545
51.125		0.0673142
51.25		0.0673142
51.375		0.0673142
51.5		0.0673142
51.625		0.0673142
51.75		0.0673142
51.875		0.0673142
52		0.0673142
52.125		0.0674636
52.25		0.0674636
52.375		0.0674636
52.5		0.0674636
52.625		0.0674636
52.75		0.0674636
52.875		0.0674636
53		0.0674636
53.125		0.0688831
53.25		0.0688831
53.375		0.0688831
53.5		0.0688831
53.625		0.0688831
53.75		0.0688831
53.875		0.0688831
54		0.0688831
54.125		0.0745611
54.25		0.0745611
54.375		0.0745611
54.5		0.0745611
54.625		0.0745611
54.75		0.0745611
54.875		0.0745611
55		0.0745611
55.125		0.0753829
55.25		0.0753829
55.375		0.0753829
55.5		0.0753829
55.625		0.0753829
55.75		0.0753829
55.875		0.0753829
56		0.0753829
56.125		0.0759059
56.25		0.0759059
56.375		0.0759059
56.5		0.0759059
56.625		0.0759059
56.75		0.0759059
56.875		0.0759059
57		0.0759059
57.125		0.0782966
57.25		0.0782966
57.375		0.0782966
57.5		0.0782966
57.625		0.0782966
57.75		0.0782966
57.875		0.0782966
58		0.0782966
58.125		0.0841987
58.25		0.0841987
58.375		0.0841987
58.5		0.0841987
58.625		0.0841987
58.75		0.0841987
58.875		0.0841987
59		0.0841987
59.125		0.084647
59.25		0.084647
59.375		0.084647
59.5		0.084647
59.625		0.084647
59.75		0.084647
59.875		0.084647
60		0.084647
60.125		0.0853941
60.25		0.0853941
60.375		0.0853941
60.5		0.0853941
60.625		0.0853941
60.75		0.0853941
60.875		0.0853941
61		0.0853941
61.125		0.087486
61.25		0.087486
61.375		0.087486
61.5		0.087486
61.625		0.087486
61.75		0.087486
61.875		0.087486
62		0.087486
62.125		0.0889802
62.25		0.0889802
62.375		0.0889802
62.5		0.0889802
62.625		0.0889802
62.75		0.0889802
62.875		0.0889802
63		0.0889802
63.125		0.093164
63.25		0.093164
63.375		0.093164
63.5		0.093164
63.625		0.093164
63.75		0.093164
63.875		0.093164
64		0.093164
64.125		0.0935375
64.25		0.0935375
64.375		0.0935375
64.5		0.0935375
64.625		0.0935375
64.75		0.0935375
64.875		0.0935375
65		0.0935375
65.125		0.0968248
65.25		0.0968248
65.375		0.0968248
65.5		0.0968248
65.625		0.0968248
65.75		0.0968248
65.875		0.0968248
66		0.0968248
66.125		0.0997385
66.25		0.0997385
66.375		0.0997385
66.5		0.0997385
66.625		0.0997385
66.75		0.0997385
66.875		0.0997385
67		0.0997385
67.125		0.101382
67.25		0.101382
67.375		0.101382
67.5		0.101382
67.625		0.101382
67.75		0.101382
67.875		0.101382
68		0.101382
68.125		0.102802
68.25		0.102802
68.375		0.102802
68.5		0.102802
68.625		0.102802
68.75		0.102802
68.875		0.102802
69		0.102802
69.125		0.105865
69.25		0.105865
69.375		0.105865
69.5		0.105865
69.625		0.105865
69.75		0.105865
69.875		0.105865
70		0.105865
70.125		0.108778
70.25		0.108778
70.375		0.108778
70.5		0.108778
70.625		0.108778
70.75		0.108778
70.875		0.108778
71		0.108778
71.125		0.112813
71.25		0.112813
71.375		0.112813
71.5		0.112813
71.625		0.112813
71.75		0.112813
71.875		0.112813
72		0.112813
72.125		0.113037
72.25		0.113037
72.375		0.113037
72.5		0.113037
72.625		0.113037
72.75		0.113037
72.875		0.113037
73		0.113037
73.125		0.114979
73.25		0.114979
73.375		0.114979
73.5		0.114979
73.625		0.114979
73.75		0.114979
73.875		0.114979
74		0.114979
74.125		0.121405
74.25		0.121405
74.375		0.121405
74.5		0.121405
74.625		0.121405
74.75		0.121405
74.875		0.121405
75		0.121405
75.125		0.123721
75.25		0.123721
75.375		0.123721
75.5		0.123721
75.625		0.123721
75.75		0.123721
75.875		0.123721
76		0.123721
76.125		0.124916
76.25		0.124916
76.375		0.124916
76.5		0.124916
76.625		0.124916
76.75		0.124916
76.875		0.124916
77		0.124916
77.125		0.125514
77.25		0.125514
77.375		0.125514
77.5		0.125514
77.625		0.125514
77.75		0.125514
77.875		0.125514
78		0.125514
78.125		0.130445
78.25		0.130445
78.375		0.130445
78.5		0.130445
78.625		0.130445
78.75		0.130445
78.875		0.130445
79		0.130445
79.125		0.132835
79.25		0.132835
79.375		0.132835
79.5		0.132835
79.625		0.132835
79.75		0.132835
79.875		0.132835
80		0.132835
80.125		0.135077
80.25		0.135077
80.375		0.135077
80.5		0.135077
80.625		0.135077
80.75		0.135077
80.875		0.135077
81		0.135077
81.125		0.136197
81.25		0.136197
81.375		0.136197
81.5		0.136197
81.625		0.136197
81.75		0.136197
81.875		0.136197
82		0.136197
82.125		0.138513
82.25		0.138513
82.375		0.138513
82.5		0.138513
82.625		0.138513
82.75		0.138513
82.875		0.138513
83		0.138513
83.125		0.140232
83.25		0.140232
83.375		0.140232
83.5		0.140232
83.625		0.140232
83.75		0.140232
83.875		0.140232
84		0.140232
84.125		0.140755
84.25		0.140755
84.375		0.140755
84.5		0.140755
84.625		0.140755
84.75		0.140755
84.875		0.140755
85		0.140755
85.125		0.142772
85.25		0.142772
85.375		0.142772
85.5		0.142772
85.625		0.142772
85.75		0.142772
85.875		0.142772
86		0.142772
86.125		0.144864
86.25		0.144864
86.375		0.144864
86.5		0.144864
86.625		0.144864
86.75		0.144864
86.875		0.144864
87		0.144864
87.125		0.149869
87.25		0.149869
87.375		0.149869
87.5		0.149869
87.625		0.149869
87.75		0.149869
87.875		0.149869
88		0.149869
88.125		0.152409
88.25		0.152409
88.375		0.152409
88.5		0.152409
88.625		0.152409
88.75		0.152409
88.875		0.152409
89		0.152409
89.125		0.152484
89.25		0.152484
89.375		0.152484
89.5		0.152484
89.625		0.152484
89.75		0.152484
89.875		0.152484
90		0.152484
90.125		0.152559
90.25		0.152559
90.375		0.152559
90.5		0.152559
90.625		0.152559
90.75		0.152559
90.875		0.152559
91		0.152559
91.125		0.155398
91.25		0.155398
91.375		0.155398
91.5		0.155398
91.625		0.155398
91.75		0.155398
91.875		0.155398
92		0.155398
92.125		0.162794
92.25		0.162794
92.375		0.162794
92.5		0.162794
92.625		0.162794
92.75		0.162794
92.875		0.162794
93		0.162794
93.125		0.162944
93.25		0.162944
93.375		0.162944
93.5		0.162944
93.625		0.162944
93.75		0.162944
93.875		0.162944
94		0.162944
94.125		0.163765
94.25		0.163765
94.375		0.163765
94.5		0.163765
94.625		0.163765
94.75		0.163765
94.875		0.163765
95		0.163765
95.125		0.164363
95.25		0.164363
95.375		0.164363
95.5		0.164363
95.625		0.164363
95.75		0.164363
95.875		0.164363
96		0.164363
96.125		0.171535
96.25		0.171535
96.375		0.171535
96.5		0.171535
96.625		0.171535
96.75		0.171535
96.875		0.171535
97		0.171535
97.125		0.172656
97.25		0.172656
97.375		0.172656
97.5		0.172656
97.625		0.172656
97.75		0.172656
97.875		0.172656
98		0.172656
98.125		0.173403
98.25		0.173403
98.375		0.173403
98.5		0.173403
98.625		0.173403
98.75		0.173403
98.875		0.173403
99		0.173403
99.125		0.175869
99.25		0.175869
99.375		0.175869
99.5		0.175869
99.625		0.175869
99.75		0.175869
99.875		0.175869
100		0.175869
100.125		0.180127
100.25		0.180127
100.375		0.180127
100.5		0.180127
100.625		0.180127
100.75		0.180127
100.875		0.180127
101		0.180127
101.125		0.181173
101.25		0.181173
101.375		0.181173
101.5		0.181173
101.625		0.181173
101.75		0.181173
101.875		0.181173
102		0.181173
102.125		0.185506
102.25		0.185506
102.375		0.185506
102.5		0.185506
102.625		0.185506
102.75		0.185506
102.875		0.185506
103		0.185506
103.125		0.186702
103.25		0.186702
103.375		0.186702
103.5		0.186702
103.625		0.186702
103.75		0.186702
103.875		0.186702
104		0.186702
104.125		0.192604
104.25		0.192604
104.375		0.192604
104.5		0.192604
104.625		0.192604
104.75		0.192604
104.875		0.192604
105		0.192604
105.125		0.193052
105.25		0.193052
105.375		0.193052
105.5		0.193052
105.625		0.193052
105.75		0.193052
105.875		0.193052
106		0.193052
106.125		0.194098
106.25		0.194098
106.375		0.194098
106.5		0.194098
106.625		0.194098
106.75		0.194098
106.875		0.194098
107		0.194098
107.125		0.19477
107.25		0.19477
107.375		0.19477
107.5		0.19477
107.625		0.19477
107.75		0.19477
107.875		0.19477
108		0.19477
108.125		0.201195
108.25		0.201195
108.375		0.201195
108.5		0.201195
108.625		0.201195
108.75		0.201195
108.875		0.201195
109		0.201195
109.125		0.202465
109.25		0.202465
109.375		0.202465
109.5		0.202465
109.625		0.202465
109.75		0.202465
109.875		0.202465
110		0.202465
110.125		0.205006
110.25		0.205006
110.375		0.205006
110.5		0.205006
110.625		0.205006
110.75		0.205006
110.875		0.205006
111		0.205006
111.125		0.206276
111.25		0.206276
111.375		0.206276
111.5		0.206276
111.625		0.206276
111.75		0.206276
111.875		0.206276
112		0.206276
112.125		0.206948
112.25		0.206948
112.375		0.206948
112.5		0.206948
112.625		0.206948
112.75		0.206948
112.875		0.206948
113		0.206948
113.125		0.21158
113.25		0.21158
113.375		0.21158
113.5		0.21158
113.625		0.21158
113.75		0.21158
113.875		0.21158
114		0.21158
114.125		0.21285
114.25		0.21285
114.375		0.21285
114.5		0.21285
114.625		0.21285
114.75		0.21285
114.875		0.21285
115		0.21285
115.125		0.213821
115.25		0.213821
115.375		0.213821
115.5		0.213821
115.625		0.213821
115.75		0.213821
115.875		0.213821
116		0.213821
116.125		0.216362
116.25		0.216362
116.375		0.216362
116.5		0.216362
116.625		0.216362
116.75		0.216362
116.875		0.216362
117		0.216362
117.125		0.216885
117.25		0.216885
117.375		0.216885
117.5		0.216885
117.625		0.216885
117.75		0.216885
117.875		0.216885
118		0.216885
118.125		0.22458
118.25		0.22458
118.375		0.22458
118.5		0.22458
118.625		0.22458
118.75		0.22458
118.875		0.22458
119		0.22458
119.125		0.226522
119.25		0.226522
119.375		0.226522
119.5		0.226522
119.625		0.226522
119.75		0.226522
119.875		0.226522
120		0.226522
120.125		0.227643
120.25		0.227643
120.375		0.227643
120.5		0.227643
120.625		0.227643
120.75		0.227643
120.875		0.227643
121		0.227643
121.125		0.232873
121.25		0.232873
121.375		0.232873
121.5		0.232873
121.625		0.232873
121.75		0.232873
121.875		0.232873
122		0.232873
122.125		0.235263
122.25		0.235263
122.375		0.235263
122.5		0.235263
122.625		0.235263
122.75		0.235263
122.875		0.235263
123		0.235263
123.125		0.236384
123.25		0.236384
123.375		0.236384
123.5		0.236384
123.625		0.236384
123.75		0.236384
123.875		0.236384
124		0.236384
124.125		0.236982
124.25		0.236982
124.375		0.236982
124.5		0.236982
124.625		0.236982
124.75		0.236982
124.875		0.236982
125		0.236982
125.125		0.242062
125.25		0.242062
125.375		0.242062
125.5		0.242062
125.625		0.242062
125.75		0.242062
125.875		0.242062
126		0.242062
126.125		0.244602
126.25		0.244602
126.375		0.244602
126.5		0.244602
126.625		0.244602
126.75		0.244602
126.875		0.244602
127		0.244602
127.125		0.24901
127.25		0.24901
127.375		0.24901
127.5		0.24901
127.625		0.24901
127.75		0.24901
127.875		0.24901
128		0.24901
128.125		0.24901
128.25		0.24901
128.375		0.24901
128.5		0.24901
128.625		0.24901
128.75		0.24901
128.875		0.24901
129		0.24901
129.125		0.250579
129.25		0.250579
129.375		0.250579
129.5		0.250579
129.625		0.250579
129.75		0.250579
129.875		0.250579
130		0.250579
130.125		0.252746
130.25		0.252746
130.375		0.252746
130.5		0.252746
130.625		0.252746
130.75		0.252746
130.875		0.252746
131		0.252746
131.125		0.255435
131.25		0.255435
131.375		0.255435
131.5		0.255435
131.625		0.255435
131.75		0.255435
131.875		0.255435
132		0.255435
132.125		0.258199
132.25		0.258199
132.375		0.258199
132.5		0.258199
132.625		0.258199
132.75		0.258199
132.875		0.258199
133		0.258199
133.125		0.258648
133.25		0.258648
133.375		0.258648
133.5		0.258648
133.625		0.258648
133.75		0.258648
133.875		0.258648
134		0.258648
134.125		0.261412
134.25		0.261412
134.375		0.261412
134.5		0.261412
134.625		0.261412
134.75		0.261412
134.875		0.261412
135		0.261412
135.125		0.261935
135.25		0.261935
135.375		0.261935
135.5		0.261935
135.625		0.261935
135.75		0.261935
135.875		0.261935
136		0.261935
136.125		0.26455
136.25		0.26455
136.375		0.26455
136.5		0.26455
136.625		0.26455
136.75		0.26455
136.875		0.26455
137		0.26455
137.125		0.267015
137.25		0.267015
137.375		0.267015
137.5		0.267015
137.625		0.267015
137.75		0.267015
137.875		0.267015
138		0.267015
138.125		0.270377
138.25		0.270377
138.375		0.270377
138.5		0.270377
138.625		0.270377
138.75		0.270377
138.875		0.270377
139		0.270377
139.125		0.271722
139.25		0.271722
139.375		0.271722
139.5		0.271722
139.625		0.271722
139.75		0.271722
139.875		0.271722
140		0.271722
140.125		0.27344
140.25		0.27344
140.375		0.27344
140.5		0.27344
140.625		0.27344
140.75		0.27344
140.875		0.27344
141		0.27344
141.125		0.277475
141.25		0.277475
141.375		0.277475
141.5		0.277475
141.625		0.277475
141.75		0.277475
141.875		0.277475
142		0.277475
142.125		0.277848
142.25		0.277848
142.375		0.277848
142.5		0.277848
142.625		0.277848
142.75		0.277848
142.875		0.277848
143		0.277848
143.125		0.282256
143.25		0.282256
143.375		0.282256
143.5		0.282256
143.625		0.282256
143.75		0.282256
143.875		0.282256
144		0.282256
144.125		0.284124
144.25		0.284124
144.375		0.284124
144.5		0.284124
144.625		0.284124
144.75		0.284124
144.875		0.284124
145		0.284124
145.125		0.284796
145.25		0.284796
145.375		0.284796
145.5		0.284796
145.625		0.284796
145.75		0.284796
145.875		0.284796
146		0.284796
146.125		0.288084
146.25		0.288084
146.375		0.288084
146.5		0.288084
146.625		0.288084
146.75		0.288084
146.875		0.288084
147		0.288084
147.125		0.288233
147.25		0.288233
147.375		0.288233
147.5		0.288233
147.625		0.288233
147.75		0.288233
147.875		0.288233
148		0.288233
148.125		0.290773
148.25		0.290773
148.375		0.290773
148.5		0.290773
148.625		0.290773
148.75		0.290773
148.875		0.290773
149		0.290773
149.125		0.294135
149.25		0.294135
149.375		0.294135
149.5		0.294135
149.625		0.294135
149.75		0.294135
149.875		0.294135
150		0.294135
150.125		0.297049
150.25		0.297049
150.375		0.297049
150.5		0.297049
150.625		0.297049
150.75		0.297049
150.875		0.297049
151		0.297049
151.125		0.299963
151.25		0.299963
151.375		0.299963
151.5		0.299963
151.625		0.299963
151.75		0.299963
151.875		0.299963
152		0.299963
152.125		0.300635
152.25		0.300635
152.375		0.300635
152.5		0.300635
152.625		0.300635
152.75		0.300635
152.875		0.300635
153		0.300635
153.125		0.301457
153.25		0.301457
153.375		0.301457
153.5		0.301457
153.625		0.301457
153.75		0.301457
153.875		0.301457
154		0.301457
154.125		0.304744
154.25		0.304744
154.375		0.304744
154.5		0.304744
154.625		0.304744
154.75		0.304744
154.875		0.304744
155		0.304744
155.125		0.304819
155.25		0.304819
155.375		0.304819
155.5		0.304819
155.625		0.304819
155.75		0.304819
155.875		0.304819
156		0.304819
156.125		0.307882
156.25		0.307882
156.375		0.307882
156.5		0.307882
156.625		0.307882
156.75		0.307882
156.875		0.307882
157		0.307882
157.125		0.310198
157.25		0.310198
157.375		0.310198
157.5		0.310198
157.625		0.310198
157.75		0.310198
157.875		0.310198
158		0.310198
158.125		0.312589
158.25		0.312589
158.375		0.312589
158.5		0.312589
158.625		0.312589
158.75		0.312589
158.875		0.312589
159		0.312589
159.125		0.314083
159.25		0.314083
159.375		0.314083
159.5		0.314083
159.625		0.314083
159.75		0.314083
159.875		0.314083
160		0.314083
160.125		0.315278
160.25		0.315278
160.375		0.315278
160.5		0.315278
160.625		0.315278
160.75		0.315278
160.875		0.315278
161		0.315278
161.125		0.317744
161.25		0.317744
161.375		0.317744
161.5		0.317744
161.625		0.317744
161.75		0.317744
161.875		0.317744
162		0.317744
162.125		0.31864
162.25		0.31864
162.375		0.31864
162.5		0.31864
162.625		0.31864
162.75		0.31864
162.875		0.31864
163		0.31864
163.125		0.321554
163.25		0.321554
163.375		0.321554
163.5		0.321554
163.625		0.321554
163.75		0.321554
163.875		0.321554
164		0.321554
164.125		0.323272
164.25		0.323272
164.375		0.323272
164.5		0.323272
164.625		0.323272
164.75		0.323272
164.875		0.323272
165		0.323272
165.125		0.325439
165.25		0.325439
165.375		0.325439
165.5		0.325439
165.625		0.325439
165.75		0.325439
165.875		0.325439
166		0.325439
166.125		0.328427
166.25		0.328427
166.375		0.328427
166.5		0.328427
166.625		0.328427
166.75		0.328427
166.875		0.328427
167		0.328427
167.125		0.329697
167.25		0.329697
167.375		0.329697
167.5		0.329697
167.625		0.329697
167.75		0.329697
167.875		0.329697
168		0.329697
168.125		0.329996
168.25		0.329996
168.375		0.329996
168.5		0.329996
168.625		0.329996
168.75		0.329996
168.875		0.329996
169		0.329996
169.125		0.330445
169.25		0.330445
169.375		0.330445
169.5		0.330445
169.625		0.330445
169.75		0.330445
169.875		0.330445
170		0.330445
170.125		0.335749
170.25		0.335749
170.375		0.335749
170.5		0.335749
170.625		0.335749
170.75		0.335749
170.875		0.335749
171		0.335749
171.125		0.337094
171.25		0.337094
171.375		0.337094
171.5		0.337094
171.625		0.337094
171.75		0.337094
171.875		0.337094
172		0.337094
172.125		0.339111
172.25		0.339111
172.375		0.339111
172.5		0.339111
172.625		0.339111
172.75		0.339111
172.875		0.339111
173		0.339111
173.125		0.342174
173.25		0.342174
173.375		0.342174
173.5		0.342174
173.625		0.342174
173.75		0.342174
173.875		0.342174
174		0.342174
174.125		0.343071
174.25		0.343071
174.375		0.343071
174.5		0.343071
174.625		0.343071
174.75		0.343071
174.875		0.343071
175		0.343071
175.125		0.347479
175.25		0.347479
175.375		0.347479
175.5		0.347479
175.625		0.347479
175.75		0.347479
175.875		0.347479
176		0.347479
176.125		0.349197
176.25		0.349197
176.375		0.349197
176.5		0.349197
176.625		0.349197
176.75		0.349197
176.875		0.349197
177		0.349197
177.125		0.352185
177.25		0.352185
177.375		0.352185
177.5		0.352185
177.625		0.352185
177.75		0.352185
177.875		0.352185
178		0.352185
178.125		0.353306
178.25		0.353306
178.375		0.353306
178.5		0.353306
178.625		0.353306
178.75		0.353306
178.875		0.353306
179		0.353306
179.125		0.355697
179.25		0.355697
179.375		0.355697
179.5		0.355697
179.625		0.355697
179.75		0.355697
179.875		0.355697
180		0.355697
180.125		0.360478
180.25		0.360478
180.375		0.360478
180.5		0.360478
180.625		0.360478
180.75		0.360478
180.875		0.360478
181		0.360478
181.125		0.362122
181.25		0.362122
181.375		0.362122
181.5		0.362122
181.625		0.362122
181.75		0.362122
181.875		0.362122
182		0.362122
182.125		0.363317
182.25		0.363317
182.375		0.363317
182.5		0.363317
182.625		0.363317
182.75		0.363317
182.875		0.363317
183		0.363317
183.125		0.364662
183.25		0.364662
183.375		0.364662
183.5		0.364662
183.625		0.364662
183.75		0.364662
183.875		0.364662
184		0.364662
184.125		0.370564
184.25		0.370564
184.375		0.370564
184.5		0.370564
184.625		0.370564
184.75		0.370564
184.875		0.370564
185		0.370564
185.125		0.371012
185.25		0.371012
185.375		0.371012
185.5		0.371012
185.625		0.371012
185.75		0.371012
185.875		0.371012
186		0.371012
186.125		0.37303
186.25		0.37303
186.375		0.37303
186.5		0.37303
186.625		0.37303
186.75		0.37303
186.875		0.37303
187		0.37303
187.125		0.373254
187.25		0.373254
187.375		0.373254
187.5		0.373254
187.625		0.373254
187.75		0.373254
187.875		0.373254
188		0.373254
188.125		0.378558
188.25		0.378558
188.375		0.378558
188.5		0.378558
188.625		0.378558
188.75		0.378558
188.875		0.378558
189		0.378558
189.125		0.380799
189.25		0.380799
189.375		0.380799
189.5		0.380799
189.625		0.380799
189.75		0.380799
189.875		0.380799
190		0.380799
190.125		0.382069
190.25		0.382069
190.375		0.382069
190.5		0.382069
190.625		0.382069
190.75		0.382069
190.875		0.382069
191		0.382069
191.125		0.382294
191.25		0.382294
191.375		0.382294
191.5		0.382294
191.625		0.382294
191.75		0.382294
191.875		0.382294
192		0.382294
192.125		0.38842
192.25		0.38842
192.375		0.38842
192.5		0.38842
192.625		0.38842
192.75		0.38842
192.875		0.38842
193		0.38842
193.125		0.388644
193.25		0.388644
193.375		0.388644
193.5		0.388644
193.625		0.388644
193.75		0.388644
193.875		0.388644
194		0.388644
194.125		0.389615
194.25		0.389615
194.375		0.389615
194.5		0.389615
194.625		0.389615
194.75		0.389615
194.875		0.389615
195		0.389615
195.125		0.392828
195.25		0.392828
195.375		0.392828
195.5		0.392828
195.625		0.392828
195.75		0.392828
195.875		0.392828
196		0.392828
196.125		0.393948
196.25		0.393948
196.375		0.393948
196.5		0.393948
196.625		0.393948
196.75		0.393948
196.875		0.393948
197		0.393948
197.125		0.396862
197.25		0.396862
197.375		0.396862
197.5		0.396862
197.625		0.396862
197.75		0.396862
197.875		0.396862
198		0.396862
198.125		0.397161
198.25		0.397161
198.375		0.397161
198.5		0.397161
198.625		0.397161
198.75		0.397161
198.875		0.397161
199		0.397161
199.125		0.400747
199.25		0.400747
199.375		0.400747
199.5		0.400747
199.625		0.400747
199.75		0.400747
199.875		0.400747
200		0.400747
200.125		0.402391
200.25		0.402391
200.375		0.402391
200.5		0.402391
200.625		0.402391
200.75		0.402391
200.875		0.402391
201		0.402391
201.125		0.405977
201.25		0.405977
201.375		0.405977
201.5		0.405977
201.625		0.405977
201.75		0.405977
201.875		0.405977
202		0.405977
202.125		0.407172
202.25		0.407172
202.375		0.407172
202.5		0.407172
202.625		0.407172
202.75		0.407172
202.875		0.407172
203		0.407172
203.125		0.408218
203.25		0.408218
203.375		0.408218
203.5		0.408218
203.625		0.408218
203.75		0.408218
203.875		0.408218
204		0.408218
204.125		0.410161
204.25		0.410161
204.375		0.410161
204.5		0.410161
204.625		0.410161
204.75		0.410161
204.875		0.410161
205		0.410161
205.125		0.412925
205.25		0.412925
205.375		0.412925
205.5		0.412925
205.625		0.412925
205.75		0.412925
205.875		0.412925
206		0.412925
206.125		0.41681
206.25		0.41681
206.375		0.41681
206.5		0.41681
206.625		0.41681
206.75		0.41681
206.875		0.41681
207		0.41681
207.125		0.417706
207.25		0.417706
207.375		0.417706
207.5		0.417706
207.625		0.417706
207.75		0.417706
207.875		0.417706
208		0.417706
208.125		0.419201
208.25		0.419201
208.375		0.419201
208.5		0.419201
208.625		0.419201
208.75		0.419201
208.875		0.419201
209		0.419201
209.125		0.420994
209.25		0.420994
209.375		0.420994
209.5		0.420994
209.625		0.420994
209.75		0.420994
209.875		0.420994
210		0.420994
210.125		0.424505
210.25		0.424505
210.375		0.424505
210.5		0.424505
210.625		0.424505
210.75		0.424505
210.875		0.424505
211		0.424505
211.125		0.428465
211.25		0.428465
211.375		0.428465
211.5		0.428465
211.625		0.428465
211.75		0.428465
211.875		0.428465
212		0.428465
212.125		0.428838
212.25		0.428838
212.375		0.428838
212.5		0.428838
212.625		0.428838
212.75		0.428838
212.875		0.428838
213		0.428838
213.125		0.430183
213.25		0.430183
213.375		0.430183
213.5		0.430183
213.625		0.430183
213.75		0.430183
213.875		0.430183
214		0.430183
214.125		0.433769
214.25		0.433769
214.375		0.433769
214.5		0.433769
214.625		0.433769
214.75		0.433769
214.875		0.433769
215		0.433769
215.125		0.43474
215.25		0.43474
215.375		0.43474
215.5		0.43474
215.625		0.43474
215.75		0.43474
215.875		0.43474
216		0.43474
216.125		0.435114
216.25		0.435114
216.375		0.435114
216.5		0.435114
216.625		0.435114
216.75		0.435114
216.875		0.435114
217		0.435114
217.125		0.43743
217.25		0.43743
217.375		0.43743
217.5		0.43743
217.625		0.43743
217.75		0.43743
217.875		0.43743
218		0.43743
218.125		0.439895
218.25		0.439895
218.375		0.439895
218.5		0.439895
218.625		0.439895
218.75		0.439895
218.875		0.439895
219		0.439895
219.125		0.445648
219.25		0.445648
219.375		0.445648
219.5		0.445648
219.625		0.445648
219.75		0.445648
219.875		0.445648
220		0.445648
220.125		0.445798
220.25		0.445798
220.375		0.445798
220.5		0.445798
220.625		0.445798
220.75		0.445798
220.875		0.445798
221		0.445798
221.125		0.445947
221.25		0.445947
221.375		0.445947
221.5		0.445947
221.625		0.445947
221.75		0.445947
221.875		0.445947
222		0.445947
222.125		0.449981
222.25		0.449981
222.375		0.449981
222.5		0.449981
222.625		0.449981
222.75		0.449981
222.875		0.449981
223		0.449981
223.125		0.451924
223.25		0.451924
223.375		0.451924
223.5		0.451924
223.625		0.451924
223.75		0.451924
223.875		0.451924
224		0.451924
224.125		0.454688
224.25		0.454688
224.375		0.454688
224.5		0.454688
224.625		0.454688
224.75		0.454688
224.875		0.454688
225		0.454688
225.125		0.457602
225.25		0.457602
225.375		0.457602
225.5		0.457602
225.625		0.457602
225.75		0.457602
225.875		0.457602
226		0.457602
226.125		0.458573
226.25		0.458573
226.375		0.458573
226.5		0.458573
226.625		0.458573
226.75		0.458573
226.875		0.458573
227		0.458573
227.125		0.458947
227.25		0.458947
227.375		0.458947
227.5		0.458947
227.625		0.458947
227.75		0.458947
227.875		0.458947
228		0.458947
228.125		0.465521
228.25		0.465521
228.375		0.465521
228.5		0.465521
228.625		0.465521
228.75		0.465521
228.875		0.465521
229		0.465521
229.125		0.46582
229.25		0.46582
229.375		0.46582
229.5		0.46582
229.625		0.46582
229.75		0.46582
229.875		0.46582
230		0.46582
230.125		0.466343
230.25		0.466343
230.375		0.466343
230.5		0.466343
230.625		0.466343
230.75		0.466343
230.875		0.466343
231		0.466343
231.125		0.467912
231.25		0.467912
231.375		0.467912
231.5		0.467912
231.625		0.467912
231.75		0.467912
231.875		0.467912
232		0.467912
232.125		0.473291
232.25		0.473291
232.375		0.473291
232.5		0.473291
232.625		0.473291
232.75		0.473291
232.875		0.473291
233		0.473291
233.125		0.475607
233.25		0.475607
233.375		0.475607
233.5		0.475607
233.625		0.475607
233.75		0.475607
233.875		0.475607
234		0.475607
234.125		0.475981
234.25		0.475981
234.375		0.475981
234.5		0.475981
234.625		0.475981
234.75		0.475981
234.875		0.475981
235		0.475981
235.125		0.476653
235.25		0.476653
235.375		0.476653
235.5		0.476653
235.625		0.476653
235.75		0.476653
235.875		0.476653
236		0.476653
236.125		0.481061
236.25		0.481061
236.375		0.481061
236.5		0.481061
236.625		0.481061
236.75		0.481061
236.875		0.481061
237		0.481061
237.125		0.483601
237.25		0.483601
237.375		0.483601
237.5		0.483601
237.625		0.483601
237.75		0.483601
237.875		0.483601
238		0.483601
238.125		0.484946
238.25		0.484946
238.375		0.484946
238.5		0.484946
238.625		0.484946
238.75		0.484946
238.875		0.484946
239		0.484946
239.125		0.486141
239.25		0.486141
239.375		0.486141
239.5		0.486141
239.625		0.486141
239.75		0.486141
239.875		0.486141
240		0.486141
240.125		0.487486
240.25		0.487486
240.375		0.487486
240.5		0.487486
240.625		0.487486
240.75		0.487486
240.875		0.487486
241		0.487486
241.125		0.49025
241.25		0.49025
241.375		0.49025
241.5		0.49025
241.625		0.49025
241.75		0.49025
241.875		0.49025
242		0.49025
242.125		0.491894
242.25		0.491894
242.375		0.491894
242.5		0.491894
242.625		0.491894
242.75		0.491894
242.875		0.491894
243		0.491894
243.125		0.492865
243.25		0.492865
243.375		0.492865
243.5		0.492865
243.625		0.492865
243.75		0.492865
243.875		0.492865
244		0.492865
244.125		0.497198
244.25		0.497198
244.375		0.497198
244.5		0.497198
244.625		0.497198
244.75		0.497198
244.875		0.497198
245		0.497198
245.125		0.499589
245.25		0.499589
245.375		0.499589
245.5		0.499589
245.625		0.499589
245.75		0.499589
245.875		0.499589
246		0.499589
246.125		0.499888
246.25		0.499888
246.375		0.499888
246.5		0.499888
246.625		0.499888
246.75		0.499888
246.875		0.499888
247		0.499888
247.125		0.50183
247.25		0.50183
247.375		0.50183
247.5		0.50183
247.625		0.50183
247.75		0.50183
247.875		0.50183
248		0.50183
248.125		0.505715
248.25		0.505715
248.375		0.505715
248.5		0.505715
248.625		0.505715
248.75		0.505715
248.875		0.505715
249		0.505715
249.125		0.509376
249.25		0.509376
249.375		0.509376
249.5		0.509376
249.625		0.509376
249.75		0.509376
249.875		0.509376
250		0.509376
250.125		0.514681
250.25		0.514681
250.375		0.514681
250.5		0.514681
250.625		0.514681
250.75		0.514681
250.875		0.514681
251		0.514681
251.125		0.514755
251.25		0.514755
251.375		0.514755
251.5		0.514755
251.625		0.514755
251.75		0.514755
251.875		0.514755
252		0.514755
252.125		0.51483
252.25		0.51483
252.375		0.51483
252.5		0.51483
252.625		0.51483
252.75		0.51483
252.875		0.51483
253		0.51483
253.125		0.520209
253.25		0.520209
253.375		0.520209
253.5		0.520209
253.625		0.520209
253.75		0.520209
253.875		0.520209
254		0.520209
254.125		0.52133
254.25		0.52133
254.375		0.52133
254.5		0.52133
254.625		0.52133
254.75		0.52133
254.875		0.52133
255		0.52133
255.125		0.521479
255.25		0.521479
255.375		0.521479
255.5		0.521479
255.625		0.521479
255.75		0.521479
255.875		0.521479
256		0.521479
256.125		0.524617
256.25		0.524617
256.375		0.524617
256.5		0.524617
256.625		0.524617
256.75		0.524617
256.875		0.524617
257		0.524617
257.125		0.524767
257.25		0.524767
257.375		0.524767
257.5		0.524767
257.625		0.524767
257.75		0.524767
257.875		0.524767
258		0.524767
258.125		0.531864
258.25		0.531864
258.375		0.531864
258.5		0.531864
258.625		0.531864
258.75		0.531864
258.875		0.531864
259		0.531864
259.125		0.532163
259.25		0.532163
259.375		0.532163
259.5		0.532163
259.625		0.532163
259.75		0.532163
259.875		0.532163
260		0.532163
260.125		0.533209
260.25		0.533209
260.375		0.533209
260.5		0.533209
260.625		0.533209
260.75		0.533209
260.875		0.533209
261		0.533209
261.125		0.533582
261.25		0.533582
261.375		0.533582
261.5		0.533582
261.625		0.533582
261.75		0.533582
261.875		0.533582
262		0.533582
262.125		0.539933
262.25		0.539933
262.375		0.539933
262.5		0.539933
262.625		0.539933
262.75		0.539933
262.875		0.539933
263		0.539933
263.125		0.541502
263.25		0.541502
263.375		0.541502
263.5		0.541502
263.625		0.541502
263.75		0.541502
263.875		0.541502
264		0.541502
264.125		0.541875
264.25		0.541875
264.375		0.541875
264.5		0.541875
264.625		0.541875
264.75		0.541875
264.875		0.541875
265		0.541875
265.125		0.545611
265.25		0.545611
265.375		0.545611
265.5		0.545611
265.625		0.545611
265.75		0.545611
265.875		0.545611
266		0.545611
266.125		0.54591
266.25		0.54591
266.375		0.54591
266.5		0.54591
266.625		0.54591
266.75		0.54591
266.875		0.54591
267		0.54591
267.125		0.550915
267.25		0.550915
267.375		0.550915
267.5		0.550915
267.625		0.550915
267.75		0.550915
267.875		0.550915
268		0.550915
268.125		0.551214
268.25		0.551214
268.375		0.551214
268.5		0.551214
268.625		0.551214
268.75		0.551214
268.875		0.551214
269		0.551214
269.125		0.55607
269.25		0.55607
269.375		0.55607
269.5		0.55607
269.625		0.55607
269.75		0.55607
269.875		0.55607
270		0.55607
270.125		0.55622
270.25		0.55622
270.375		0.55622
270.5		0.55622
270.625		0.55622
270.75		0.55622
270.875		0.55622
271		0.55622
271.125		0.557191
271.25		0.557191
271.375		0.557191
271.5		0.557191
271.625		0.557191
271.75		0.557191
271.875		0.557191
272		0.557191
272.125		0.562271
272.25		0.562271
272.375		0.562271
272.5		0.562271
272.625		0.562271
272.75		0.562271
272.875		0.562271
273		0.562271
273.125		0.562869
273.25		0.562869
273.375		0.562869
273.5		0.562869
273.625		0.562869
273.75		0.562869
273.875		0.562869
274		0.562869
274.125		0.568846
274.25		0.568846
274.375		0.568846
274.5		0.568846
274.625		0.568846
274.75		0.568846
274.875		0.568846
275		0.568846
275.125		0.571311
275.25		0.571311
275.375		0.571311
275.5		0.571311
275.625		0.571311
275.75		0.571311
275.875		0.571311
276		0.571311
276.125		0.571685
276.25		0.571685
276.375		0.571685
276.5		0.571685
276.625		0.571685
276.75		0.571685
276.875		0.571685
277		0.571685
277.125		0.572656
277.25		0.572656
277.375		0.572656
277.5		0.572656
277.625		0.572656
277.75		0.572656
277.875		0.572656
278		0.572656
278.125		0.575644
278.25		0.575644
278.375		0.575644
278.5		0.575644
278.625		0.575644
278.75		0.575644
278.875		0.575644
279		0.575644
279.125		0.580127
279.25		0.580127
279.375		0.580127
279.5		0.580127
279.625		0.580127
279.75		0.580127
279.875		0.580127
280		0.580127
280.125		0.581995
280.25		0.581995
280.375		0.581995
280.5		0.581995
280.625		0.581995
280.75		0.581995
280.875		0.581995
281		0.581995
281.125		0.582966
281.25		0.582966
281.375		0.582966
281.5		0.582966
281.625		0.582966
281.75		0.582966
281.875		0.582966
282		0.582966
282.125		0.58446
282.25		0.58446
282.375		0.58446
282.5		0.58446
282.625		0.58446
282.75		0.58446
282.875		0.58446
283		0.58446
283.125		0.58461
283.25		0.58461
283.375		0.58461
283.5		0.58461
283.625		0.58461
283.75		0.58461
283.875		0.58461
284		0.58461
284.125		0.589316
284.25		0.589316
284.375		0.589316
284.5		0.589316
284.625		0.589316
284.75		0.589316
284.875		0.589316
285		0.589316
285.125		0.589765
285.25		0.589765
285.375		0.589765
285.5		0.589765
285.625		0.589765
285.75		0.589765
285.875		0.589765
286		0.589765
286.125		0.591408
286.25		0.591408
286.375		0.591408
286.5		0.591408
286.625		0.591408
286.75		0.591408
286.875		0.591408
287		0.591408
287.125		0.595517
287.25		0.595517
287.375		0.595517
287.5		0.595517
287.625		0.595517
287.75		0.595517
287.875		0.595517
288		0.595517
288.125		0.597535
288.25		0.597535
288.375		0.597535
288.5		0.597535
288.625		0.597535
288.75		0.597535
288.875		0.597535
289		0.597535
289.125		0.599402
289.25		0.599402
289.375		0.599402
289.5		0.599402
289.625		0.599402
289.75		0.599402
289.875		0.599402
290		0.599402
290.125		0.60127
290.25		0.60127
290.375		0.60127
290.5		0.60127
290.625		0.60127
290.75		0.60127
290.875		0.60127
291		0.60127
291.125		0.602092
291.25		0.602092
291.375		0.602092
291.5		0.602092
291.625		0.602092
291.75		0.602092
291.875		0.602092
292		0.602092
292.125		0.606575
292.25		0.606575
292.375		0.606575
292.5		0.606575
292.625		0.606575
292.75		0.606575
292.875		0.606575
293		0.606575
293.125		0.608442
293.25		0.608442
293.375		0.608442
293.5		0.608442
293.625		0.608442
293.75		0.608442
293.875		0.608442
294		0.608442
294.125		0.611879
294.25		0.611879
294.375		0.611879
294.5		0.611879
294.625		0.611879
294.75		0.611879
294.875		0.611879
295		0.611879
295.125		0.612402
295.25		0.612402
295.375		0.612402
295.5		0.612402
295.625		0.612402
295.75		0.612402
295.875		0.612402
296		0.612402
296.125		0.614942
296.25		0.614942
296.375		0.614942
296.5		0.614942
296.625		0.614942
296.75		0.614942
296.875		0.614942
297		0.614942
297.125		0.616137
297.25		0.616137
297.375		0.616137
297.5		0.616137
297.625		0.616137
297.75		0.616137
297.875		0.616137
298		0.616137
298.125		0.617632
298.25		0.617632
298.375		0.617632
298.5		0.617632
298.625		0.617632
298.75		0.617632
298.875		0.617632
299		0.617632
299.125		0.618752
299.25		0.618752
299.375		0.618752
299.5		0.618752
299.625		0.618752
299.75		0.618752
299.875		0.618752
300		0.618752
300.125		0.622189
300.25		0.622189
300.375		0.622189
300.5		0.622189
300.625		0.622189
300.75		0.622189
300.875		0.622189
301		0.622189
301.125		0.625177
301.25		0.625177
301.375		0.625177
301.5		0.625177
301.625		0.625177
301.75		0.625177
301.875		0.625177
302		0.625177
302.125		0.625551
302.25		0.625551
302.375		0.625551
302.5		0.625551
302.625		0.625551
302.75		0.625551
302.875		0.625551
303		0.625551
303.125		0.627344
303.25		0.627344
303.375		0.627344
303.5		0.627344
303.625		0.627344
303.75		0.627344
303.875		0.627344
304		0.627344
304.125		0.629287
304.25		0.629287
304.375		0.629287
304.5		0.629287
304.625		0.629287
304.75		0.629287
304.875		0.629287
305		0.629287
305.125		0.632648
305.25		0.632648
305.375		0.632648
305.5		0.632648
305.625		0.632648
305.75		0.632648
305.875		0.632648
306		0.632648
306.125		0.63474
306.25		0.63474
306.375		0.63474
306.5		0.63474
306.625		0.63474
306.75		0.63474
306.875		0.63474
307		0.63474
307.125		0.637281
307.25		0.637281
307.375		0.637281
307.5		0.637281
307.625		0.637281
307.75		0.637281
307.875		0.637281
308		0.637281
308.125		0.640194
308.25		0.640194
308.375		0.640194
308.5		0.640194
308.625		0.640194
308.75		0.640194
308.875		0.640194
309		0.640194
309.125		0.640792
309.25		0.640792
309.375		0.640792
309.5		0.640792
309.625		0.640792
309.75		0.640792
309.875		0.640792
310		0.640792
310.125		0.645499
310.25		0.645499
310.375		0.645499
310.5		0.645499
310.625		0.645499
310.75		0.645499
310.875		0.645499
311		0.645499
311.125		0.648412
311.25		0.648412
311.375		0.648412
311.5		0.648412
311.625		0.648412
311.75		0.648412
311.875		0.648412
312		0.648412
312.125		0.64916
312.25		0.64916
312.375		0.64916
312.5		0.64916
312.625		0.64916
312.75		0.64916
312.875		0.64916
313		0.64916
313.125		0.652297
313.25		0.652297
313.375		0.652297
313.5		0.652297
313.625		0.652297
313.75		0.652297
313.875		0.652297
314		0.652297
314.125		0.655585
314.25		0.655585
314.375		0.655585
314.5		0.655585
314.625		0.655585
314.75		0.655585
314.875		0.655585
315		0.655585
315.125		0.655585
315.25		0.655585
315.375		0.655585
315.5		0.655585
315.625		0.655585
315.75		0.655585
315.875		0.655585
316		0.655585
316.125		0.656556
316.25		0.656556
316.375		0.656556
316.5		0.656556
316.625		0.656556
316.75		0.656556
316.875		0.656556
317		0.656556
317.125		0.659619
317.25		0.659619
317.375		0.659619
317.5		0.659619
317.625		0.659619
317.75		0.659619
317.875		0.659619
318		0.659619
318.125		0.662906
318.25		0.662906
318.375		0.662906
318.5		0.662906
318.625		0.662906
318.75		0.662906
318.875		0.662906
319		0.662906
319.125		0.665222
319.25		0.665222
319.375		0.665222
319.5		0.665222
319.625		0.665222
319.75		0.665222
319.875		0.665222
320		0.665222
320.125		0.665521
320.25		0.665521
320.375		0.665521
320.5		0.665521
320.625		0.665521
320.75		0.665521
320.875		0.665521
321		0.665521
321.125		0.667389
321.25		0.667389
321.375		0.667389
321.5		0.667389
321.625		0.667389
321.75		0.667389
321.875		0.667389
322		0.667389
322.125		0.670527
322.25		0.670527
322.375		0.670527
322.5		0.670527
322.625		0.670527
322.75		0.670527
322.875		0.670527
323		0.670527
323.125		0.671498
323.25		0.671498
323.375		0.671498
323.5		0.671498
323.625		0.671498
323.75		0.671498
323.875		0.671498
324		0.671498
324.125		0.672021
324.25		0.672021
324.375		0.672021
324.5		0.672021
324.625		0.672021
324.75		0.672021
324.875		0.672021
325		0.672021
325.125		0.675308
325.25		0.675308
325.375		0.675308
325.5		0.675308
325.625		0.675308
325.75		0.675308
325.875		0.675308
326		0.675308
326.125		0.677998
326.25		0.677998
326.375		0.677998
326.5		0.677998
326.625		0.677998
326.75		0.677998
326.875		0.677998
327		0.677998
327.125		0.68136
327.25		0.68136
327.375		0.68136
327.5		0.68136
327.625		0.68136
327.75		0.68136
327.875		0.68136
328		0.68136
328.125		0.681509
328.25		0.681509
328.375		0.681509
328.5		0.681509
328.625		0.681509
328.75		0.681509
328.875		0.681509
329		0.681509
329.125		0.685842
329.25		0.685842
329.375		0.685842
329.5		0.685842
329.625		0.685842
329.75		0.685842
329.875		0.685842
330		0.685842
330.125		0.685842
330.25		0.685842
330.375		0.685842
330.5		0.685842
330.625		0.685842
330.75		0.685842
330.875		0.685842
331		0.685842
331.125		0.688756
331.25		0.688756
331.375		0.688756
331.5		0.688756
331.625		0.688756
331.75		0.688756
331.875		0.688756
332		0.688756
332.125		0.689653
332.25		0.689653
332.375		0.689653
332.5		0.689653
332.625		0.689653
332.75		0.689653
332.875		0.689653
333		0.689653
333.125		0.690773
333.25		0.690773
333.375		0.690773
333.5		0.690773
333.625		0.690773
333.75		0.690773
333.875		0.690773
334		0.690773
334.125		0.693239
334.25		0.693239
334.375		0.693239
334.5		0.693239
334.625		0.693239
334.75		0.693239
334.875		0.693239
335		0.693239
335.125		0.694359
335.25		0.694359
335.375		0.694359
335.5		0.694359
335.625		0.694359
335.75		0.694359
335.875		0.694359
336		0.694359
336.125		0.698095
336.25		0.698095
336.375		0.698095
336.5		0.698095
336.625		0.698095
336.75		0.698095
336.875		0.698095
337		0.698095
337.125		0.699514
337.25		0.699514
337.375		0.699514
337.5		0.699514
337.625		0.699514
337.75		0.699514
337.875		0.699514
338		0.699514
338.125		0.700037
338.25		0.700037
338.375		0.700037
338.5		0.700037
338.625		0.700037
338.75		0.700037
338.875		0.700037
339		0.700037
339.125		0.705715
339.25		0.705715
339.375		0.705715
339.5		0.705715
339.625		0.705715
339.75		0.705715
339.875		0.705715
340		0.705715
340.125		0.710049
340.25		0.710049
340.375		0.710049
340.5		0.710049
340.625		0.710049
340.75		0.710049
340.875		0.710049
341		0.710049
341.125		0.710347
341.25		0.710347
341.375		0.710347
341.5		0.710347
341.625		0.710347
341.75		0.710347
341.875		0.710347
342		0.710347
342.125		0.710945
342.25		0.710945
342.375		0.710945
342.5		0.710945
342.625		0.710945
342.75		0.710945
342.875		0.710945
343		0.710945
343.125		0.711393
343.25		0.711393
343.375		0.711393
343.5		0.711393
343.625		0.711393
343.75		0.711393
343.875		0.711393
344		0.711393
344.125		0.715727
344.25		0.715727
344.375		0.715727
344.5		0.715727
344.625		0.715727
344.75		0.715727
344.875		0.715727
345		0.715727
345.125		0.717071
345.25		0.717071
345.375		0.717071
345.5		0.717071
345.625		0.717071
345.75		0.717071
345.875		0.717071
346		0.717071
346.125		0.720508
346.25		0.720508
346.375		0.720508
346.5		0.720508
346.625		0.720508
346.75		0.720508
346.875		0.720508
347		0.720508
347.125		0.722077
347.25		0.722077
347.375		0.722077
347.5		0.722077
347.625		0.722077
347.75		0.722077
347.875		0.722077
348		0.722077
348.125		0.728278
348.25		0.728278
348.375		0.728278
348.5		0.728278
348.625		0.728278
348.75		0.728278
348.875		0.728278
349		0.728278
349.125		0.7291
349.25		0.7291
349.375		0.7291
349.5		0.7291
349.625		0.7291
349.75		0.7291
349.875		0.7291
350		0.7291
350.125		0.729922
350.25		0.729922
350.375		0.729922
350.5		0.729922
350.625		0.729922
350.75		0.729922
350.875		0.729922
351		0.729922
351.125		0.730445
351.25		0.730445
351.375		0.730445
351.5		0.730445
351.625		0.730445
351.75		0.730445
351.875		0.730445
352		0.730445
352.125		0.734404
352.25		0.734404
352.375		0.734404
352.5		0.734404
352.625		0.734404
352.75		0.734404
352.875		0.734404
353		0.734404
353.125		0.739709
353.25		0.739709
353.375		0.739709
353.5		0.739709
353.625		0.739709
353.75		0.739709
353.875		0.739709
354		0.739709
354.125		0.742473
354.25		0.742473
354.375		0.742473
354.5		0.742473
354.625		0.742473
354.75		0.742473
354.875		0.742473
355		0.742473
355.125		0.743818
355.25		0.743818
355.375		0.743818
355.5		0.743818
355.625		0.743818
355.75		0.743818
355.875		0.743818
356		0.743818
356.125		0.74591
356.25		0.74591
356.375		0.74591
356.5		0.74591
356.625		0.74591
356.75		0.74591
356.875		0.74591
357		0.74591
357.125		0.751289
357.25		0.751289
357.375		0.751289
357.5		0.751289
357.625		0.751289
357.75		0.751289
357.875		0.751289
358		0.751289
358.125		0.753754
358.25		0.753754
358.375		0.753754
358.5		0.753754
358.625		0.753754
358.75		0.753754
358.875		0.753754
359		0.753754
359.125		0.753829
359.25		0.753829
359.375		0.753829
359.5		0.753829
359.625		0.753829
359.75		0.753829
359.875		0.753829
360		0.753829
360.125		0.753978
360.25		0.753978
360.375		0.753978
360.5		0.753978
360.625		0.753978
360.75		0.753978
360.875		0.753978
361		0.753978
361.125		0.761225
361.25		0.761225
361.375		0.761225
361.5		0.761225
361.625		0.761225
361.75		0.761225
361.875		0.761225
362		0.761225
362.125		0.76384
362.25		0.76384
362.375		0.76384
362.5		0.76384
362.625		0.76384
362.75		0.76384
362.875		0.76384
363		0.76384
363.125		0.763915
363.25		0.763915
363.375		0.763915
363.5		0.763915
363.625		0.763915
363.75		0.763915
363.875		0.763915
364		0.763915
364.125		0.764214
364.25		0.764214
364.375		0.764214
364.5		0.764214
364.625		0.764214
364.75		0.764214
364.875		0.764214
365		0.764214
365.125		0.764363
365.25		0.764363
365.375		0.764363
365.5		0.764363
365.625		0.764363
365.75		0.764363
365.875		0.764363
366		0.764363
366.125		0.7678
366.25		0.7678
366.375		0.7678
366.5		0.7678
366.625		0.7678
366.75		0.7678
366.875		0.7678
367		0.7678
367.125		0.771909
367.25		0.771909
367.375		0.771909
367.5		0.771909
367.625		0.771909
367.75		0.771909
367.875		0.771909
368		0.771909
368.125		0.772656
368.25		0.772656
368.375		0.772656
368.5		0.772656
368.625		0.772656
368.75		0.772656
368.875		0.772656
369		0.772656
369.125		0.776466
369.25		0.776466
369.375		0.776466
369.5		0.776466
369.625		0.776466
369.75		0.776466
369.875		0.776466
370		0.776466
370.125		0.77669
370.25		0.77669
370.375		0.77669
370.5		0.77669
370.625		0.77669
370.75		0.77669
370.875		0.77669
371		0.77669
371.125		0.778782
371.25		0.778782
371.375		0.778782
371.5		0.778782
371.625		0.778782
371.75		0.778782
371.875		0.778782
372		0.778782
372.125		0.782742
372.25		0.782742
372.375		0.782742
372.5		0.782742
372.625		0.782742
372.75		0.782742
372.875		0.782742
373		0.782742
373.125		0.785506
373.25		0.785506
373.375		0.785506
373.5		0.785506
373.625		0.785506
373.75		0.785506
373.875		0.785506
374		0.785506
374.125		0.78715
374.25		0.78715
374.375		0.78715
374.5		0.78715
374.625		0.78715
374.75		0.78715
374.875		0.78715
375		0.78715
375.125		0.787449
375.25		0.787449
375.375		0.787449
375.5		0.787449
375.625		0.787449
375.75		0.787449
375.875		0.787449
376		0.787449
376.125		0.792903
376.25		0.792903
376.375		0.792903
376.5		0.792903
376.625		0.792903
376.75		0.792903
376.875		0.792903
377		0.792903
377.125		0.795144
377.25		0.795144
377.375		0.795144
377.5		0.795144
377.625		0.795144
377.75		0.795144
377.875		0.795144
378		0.795144
378.125		0.795891
378.25		0.795891
378.375		0.795891
378.5		0.795891
378.625		0.795891
378.75		0.795891
378.875		0.795891
379		0.795891
379.125		0.797609
379.25		0.797609
379.375		0.797609
379.5		0.797609
379.625		0.797609
379.75		0.797609
379.875		0.797609
380		0.797609
380.125		0.801942
380.25		0.801942
380.375		0.801942
380.5		0.801942
380.625		0.801942
380.75		0.801942
380.875		0.801942
381		0.801942
381.125		0.802914
381.25		0.802914
381.375		0.802914
381.5		0.802914
381.625		0.802914
381.75		0.802914
381.875		0.802914
382		0.802914
382.125		0.803885
382.25		0.803885
382.375		0.803885
382.5		0.803885
382.625		0.803885
382.75		0.803885
382.875		0.803885
383		0.803885
383.125		0.804258
383.25		0.804258
383.375		0.804258
383.5		0.804258
383.625		0.804258
383.75		0.804258
383.875		0.804258
384		0.804258
384.125		0.81158
384.25		0.81158
384.375		0.81158
384.5		0.81158
384.625		0.81158
384.75		0.81158
384.875		0.81158
385		0.81158
385.125		0.812925
385.25		0.812925
385.375		0.812925
385.5		0.812925
385.625		0.812925
385.75		0.812925
385.875		0.812925
386		0.812925
386.125		0.81427
386.25		0.81427
386.375		0.81427
386.5		0.81427
386.625		0.81427
386.75		0.81427
386.875		0.81427
387		0.81427
387.125		0.816063
387.25		0.816063
387.375		0.816063
387.5		0.816063
387.625		0.816063
387.75		0.816063
387.875		0.816063
388		0.816063
388.125		0.817333
388.25		0.817333
388.375		0.817333
388.5		0.817333
388.625		0.817333
388.75		0.817333
388.875		0.817333
389		0.817333
389.125		0.822563
389.25		0.822563
389.375		0.822563
389.5		0.822563
389.625		0.822563
389.75		0.822563
389.875		0.822563
390		0.822563
390.125		0.823459
390.25		0.823459
390.375		0.823459
390.5		0.823459
390.625		0.823459
390.75		0.823459
390.875		0.823459
391		0.823459
391.125		0.824654
391.25		0.824654
391.375		0.824654
391.5		0.824654
391.625		0.824654
391.75		0.824654
391.875		0.824654
392		0.824654
392.125		0.828539
392.25		0.828539
392.375		0.828539
392.5		0.828539
392.625		0.828539
392.75		0.828539
392.875		0.828539
393		0.828539
393.125		0.831528
393.25		0.831528
393.375		0.831528
393.5		0.831528
393.625		0.831528
393.75		0.831528
393.875		0.831528
394		0.831528
394.125		0.834367
394.25		0.834367
394.375		0.834367
394.5		0.834367
394.625		0.834367
394.75		0.834367
394.875		0.834367
395		0.834367
395.125		0.834815
395.25		0.834815
395.375		0.834815
395.5		0.834815
395.625		0.834815
395.75		0.834815
395.875		0.834815
396		0.834815
396.125		0.83743
396.25		0.83743
396.375		0.83743
396.5		0.83743
396.625		0.83743
396.75		0.83743
396.875		0.83743
397		0.83743
397.125		0.839597
397.25		0.839597
397.375		0.839597
397.5		0.839597
397.625		0.839597
397.75		0.839597
397.875		0.839597
398		0.839597
398.125		0.843855
398.25		0.843855
398.375		0.843855
398.5		0.843855
398.625		0.843855
398.75		0.843855
398.875		0.843855
399		0.843855
399.125		0.844453
399.25		0.844453
399.375		0.844453
399.5		0.844453
399.625		0.844453
399.75		0.844453
399.875		0.844453
400		0.844453
400.125		0.84647
400.25		0.84647
400.375		0.84647
400.5		0.84647
400.625		0.84647
400.75		0.84647
400.875		0.84647
401		0.84647
401.125		0.848188
401.25		0.848188
401.375		0.848188
401.5		0.848188
401.625		0.848188
401.75		0.848188
401.875		0.848188
402		0.848188
402.125		0.851251
402.25		0.851251
402.375		0.851251
402.5		0.851251
402.625		0.851251
402.75		0.851251
402.875		0.851251
403		0.851251
403.125		0.85155
403.25		0.85155
403.375		0.85155
403.5		0.85155
403.625		0.85155
403.75		0.85155
403.875		0.85155
404		0.85155
404.125		0.853194
404.25		0.853194
404.375		0.853194
404.5		0.853194
404.625		0.853194
404.75		0.853194
404.875		0.853194
405		0.853194
405.125		0.854613
405.25		0.854613
405.375		0.854613
405.5		0.854613
405.625		0.854613
405.75		0.854613
405.875		0.854613
406		0.854613
406.125		0.860516
406.25		0.860516
406.375		0.860516
406.5		0.860516
406.625		0.860516
406.75		0.860516
406.875		0.860516
407		0.860516
407.125		0.86059
407.25		0.86059
407.375		0.86059
407.5		0.86059
407.625		0.86059
407.75		0.86059
407.875		0.86059
408		0.86059
408.125		0.863056
408.25		0.863056
408.375		0.863056
408.5		0.863056
408.625		0.863056
408.75		0.863056
408.875		0.863056
409		0.863056
409.125		0.8644
409.25		0.8644
409.375		0.8644
409.5		0.8644
409.625		0.8644
409.75		0.8644
409.875		0.8644
410		0.8644
410.125		0.868136
410.25		0.868136
410.375		0.868136
410.5		0.868136
410.625		0.868136
410.75		0.868136
410.875		0.868136
411		0.868136
411.125		0.871647
411.25		0.871647
411.375		0.871647
411.5		0.871647
411.625		0.871647
411.75		0.871647
411.875		0.871647
412		0.871647
412.125		0.872245
412.25		0.872245
412.375		0.872245
412.5		0.872245
412.625		0.872245
412.75		0.872245
412.875		0.872245
413		0.872245
413.125		0.872992
413.25		0.872992
413.375		0.872992
413.5		0.872992
413.625		0.872992
413.75		0.872992
413.875		0.872992
414		0.872992
414.125		0.877923
414.25		0.877923
414.375		0.877923
414.5		0.877923
414.625		0.877923
414.75		0.877923
414.875		0.877923
415		0.877923
415.125		0.880986
415.25		0.880986
415.375		0.880986
415.5		0.880986
415.625		0.880986
415.75		0.880986
415.875		0.880986
416		0.880986
416.125		0.881285
416.25		0.881285
416.375		0.881285
416.5		0.881285
416.625		0.881285
416.75		0.881285
416.875		0.881285
417		0.881285
417.125		0.883526
417.25		0.883526
417.375		0.883526
417.5		0.883526
417.625		0.883526
417.75		0.883526
417.875		0.883526
418		0.883526
418.125		0.886814
418.25		0.886814
418.375		0.886814
418.5		0.886814
418.625		0.886814
418.75		0.886814
418.875		0.886814
419		0.886814
419.125		0.888831
419.25		0.888831
419.375		0.888831
419.5		0.888831
419.625		0.888831
419.75		0.888831
419.875		0.888831
420		0.888831
420.125		0.89025
420.25		0.89025
420.375		0.89025
420.5		0.89025
420.625		0.89025
420.75		0.89025
420.875		0.89025
421		0.89025
421.125		0.891969
421.25		0.891969
421.375		0.891969
421.5		0.891969
421.625		0.891969
421.75		0.891969
421.875		0.891969
422		0.891969
422.125		0.893313
422.25		0.893313
422.375		0.893313
422.5		0.893313
422.625		0.893313
422.75		0.893313
422.875		0.893313
423		0.893313
423.125		0.897572
423.25		0.897572
423.375		0.897572
423.5		0.897572
423.625		0.897572
423.75		0.897572
423.875		0.897572
424		0.897572
424.125		0.897796
424.25		0.897796
424.375		0.897796
424.5		0.897796
424.625		0.897796
424.75		0.897796
424.875		0.897796
425		0.897796
425.125		0.900411
425.25		0.900411
425.375		0.900411
425.5		0.900411
425.625		0.900411
425.75		0.900411
425.875		0.900411
426		0.900411
426.125		0.900784
426.25		0.900784
426.375		0.900784
426.5		0.900784
426.625		0.900784
426.75		0.900784
426.875		0.900784
427		0.900784
427.125		0.90198
427.25		0.90198
427.375		0.90198
427.5		0.90198
427.625		0.90198
427.75		0.90198
427.875		0.90198
428		0.90198
428.125		0.906761
428.25		0.906761
428.375		0.906761
428.5		0.906761
428.625		0.906761
428.75		0.906761
428.875		0.906761
429		0.906761
429.125		0.907733
429.25		0.907733
429.375		0.907733
429.5		0.907733
429.625		0.907733
429.75		0.907733
429.875		0.907733
430		0.907733
430.125		0.908629
430.25		0.908629
430.375		0.908629
430.5		0.908629
430.625		0.908629
430.75		0.908629
430.875		0.908629
431		0.908629
431.125		0.912663
431.25		0.912663
431.375		0.912663
431.5		0.912663
431.625		0.912663
431.75		0.912663
431.875		0.912663
432		0.912663
432.125		0.916399
432.25		0.916399
432.375		0.916399
432.5		0.916399
432.625		0.916399
432.75		0.916399
432.875		0.916399
433		0.916399
433.125		0.917071
433.25		0.917071
433.375		0.917071
433.5		0.917071
433.625		0.917071
433.75		0.917071
433.875		0.917071
434		0.917071
434.125		0.918864
434.25		0.918864
434.375		0.918864
434.5		0.918864
434.625		0.918864
434.75		0.918864
434.875		0.918864
435		0.918864
435.125		0.91991
435.25		0.91991
435.375		0.91991
435.5		0.91991
435.625		0.91991
435.75		0.91991
435.875		0.91991
436		0.91991
436.125		0.925364
436.25		0.925364
436.375		0.925364
436.5		0.925364
436.625		0.925364
436.75		0.925364
436.875		0.925364
437		0.925364
437.125		0.925962
437.25		0.925962
437.375		0.925962
437.5		0.925962
437.625		0.925962
437.75		0.925962
437.875		0.925962
438		0.925962
438.125		0.927381
438.25		0.927381
438.375		0.927381
438.5		0.927381
438.625		0.927381
438.75		0.927381
438.875		0.927381
439		0.927381
439.125		0.929697
439.25		0.929697
439.375		0.929697
439.5		0.929697
439.625		0.929697
439.75		0.929697
439.875		0.929697
440		0.929697
440.125		0.93291
440.25		0.93291
440.375		0.93291
440.5		0.93291
440.625		0.93291
440.75		0.93291
440.875		0.93291
441		0.93291
441.125		0.935749
441.25		0.935749
441.375		0.935749
441.5		0.935749
441.625		0.935749
441.75		0.935749
441.875		0.935749
442		0.935749
442.125		0.935973
442.25		0.935973
442.375		0.935973
442.5		0.935973
442.625		0.935973
442.75		0.935973
442.875		0.935973
443		0.935973
443.125		0.936571
443.25		0.936571
443.375		0.936571
443.5		0.936571
443.625		0.936571
443.75		0.936571
443.875		0.936571
444		0.936571
444.125		0.940007
444.25		0.940007
444.375		0.940007
444.5		0.940007
444.625		0.940007
444.75		0.940007
444.875		0.940007
445		0.940007
445.125		0.943818
445.25		0.943818
445.375		0.943818
445.5		0.943818
445.625		0.943818
445.75		0.943818
445.875		0.943818
446		0.943818
446.125		0.944266
446.25		0.944266
446.375		0.944266
446.5		0.944266
446.625		0.944266
446.75		0.944266
446.875		0.944266
447		0.944266
447.125		0.947927
447.25		0.947927
447.375		0.947927
447.5		0.947927
447.625		0.947927
447.75		0.947927
447.875		0.947927
448		0.947927
448.125		0.950318
448.25		0.950318
448.375		0.950318
448.5		0.950318
448.625		0.950318
448.75		0.950318
448.875		0.950318
449		0.950318
449.125		0.951812
449.25		0.951812
449.375		0.951812
449.5		0.951812
449.625		0.951812
449.75		0.951812
449.875		0.951812
450		0.951812
450.125		0.953679
450.25		0.953679
450.375		0.953679
450.5		0.953679
450.625		0.953679
450.75		0.953679
450.875		0.953679
451		0.953679
451.125		0.956967
451.25		0.956967
451.375		0.956967
451.5		0.956967
451.625		0.956967
451.75		0.956967
451.875		0.956967
452		0.956967
452.125		0.957191
452.25		0.957191
452.375		0.957191
452.5		0.957191
452.625		0.957191
452.75		0.957191
452.875		0.957191
453		0.957191
453.125		0.960254
453.25		0.960254
453.375		0.960254
453.5		0.960254
453.625		0.960254
453.75		0.960254
453.875		0.960254
454		0.960254
454.125		0.963018
454.25		0.963018
454.375		0.963018
454.5		0.963018
454.625		0.963018
454.75		0.963018
454.875		0.963018
455		0.963018
455.125		0.964363
455.25		0.964363
455.375		0.964363
455.5		0.964363
455.625		0.964363
455.75		0.964363
455.875		0.964363
456		0.964363
456.125		0.965783
456.25		0.965783
456.375		0.965783
456.5		0.965783
456.625		0.965783
456.75		0.965783
456.875		0.965783
457		0.965783
457.125		0.967352
457.25		0.967352
457.375		0.967352
457.5		0.967352
457.625		0.967352
457.75		0.967352
457.875		0.967352
458		0.967352
458.125		0.970863
458.25		0.970863
458.375		0.970863
458.5		0.970863
458.625		0.970863
458.75		0.970863
458.875		0.970863
459		0.970863
459.125		0.972805
459.25		0.972805
459.375		0.972805
459.5		0.972805
459.625		0.972805
459.75		0.972805
459.875		0.972805
460		0.972805
460.125		0.975047
460.25		0.975047
460.375		0.975047
460.5		0.975047
460.625		0.975047
460.75		0.975047
460.875		0.975047
461		0.975047
461.125		0.975644
461.25		0.975644
461.375		0.975644
461.5		0.975644
461.625		0.975644
461.75		0.975644
461.875		0.975644
462		0.975644
462.125		0.978857
462.25		0.978857
462.375		0.978857
462.5		0.978857
462.625		0.978857
462.75		0.978857
462.875		0.978857
463		0.978857
463.125		0.980052
463.25		0.980052
463.375		0.980052
463.5		0.980052
463.625		0.980052
463.75		0.980052
463.875		0.980052
464		0.980052
464.125		0.982667
464.25		0.982667
464.375		0.982667
464.5		0.982667
464.625		0.982667
464.75		0.982667
464.875		0.982667
465		0.982667
465.125		0.984983
465.25		0.984983
465.375		0.984983
465.5		0.984983
465.625		0.984983
465.75		0.984983
465.875		0.984983
466		0.984983
466.125		0.985581
466.25		0.985581
466.375		0.985581
466.5		0.985581
466.625		0.985581
466.75		0.985581
466.875		0.985581
467		0.985581
467.125		0.988569
467.25		0.988569
467.375		0.988569
467.5		0.988569
467.625		0.988569
467.75		0.988569
467.875		0.988569
468		0.988569
468.125		0.991184
468.25		0.991184
468.375		0.991184
468.5		0.991184
468.625		0.991184
468.75		0.991184
468.875		0.991184
469		0.991184
469.125		0.992753
469.25		0.992753
469.375		0.992753
469.5		0.992753
469.625		0.992753
469.75		0.992753
469.875		0.992753
470		0.992753
470.125		0.99492
470.25		0.99492
470.375		0.99492
470.5		0.99492
470.625		0.99492
470.75		0.99492
470.875		0.99492
471		0.99492
471.125		0.994994
471.25		0.994994
471.375		0.994994
471.5		0.994994
471.625		0.994994
471.75		0.994994
471.875		0.994994
472		0.994994
472.125		0.999477
472.25		0.999477
472.375		0.999477
472.5		0.999477
472.625		0.999477
472.75		0.999477
472.875		0.999477
473		0.999477
473.125		0.999776
473.25		0.999776
473.375		0.999776
473.5		0.999776
473.625		0.999776
473.75		0.999776
473.875		0.999776
474		0.999776
474.125		1
474.25		1
474.375		1
474.5		1
474.625		1
474.75		1
474.875		1
475		1
475.125		1
475.25		1
475.375		1
475.5		1
475.625		1
475.75		1
475.875		1
476		1
476.125		1
476.25		1
476.375		1
476.5		1
476.625		1
476.75		1
476.875		1
477		1
477.125		1
477.25		1
477.375		1
477.5		1
477.625		1
477.75		1
477.875		1
478		1
478.125		1
478.25		1
478.375		1
478.5		1
478.625		1
478.75		1
478.875		1
479		1
479.125		1
479.25		1
479.375		1
479.5		1
479.625		1
479.75		1
479.875		1
480		1
480.125		1
480.25		1
480.375		1
480.5		1
480.625		1
480.75		1
480.875		1
481		1
481.125		1
481.25		1
481.375		1
481.5		1
481.625		1
481.75		1
481.875		1
482		1
482.125		1
482.25		1
482.375		1
482.5		1
482.625		1
482.75		1
482.875		1
483		1
483.125		1
483.25		1
483.375		1
483.5		1
483.625		1
483.75		1
483.875		1
484		1
484.125		1
484.25		1
484.375		1
484.5		1
484.625		1
484.75		1
484.875		1
485		1
485.125		1
485.25		1
485.375		1
485.5		1
485.625		1
485.75		1
485.875		1
486		1
486.125		1
486.25		1
486.375		1
486.5		1
486.625		1
486.75		1
486.875		1
487		1
487.125		1
487.25		1
487.375		1
487.5		1
487.625		1
487.75		1
487.875		1
488		1
488.125		1
488.25		1
488.375		1
488.5		1
488.625		1
488.75		1
488.875		1
489		1
489.125		1
489.25		1
489.375		1
489.5		1
489.625		1
489.75		1
489.875		1
490		1
490.125		1
490.25		1
490.375		1
490.5		1
490.625		1
490.75		1
490.875		1
491		1
491.125		1
491.25		1
491.375		1
491.5		1
491.625		1
491.75		1
491.875		1
492		1
492.125		1
492.25		1
492.375		1
492.5		1
492.625		1
492.75		1
492.875		1
493		1
493.125		1
493.25		1
493.375		1
493.5		1
493.625		1
493.75		1
493.875		1
494		1
494.125		1
494.25		1
494.375		1
494.5		1
494.625		1
494.75		1
494.875		1
495		1
495.125		1
495.25		1
495.375		1
495.5		1
495.625		1
495.75		1
495.875		1
496		1
496.125		1
496.25		1
496.375		1
496.5		1
496.625		1
496.75		1
496.875		1
497		1
497.125		1
497.25		1
497.375		1
497.5		1
497.625		1
497.75		1
497.875		1
498		1
498.125		1
498.25		1
498.375		1
498.5		1
498.625		1
498.75		1
498.875		1
499		1
499.125		1
499.25		1
499.375		1
499.5		1
499.625		1
499.75		1
499.875		1
500		1
