# Calibration file of tamex_id 2 @ channel 14
# fine_T bin		 Calibration value
0.125		0
0.25		0
0.375		0
0.5		0
0.625		0
0.75		0
0.875		0
1		0
1.125		0
1.25		0
1.375		0
1.5		0
1.625		0
1.75		0
1.875		0
2		0
2.125		0
2.25		0
2.375		0
2.5		0
2.625		0
2.75		0
2.875		0
3		0
3.125		0
3.25		0
3.375		0
3.5		0
3.625		0
3.75		0
3.875		0
4		0
4.125		0
4.25		0
4.375		0
4.5		0
4.625		0
4.75		0
4.875		0
5		0
5.125		0
5.25		0
5.375		0
5.5		0
5.625		0
5.75		0
5.875		0
6		0
6.125		0
6.25		0
6.375		0
6.5		0
6.625		0
6.75		0
6.875		0
7		0
7.125		0
7.25		0
7.375		0
7.5		0
7.625		0
7.75		0
7.875		0
8		0
8.125		0
8.25		0
8.375		0
8.5		0
8.625		0
8.75		0
8.875		0
9		0
9.125		0
9.25		0
9.375		0
9.5		0
9.625		0
9.75		0
9.875		0
10		0
10.125		0
10.25		0
10.375		0
10.5		0
10.625		0
10.75		0
10.875		0
11		0
11.125		0
11.25		0
11.375		0
11.5		0
11.625		0
11.75		0
11.875		0
12		0
12.125		0
12.25		0
12.375		0
12.5		0
12.625		0
12.75		0
12.875		0
13		0
13.125		0
13.25		0
13.375		0
13.5		0
13.625		0
13.75		0
13.875		0
14		0
14.125		0
14.25		0
14.375		0
14.5		0
14.625		0
14.75		0
14.875		0
15		0
15.125		0
15.25		0
15.375		0
15.5		0
15.625		0
15.75		0
15.875		0
16		0
16.125		0
16.25		0
16.375		0
16.5		0
16.625		0
16.75		0
16.875		0
17		0
17.125		0
17.25		0
17.375		0
17.5		0
17.625		0
17.75		0
17.875		0
18		0
18.125		0
18.25		0
18.375		0
18.5		0
18.625		0
18.75		0
18.875		0
19		0
19.125		0
19.25		0
19.375		0
19.5		0
19.625		0
19.75		0
19.875		0
20		0
20.125		0
20.25		0
20.375		0
20.5		0
20.625		0
20.75		0
20.875		0
21		0
21.125		0
21.25		0
21.375		0
21.5		0
21.625		0
21.75		0
21.875		0
22		0
22.125		0
22.25		0
22.375		0
22.5		0
22.625		0
22.75		0
22.875		0
23		0
23.125		0
23.25		0
23.375		0
23.5		0
23.625		0
23.75		0
23.875		0
24		0
24.125		0
24.25		0
24.375		0
24.5		0
24.625		0
24.75		0
24.875		0
25		0
25.125		0
25.25		0
25.375		0
25.5		0
25.625		0
25.75		0
25.875		0
26		0
26.125		0
26.25		0
26.375		0
26.5		0
26.625		0
26.75		0
26.875		0
27		0
27.125		0
27.25		0
27.375		0
27.5		0
27.625		0
27.75		0
27.875		0
28		0
28.125		0
28.25		0
28.375		0
28.5		0
28.625		0
28.75		0
28.875		0
29		0
29.125		0
29.25		0
29.375		0
29.5		0
29.625		0
29.75		0
29.875		0
30		0
30.125		0
30.25		0
30.375		0
30.5		0
30.625		0
30.75		0
30.875		0
31		0
31.125		0
31.25		0
31.375		0
31.5		0
31.625		0
31.75		0
31.875		0
32		0
32.125		0
32.25		0
32.375		0
32.5		0
32.625		0
32.75		0
32.875		0
33		0
33.125		0
33.25		0
33.375		0
33.5		0
33.625		0
33.75		0
33.875		0
34		0
34.125		0
34.25		0
34.375		0
34.5		0
34.625		0
34.75		0
34.875		0
35		0
35.125		0
35.25		0
35.375		0
35.5		0
35.625		0
35.75		0
35.875		0
36		0
36.125		0
36.25		0
36.375		0
36.5		0
36.625		0
36.75		0
36.875		0
37		0
37.125		0
37.25		0
37.375		0
37.5		0
37.625		0
37.75		0
37.875		0
38		0
38.125		0
38.25		0
38.375		0
38.5		0
38.625		0
38.75		0
38.875		0
39		0
39.125		0
39.25		0
39.375		0
39.5		0
39.625		0
39.75		0
39.875		0
40		0
40.125		0
40.25		0
40.375		0
40.5		0
40.625		0
40.75		0
40.875		0
41		0
41.125		0
41.25		0
41.375		0
41.5		0
41.625		0
41.75		0
41.875		0
42		0
42.125		0
42.25		0
42.375		0
42.5		0
42.625		0
42.75		0
42.875		0
43		0
43.125		0
43.25		0
43.375		0
43.5		0
43.625		0
43.75		0
43.875		0
44		0
44.125		0
44.25		0
44.375		0
44.5		0
44.625		0
44.75		0
44.875		0
45		0
45.125		0
45.25		0
45.375		0
45.5		0
45.625		0
45.75		0
45.875		0
46		0
46.125		0
46.25		0
46.375		0
46.5		0
46.625		0
46.75		0
46.875		0
47		0
47.125		0
47.25		0
47.375		0
47.5		0
47.625		0
47.75		0
47.875		0
48		0
48.125		0
48.25		0
48.375		0
48.5		0
48.625		0
48.75		0
48.875		0
49		0
49.125		0
49.25		0
49.375		0
49.5		0
49.625		0
49.75		0
49.875		0
50		0
50.125		0
50.25		0
50.375		0
50.5		0
50.625		0
50.75		0
50.875		0
51		0
51.125		0
51.25		0
51.375		0
51.5		0
51.625		0
51.75		0
51.875		0
52		0
52.125		0
52.25		0
52.375		0
52.5		0
52.625		0
52.75		0
52.875		0
53		0
53.125		0
53.25		0
53.375		0
53.5		0
53.625		0
53.75		0
53.875		0
54		0
54.125		0
54.25		0
54.375		0
54.5		0
54.625		0
54.75		0
54.875		0
55		0
55.125		0
55.25		0
55.375		0
55.5		0
55.625		0
55.75		0
55.875		0
56		0
56.125		0
56.25		0
56.375		0
56.5		0
56.625		0
56.75		0
56.875		0
57		0
57.125		0
57.25		0
57.375		0
57.5		0
57.625		0
57.75		0
57.875		0
58		0
58.125		0
58.25		0
58.375		0
58.5		0
58.625		0
58.75		0
58.875		0
59		0
59.125		0
59.25		0
59.375		0
59.5		0
59.625		0
59.75		0
59.875		0
60		0
60.125		0
60.25		0
60.375		0
60.5		0
60.625		0
60.75		0
60.875		0
61		0
61.125		0
61.25		0
61.375		0
61.5		0
61.625		0
61.75		0
61.875		0
62		0
62.125		0
62.25		0
62.375		0
62.5		0
62.625		0
62.75		0
62.875		0
63		0
63.125		0
63.25		0
63.375		0
63.5		0
63.625		0
63.75		0
63.875		0
64		0
64.125		0
64.25		0
64.375		0
64.5		0
64.625		0
64.75		0
64.875		0
65		0
65.125		0
65.25		0
65.375		0
65.5		0
65.625		0
65.75		0
65.875		0
66		0
66.125		0
66.25		0
66.375		0
66.5		0
66.625		0
66.75		0
66.875		0
67		0
67.125		0
67.25		0
67.375		0
67.5		0
67.625		0
67.75		0
67.875		0
68		0
68.125		0
68.25		0
68.375		0
68.5		0
68.625		0
68.75		0
68.875		0
69		0
69.125		0
69.25		0
69.375		0
69.5		0
69.625		0
69.75		0
69.875		0
70		0
70.125		0
70.25		0
70.375		0
70.5		0
70.625		0
70.75		0
70.875		0
71		0
71.125		0
71.25		0
71.375		0
71.5		0
71.625		0
71.75		0
71.875		0
72		0
72.125		0
72.25		0
72.375		0
72.5		0
72.625		0
72.75		0
72.875		0
73		0
73.125		0
73.25		0
73.375		0
73.5		0
73.625		0
73.75		0
73.875		0
74		0
74.125		0
74.25		0
74.375		0
74.5		0
74.625		0
74.75		0
74.875		0
75		0
75.125		0
75.25		0
75.375		0
75.5		0
75.625		0
75.75		0
75.875		0
76		0
76.125		0
76.25		0
76.375		0
76.5		0
76.625		0
76.75		0
76.875		0
77		0
77.125		0
77.25		0
77.375		0
77.5		0
77.625		0
77.75		0
77.875		0
78		0
78.125		0
78.25		0
78.375		0
78.5		0
78.625		0
78.75		0
78.875		0
79		0
79.125		0
79.25		0
79.375		0
79.5		0
79.625		0
79.75		0
79.875		0
80		0
80.125		0
80.25		0
80.375		0
80.5		0
80.625		0
80.75		0
80.875		0
81		0
81.125		0
81.25		0
81.375		0
81.5		0
81.625		0
81.75		0
81.875		0
82		0
82.125		0
82.25		0
82.375		0
82.5		0
82.625		0
82.75		0
82.875		0
83		0
83.125		0
83.25		0
83.375		0
83.5		0
83.625		0
83.75		0
83.875		0
84		0
84.125		0
84.25		0
84.375		0
84.5		0
84.625		0
84.75		0
84.875		0
85		0
85.125		0
85.25		0
85.375		0
85.5		0
85.625		0
85.75		0
85.875		0
86		0
86.125		0
86.25		0
86.375		0
86.5		0
86.625		0
86.75		0
86.875		0
87		0
87.125		0
87.25		0
87.375		0
87.5		0
87.625		0
87.75		0
87.875		0
88		0
88.125		0
88.25		0
88.375		0
88.5		0
88.625		0
88.75		0
88.875		0
89		0
89.125		0
89.25		0
89.375		0
89.5		0
89.625		0
89.75		0
89.875		0
90		0
90.125		0
90.25		0
90.375		0
90.5		0
90.625		0
90.75		0
90.875		0
91		0
91.125		0
91.25		0
91.375		0
91.5		0
91.625		0
91.75		0
91.875		0
92		0
92.125		0
92.25		0
92.375		0
92.5		0
92.625		0
92.75		0
92.875		0
93		0
93.125		0
93.25		0
93.375		0
93.5		0
93.625		0
93.75		0
93.875		0
94		0
94.125		0
94.25		0
94.375		0
94.5		0
94.625		0
94.75		0
94.875		0
95		0
95.125		0
95.25		0
95.375		0
95.5		0
95.625		0
95.75		0
95.875		0
96		0
96.125		0
96.25		0
96.375		0
96.5		0
96.625		0
96.75		0
96.875		0
97		0
97.125		0
97.25		0
97.375		0
97.5		0
97.625		0
97.75		0
97.875		0
98		0
98.125		0
98.25		0
98.375		0
98.5		0
98.625		0
98.75		0
98.875		0
99		0
99.125		0
99.25		0
99.375		0
99.5		0
99.625		0
99.75		0
99.875		0
100		0
100.125		0
100.25		0
100.375		0
100.5		0
100.625		0
100.75		0
100.875		0
101		0
101.125		0
101.25		0
101.375		0
101.5		0
101.625		0
101.75		0
101.875		0
102		0
102.125		0
102.25		0
102.375		0
102.5		0
102.625		0
102.75		0
102.875		0
103		0
103.125		0
103.25		0
103.375		0
103.5		0
103.625		0
103.75		0
103.875		0
104		0
104.125		0
104.25		0
104.375		0
104.5		0
104.625		0
104.75		0
104.875		0
105		0
105.125		0
105.25		0
105.375		0
105.5		0
105.625		0
105.75		0
105.875		0
106		0
106.125		0
106.25		0
106.375		0
106.5		0
106.625		0
106.75		0
106.875		0
107		0
107.125		0
107.25		0
107.375		0
107.5		0
107.625		0
107.75		0
107.875		0
108		0
108.125		0
108.25		0
108.375		0
108.5		0
108.625		0
108.75		0
108.875		0
109		0
109.125		0
109.25		0
109.375		0
109.5		0
109.625		0
109.75		0
109.875		0
110		0
110.125		0
110.25		0
110.375		0
110.5		0
110.625		0
110.75		0
110.875		0
111		0
111.125		0
111.25		0
111.375		0
111.5		0
111.625		0
111.75		0
111.875		0
112		0
112.125		0
112.25		0
112.375		0
112.5		0
112.625		0
112.75		0
112.875		0
113		0
113.125		0
113.25		0
113.375		0
113.5		0
113.625		0
113.75		0
113.875		0
114		0
114.125		0
114.25		0
114.375		0
114.5		0
114.625		0
114.75		0
114.875		0
115		0
115.125		0
115.25		0
115.375		0
115.5		0
115.625		0
115.75		0
115.875		0
116		0
116.125		0
116.25		0
116.375		0
116.5		0
116.625		0
116.75		0
116.875		0
117		0
117.125		0
117.25		0
117.375		0
117.5		0
117.625		0
117.75		0
117.875		0
118		0
118.125		0
118.25		0
118.375		0
118.5		0
118.625		0
118.75		0
118.875		0
119		0
119.125		0
119.25		0
119.375		0
119.5		0
119.625		0
119.75		0
119.875		0
120		0
120.125		0
120.25		0
120.375		0
120.5		0
120.625		0
120.75		0
120.875		0
121		0
121.125		0
121.25		0
121.375		0
121.5		0
121.625		0
121.75		0
121.875		0
122		0
122.125		0
122.25		0
122.375		0
122.5		0
122.625		0
122.75		0
122.875		0
123		0
123.125		0
123.25		0
123.375		0
123.5		0
123.625		0
123.75		0
123.875		0
124		0
124.125		0
124.25		0
124.375		0
124.5		0
124.625		0
124.75		0
124.875		0
125		0
125.125		0
125.25		0
125.375		0
125.5		0
125.625		0
125.75		0
125.875		0
126		0
126.125		0
126.25		0
126.375		0
126.5		0
126.625		0
126.75		0
126.875		0
127		0
127.125		0
127.25		0
127.375		0
127.5		0
127.625		0
127.75		0
127.875		0
128		0
128.125		0
128.25		0
128.375		0
128.5		0
128.625		0
128.75		0
128.875		0
129		0
129.125		0
129.25		0
129.375		0
129.5		0
129.625		0
129.75		0
129.875		0
130		0
130.125		0
130.25		0
130.375		0
130.5		0
130.625		0
130.75		0
130.875		0
131		0
131.125		0
131.25		0
131.375		0
131.5		0
131.625		0
131.75		0
131.875		0
132		0
132.125		0
132.25		0
132.375		0
132.5		0
132.625		0
132.75		0
132.875		0
133		0
133.125		0
133.25		0
133.375		0
133.5		0
133.625		0
133.75		0
133.875		0
134		0
134.125		0
134.25		0
134.375		0
134.5		0
134.625		0
134.75		0
134.875		0
135		0
135.125		0
135.25		0
135.375		0
135.5		0
135.625		0
135.75		0
135.875		0
136		0
136.125		0
136.25		0
136.375		0
136.5		0
136.625		0
136.75		0
136.875		0
137		0
137.125		0
137.25		0
137.375		0
137.5		0
137.625		0
137.75		0
137.875		0
138		0
138.125		0
138.25		0
138.375		0
138.5		0
138.625		0
138.75		0
138.875		0
139		0
139.125		0
139.25		0
139.375		0
139.5		0
139.625		0
139.75		0
139.875		0
140		0
140.125		0
140.25		0
140.375		0
140.5		0
140.625		0
140.75		0
140.875		0
141		0
141.125		0
141.25		0
141.375		0
141.5		0
141.625		0
141.75		0
141.875		0
142		0
142.125		0
142.25		0
142.375		0
142.5		0
142.625		0
142.75		0
142.875		0
143		0
143.125		0
143.25		0
143.375		0
143.5		0
143.625		0
143.75		0
143.875		0
144		0
144.125		0
144.25		0
144.375		0
144.5		0
144.625		0
144.75		0
144.875		0
145		0
145.125		0
145.25		0
145.375		0
145.5		0
145.625		0
145.75		0
145.875		0
146		0
146.125		0
146.25		0
146.375		0
146.5		0
146.625		0
146.75		0
146.875		0
147		0
147.125		0
147.25		0
147.375		0
147.5		0
147.625		0
147.75		0
147.875		0
148		0
148.125		0
148.25		0
148.375		0
148.5		0
148.625		0
148.75		0
148.875		0
149		0
149.125		0
149.25		0
149.375		0
149.5		0
149.625		0
149.75		0
149.875		0
150		0
150.125		0
150.25		0
150.375		0
150.5		0
150.625		0
150.75		0
150.875		0
151		0
151.125		0
151.25		0
151.375		0
151.5		0
151.625		0
151.75		0
151.875		0
152		0
152.125		0
152.25		0
152.375		0
152.5		0
152.625		0
152.75		0
152.875		0
153		0
153.125		0
153.25		0
153.375		0
153.5		0
153.625		0
153.75		0
153.875		0
154		0
154.125		0
154.25		0
154.375		0
154.5		0
154.625		0
154.75		0
154.875		0
155		0
155.125		0
155.25		0
155.375		0
155.5		0
155.625		0
155.75		0
155.875		0
156		0
156.125		0
156.25		0
156.375		0
156.5		0
156.625		0
156.75		0
156.875		0
157		0
157.125		0
157.25		0
157.375		0
157.5		0
157.625		0
157.75		0
157.875		0
158		0
158.125		0
158.25		0
158.375		0
158.5		0
158.625		0
158.75		0
158.875		0
159		0
159.125		0
159.25		0
159.375		0
159.5		0
159.625		0
159.75		0
159.875		0
160		0
160.125		0
160.25		0
160.375		0
160.5		0
160.625		0
160.75		0
160.875		0
161		0
161.125		0
161.25		0
161.375		0
161.5		0
161.625		0
161.75		0
161.875		0
162		0
162.125		0
162.25		0
162.375		0
162.5		0
162.625		0
162.75		0
162.875		0
163		0
163.125		0
163.25		0
163.375		0
163.5		0
163.625		0
163.75		0
163.875		0
164		0
164.125		0
164.25		0
164.375		0
164.5		0
164.625		0
164.75		0
164.875		0
165		0
165.125		0
165.25		0
165.375		0
165.5		0
165.625		0
165.75		0
165.875		0
166		0
166.125		0
166.25		0
166.375		0
166.5		0
166.625		0
166.75		0
166.875		0
167		0
167.125		0
167.25		0
167.375		0
167.5		0
167.625		0
167.75		0
167.875		0
168		0
168.125		0
168.25		0
168.375		0
168.5		0
168.625		0
168.75		0
168.875		0
169		0
169.125		0
169.25		0
169.375		0
169.5		0
169.625		0
169.75		0
169.875		0
170		0
170.125		0
170.25		0
170.375		0
170.5		0
170.625		0
170.75		0
170.875		0
171		0
171.125		0
171.25		0
171.375		0
171.5		0
171.625		0
171.75		0
171.875		0
172		0
172.125		0
172.25		0
172.375		0
172.5		0
172.625		0
172.75		0
172.875		0
173		0
173.125		0
173.25		0
173.375		0
173.5		0
173.625		0
173.75		0
173.875		0
174		0
174.125		0
174.25		0
174.375		0
174.5		0
174.625		0
174.75		0
174.875		0
175		0
175.125		0
175.25		0
175.375		0
175.5		0
175.625		0
175.75		0
175.875		0
176		0
176.125		0
176.25		0
176.375		0
176.5		0
176.625		0
176.75		0
176.875		0
177		0
177.125		0
177.25		0
177.375		0
177.5		0
177.625		0
177.75		0
177.875		0
178		0
178.125		0
178.25		0
178.375		0
178.5		0
178.625		0
178.75		0
178.875		0
179		0
179.125		0
179.25		0
179.375		0
179.5		0
179.625		0
179.75		0
179.875		0
180		0
180.125		0
180.25		0
180.375		0
180.5		0
180.625		0
180.75		0
180.875		0
181		0
181.125		0
181.25		0
181.375		0
181.5		0
181.625		0
181.75		0
181.875		0
182		0
182.125		0
182.25		0
182.375		0
182.5		0
182.625		0
182.75		0
182.875		0
183		0
183.125		0
183.25		0
183.375		0
183.5		0
183.625		0
183.75		0
183.875		0
184		0
184.125		0
184.25		0
184.375		0
184.5		0
184.625		0
184.75		0
184.875		0
185		0
185.125		0
185.25		0
185.375		0
185.5		0
185.625		0
185.75		0
185.875		0
186		0
186.125		0
186.25		0
186.375		0
186.5		0
186.625		0
186.75		0
186.875		0
187		0
187.125		0
187.25		0
187.375		0
187.5		0
187.625		0
187.75		0
187.875		0
188		0
188.125		0
188.25		0
188.375		0
188.5		0
188.625		0
188.75		0
188.875		0
189		0
189.125		0
189.25		0
189.375		0
189.5		0
189.625		0
189.75		0
189.875		0
190		0
190.125		0
190.25		0
190.375		0
190.5		0
190.625		0
190.75		0
190.875		0
191		0
191.125		0
191.25		0
191.375		0
191.5		0
191.625		0
191.75		0
191.875		0
192		0
192.125		0
192.25		0
192.375		0
192.5		0
192.625		0
192.75		0
192.875		0
193		0
193.125		0
193.25		0
193.375		0
193.5		0
193.625		0
193.75		0
193.875		0
194		0
194.125		0
194.25		0
194.375		0
194.5		0
194.625		0
194.75		0
194.875		0
195		0
195.125		0
195.25		0
195.375		0
195.5		0
195.625		0
195.75		0
195.875		0
196		0
196.125		0
196.25		0
196.375		0
196.5		0
196.625		0
196.75		0
196.875		0
197		0
197.125		0
197.25		0
197.375		0
197.5		0
197.625		0
197.75		0
197.875		0
198		0
198.125		0
198.25		0
198.375		0
198.5		0
198.625		0
198.75		0
198.875		0
199		0
199.125		0
199.25		0
199.375		0
199.5		0
199.625		0
199.75		0
199.875		0
200		0
200.125		0
200.25		0
200.375		0
200.5		0
200.625		0
200.75		0
200.875		0
201		0
201.125		0
201.25		0
201.375		0
201.5		0
201.625		0
201.75		0
201.875		0
202		0
202.125		0
202.25		0
202.375		0
202.5		0
202.625		0
202.75		0
202.875		0
203		0
203.125		0
203.25		0
203.375		0
203.5		0
203.625		0
203.75		0
203.875		0
204		0
204.125		0
204.25		0
204.375		0
204.5		0
204.625		0
204.75		0
204.875		0
205		0
205.125		0
205.25		0
205.375		0
205.5		0
205.625		0
205.75		0
205.875		0
206		0
206.125		0
206.25		0
206.375		0
206.5		0
206.625		0
206.75		0
206.875		0
207		0
207.125		0
207.25		0
207.375		0
207.5		0
207.625		0
207.75		0
207.875		0
208		0
208.125		0
208.25		0
208.375		0
208.5		0
208.625		0
208.75		0
208.875		0
209		0
209.125		0
209.25		0
209.375		0
209.5		0
209.625		0
209.75		0
209.875		0
210		0
210.125		0
210.25		0
210.375		0
210.5		0
210.625		0
210.75		0
210.875		0
211		0
211.125		0
211.25		0
211.375		0
211.5		0
211.625		0
211.75		0
211.875		0
212		0
212.125		0
212.25		0
212.375		0
212.5		0
212.625		0
212.75		0
212.875		0
213		0
213.125		0
213.25		0
213.375		0
213.5		0
213.625		0
213.75		0
213.875		0
214		0
214.125		0
214.25		0
214.375		0
214.5		0
214.625		0
214.75		0
214.875		0
215		0
215.125		0
215.25		0
215.375		0
215.5		0
215.625		0
215.75		0
215.875		0
216		0
216.125		0
216.25		0
216.375		0
216.5		0
216.625		0
216.75		0
216.875		0
217		0
217.125		0
217.25		0
217.375		0
217.5		0
217.625		0
217.75		0
217.875		0
218		0
218.125		0
218.25		0
218.375		0
218.5		0
218.625		0
218.75		0
218.875		0
219		0
219.125		0
219.25		0
219.375		0
219.5		0
219.625		0
219.75		0
219.875		0
220		0
220.125		0
220.25		0
220.375		0
220.5		0
220.625		0
220.75		0
220.875		0
221		0
221.125		0
221.25		0
221.375		0
221.5		0
221.625		0
221.75		0
221.875		0
222		0
222.125		0
222.25		0
222.375		0
222.5		0
222.625		0
222.75		0
222.875		0
223		0
223.125		0
223.25		0
223.375		0
223.5		0
223.625		0
223.75		0
223.875		0
224		0
224.125		0
224.25		0
224.375		0
224.5		0
224.625		0
224.75		0
224.875		0
225		0
225.125		0
225.25		0
225.375		0
225.5		0
225.625		0
225.75		0
225.875		0
226		0
226.125		0
226.25		0
226.375		0
226.5		0
226.625		0
226.75		0
226.875		0
227		0
227.125		0
227.25		0
227.375		0
227.5		0
227.625		0
227.75		0
227.875		0
228		0
228.125		0
228.25		0
228.375		0
228.5		0
228.625		0
228.75		0
228.875		0
229		0
229.125		0
229.25		0
229.375		0
229.5		0
229.625		0
229.75		0
229.875		0
230		0
230.125		0
230.25		0
230.375		0
230.5		0
230.625		0
230.75		0
230.875		0
231		0
231.125		0
231.25		0
231.375		0
231.5		0
231.625		0
231.75		0
231.875		0
232		0
232.125		0
232.25		0
232.375		0
232.5		0
232.625		0
232.75		0
232.875		0
233		0
233.125		0
233.25		0
233.375		0
233.5		0
233.625		0
233.75		0
233.875		0
234		0
234.125		0
234.25		0
234.375		0
234.5		0
234.625		0
234.75		0
234.875		0
235		0
235.125		0
235.25		0
235.375		0
235.5		0
235.625		0
235.75		0
235.875		0
236		0
236.125		0
236.25		0
236.375		0
236.5		0
236.625		0
236.75		0
236.875		0
237		0
237.125		0
237.25		0
237.375		0
237.5		0
237.625		0
237.75		0
237.875		0
238		0
238.125		0
238.25		0
238.375		0
238.5		0
238.625		0
238.75		0
238.875		0
239		0
239.125		0
239.25		0
239.375		0
239.5		0
239.625		0
239.75		0
239.875		0
240		0
240.125		0
240.25		0
240.375		0
240.5		0
240.625		0
240.75		0
240.875		0
241		0
241.125		0
241.25		0
241.375		0
241.5		0
241.625		0
241.75		0
241.875		0
242		0
242.125		0.5
242.25		0.5
242.375		0.5
242.5		0.5
242.625		0.5
242.75		0.5
242.875		0.5
243		0.5
243.125		0.5
243.25		0.5
243.375		0.5
243.5		0.5
243.625		0.5
243.75		0.5
243.875		0.5
244		0.5
244.125		0.5
244.25		0.5
244.375		0.5
244.5		0.5
244.625		0.5
244.75		0.5
244.875		0.5
245		0.5
245.125		0.5
245.25		0.5
245.375		0.5
245.5		0.5
245.625		0.5
245.75		0.5
245.875		0.5
246		0.5
246.125		0.5
246.25		0.5
246.375		0.5
246.5		0.5
246.625		0.5
246.75		0.5
246.875		0.5
247		0.5
247.125		0.5
247.25		0.5
247.375		0.5
247.5		0.5
247.625		0.5
247.75		0.5
247.875		0.5
248		0.5
248.125		0.5
248.25		0.5
248.375		0.5
248.5		0.5
248.625		0.5
248.75		0.5
248.875		0.5
249		0.5
249.125		0.5
249.25		0.5
249.375		0.5
249.5		0.5
249.625		0.5
249.75		0.5
249.875		0.5
250		0.5
250.125		0.5
250.25		0.5
250.375		0.5
250.5		0.5
250.625		0.5
250.75		0.5
250.875		0.5
251		0.5
251.125		0.5
251.25		0.5
251.375		0.5
251.5		0.5
251.625		0.5
251.75		0.5
251.875		0.5
252		0.5
252.125		0.5
252.25		0.5
252.375		0.5
252.5		0.5
252.625		0.5
252.75		0.5
252.875		0.5
253		0.5
253.125		0.5
253.25		0.5
253.375		0.5
253.5		0.5
253.625		0.5
253.75		0.5
253.875		0.5
254		0.5
254.125		0.5
254.25		0.5
254.375		0.5
254.5		0.5
254.625		0.5
254.75		0.5
254.875		0.5
255		0.5
255.125		0.5
255.25		0.5
255.375		0.5
255.5		0.5
255.625		0.5
255.75		0.5
255.875		0.5
256		0.5
256.125		0.5
256.25		0.5
256.375		0.5
256.5		0.5
256.625		0.5
256.75		0.5
256.875		0.5
257		0.5
257.125		0.5
257.25		0.5
257.375		0.5
257.5		0.5
257.625		0.5
257.75		0.5
257.875		0.5
258		0.5
258.125		0.5
258.25		0.5
258.375		0.5
258.5		0.5
258.625		0.5
258.75		0.5
258.875		0.5
259		0.5
259.125		0.5
259.25		0.5
259.375		0.5
259.5		0.5
259.625		0.5
259.75		0.5
259.875		0.5
260		0.5
260.125		0.5
260.25		0.5
260.375		0.5
260.5		0.5
260.625		0.5
260.75		0.5
260.875		0.5
261		0.5
261.125		0.5
261.25		0.5
261.375		0.5
261.5		0.5
261.625		0.5
261.75		0.5
261.875		0.5
262		0.5
262.125		0.5
262.25		0.5
262.375		0.5
262.5		0.5
262.625		0.5
262.75		0.5
262.875		0.5
263		0.5
263.125		0.5
263.25		0.5
263.375		0.5
263.5		0.5
263.625		0.5
263.75		0.5
263.875		0.5
264		0.5
264.125		0.5
264.25		0.5
264.375		0.5
264.5		0.5
264.625		0.5
264.75		0.5
264.875		0.5
265		0.5
265.125		0.5
265.25		0.5
265.375		0.5
265.5		0.5
265.625		0.5
265.75		0.5
265.875		0.5
266		0.5
266.125		0.5
266.25		0.5
266.375		0.5
266.5		0.5
266.625		0.5
266.75		0.5
266.875		0.5
267		0.5
267.125		0.5
267.25		0.5
267.375		0.5
267.5		0.5
267.625		0.5
267.75		0.5
267.875		0.5
268		0.5
268.125		0.5
268.25		0.5
268.375		0.5
268.5		0.5
268.625		0.5
268.75		0.5
268.875		0.5
269		0.5
269.125		0.5
269.25		0.5
269.375		0.5
269.5		0.5
269.625		0.5
269.75		0.5
269.875		0.5
270		0.5
270.125		0.5
270.25		0.5
270.375		0.5
270.5		0.5
270.625		0.5
270.75		0.5
270.875		0.5
271		0.5
271.125		0.5
271.25		0.5
271.375		0.5
271.5		0.5
271.625		0.5
271.75		0.5
271.875		0.5
272		0.5
272.125		0.5
272.25		0.5
272.375		0.5
272.5		0.5
272.625		0.5
272.75		0.5
272.875		0.5
273		0.5
273.125		0.5
273.25		0.5
273.375		0.5
273.5		0.5
273.625		0.5
273.75		0.5
273.875		0.5
274		0.5
274.125		0.5
274.25		0.5
274.375		0.5
274.5		0.5
274.625		0.5
274.75		0.5
274.875		0.5
275		0.5
275.125		0.5
275.25		0.5
275.375		0.5
275.5		0.5
275.625		0.5
275.75		0.5
275.875		0.5
276		0.5
276.125		0.5
276.25		0.5
276.375		0.5
276.5		0.5
276.625		0.5
276.75		0.5
276.875		0.5
277		0.5
277.125		0.5
277.25		0.5
277.375		0.5
277.5		0.5
277.625		0.5
277.75		0.5
277.875		0.5
278		0.5
278.125		0.5
278.25		0.5
278.375		0.5
278.5		0.5
278.625		0.5
278.75		0.5
278.875		0.5
279		0.5
279.125		0.5
279.25		0.5
279.375		0.5
279.5		0.5
279.625		0.5
279.75		0.5
279.875		0.5
280		0.5
280.125		0.5
280.25		0.5
280.375		0.5
280.5		0.5
280.625		0.5
280.75		0.5
280.875		0.5
281		0.5
281.125		0.5
281.25		0.5
281.375		0.5
281.5		0.5
281.625		0.5
281.75		0.5
281.875		0.5
282		0.5
282.125		0.5
282.25		0.5
282.375		0.5
282.5		0.5
282.625		0.5
282.75		0.5
282.875		0.5
283		0.5
283.125		0.5
283.25		0.5
283.375		0.5
283.5		0.5
283.625		0.5
283.75		0.5
283.875		0.5
284		0.5
284.125		0.5
284.25		0.5
284.375		0.5
284.5		0.5
284.625		0.5
284.75		0.5
284.875		0.5
285		0.5
285.125		0.5
285.25		0.5
285.375		0.5
285.5		0.5
285.625		0.5
285.75		0.5
285.875		0.5
286		0.5
286.125		0.5
286.25		0.5
286.375		0.5
286.5		0.5
286.625		0.5
286.75		0.5
286.875		0.5
287		0.5
287.125		0.5
287.25		0.5
287.375		0.5
287.5		0.5
287.625		0.5
287.75		0.5
287.875		0.5
288		0.5
288.125		0.5
288.25		0.5
288.375		0.5
288.5		0.5
288.625		0.5
288.75		0.5
288.875		0.5
289		0.5
289.125		0.5
289.25		0.5
289.375		0.5
289.5		0.5
289.625		0.5
289.75		0.5
289.875		0.5
290		0.5
290.125		0.5
290.25		0.5
290.375		0.5
290.5		0.5
290.625		0.5
290.75		0.5
290.875		0.5
291		0.5
291.125		0.5
291.25		0.5
291.375		0.5
291.5		0.5
291.625		0.5
291.75		0.5
291.875		0.5
292		0.5
292.125		0.5
292.25		0.5
292.375		0.5
292.5		0.5
292.625		0.5
292.75		0.5
292.875		0.5
293		0.5
293.125		0.5
293.25		0.5
293.375		0.5
293.5		0.5
293.625		0.5
293.75		0.5
293.875		0.5
294		0.5
294.125		0.5
294.25		0.5
294.375		0.5
294.5		0.5
294.625		0.5
294.75		0.5
294.875		0.5
295		0.5
295.125		0.5
295.25		0.5
295.375		0.5
295.5		0.5
295.625		0.5
295.75		0.5
295.875		0.5
296		0.5
296.125		0.5
296.25		0.5
296.375		0.5
296.5		0.5
296.625		0.5
296.75		0.5
296.875		0.5
297		0.5
297.125		0.5
297.25		0.5
297.375		0.5
297.5		0.5
297.625		0.5
297.75		0.5
297.875		0.5
298		0.5
298.125		0.5
298.25		0.5
298.375		0.5
298.5		0.5
298.625		0.5
298.75		0.5
298.875		0.5
299		0.5
299.125		0.5
299.25		0.5
299.375		0.5
299.5		0.5
299.625		0.5
299.75		0.5
299.875		0.5
300		0.5
300.125		0.5
300.25		0.5
300.375		0.5
300.5		0.5
300.625		0.5
300.75		0.5
300.875		0.5
301		0.5
301.125		0.5
301.25		0.5
301.375		0.5
301.5		0.5
301.625		0.5
301.75		0.5
301.875		0.5
302		0.5
302.125		0.5
302.25		0.5
302.375		0.5
302.5		0.5
302.625		0.5
302.75		0.5
302.875		0.5
303		0.5
303.125		0.5
303.25		0.5
303.375		0.5
303.5		0.5
303.625		0.5
303.75		0.5
303.875		0.5
304		0.5
304.125		0.5
304.25		0.5
304.375		0.5
304.5		0.5
304.625		0.5
304.75		0.5
304.875		0.5
305		0.5
305.125		0.5
305.25		0.5
305.375		0.5
305.5		0.5
305.625		0.5
305.75		0.5
305.875		0.5
306		0.5
306.125		0.5
306.25		0.5
306.375		0.5
306.5		0.5
306.625		0.5
306.75		0.5
306.875		0.5
307		0.5
307.125		0.5
307.25		0.5
307.375		0.5
307.5		0.5
307.625		0.5
307.75		0.5
307.875		0.5
308		0.5
308.125		0.5
308.25		0.5
308.375		0.5
308.5		0.5
308.625		0.5
308.75		0.5
308.875		0.5
309		0.5
309.125		0.5
309.25		0.5
309.375		0.5
309.5		0.5
309.625		0.5
309.75		0.5
309.875		0.5
310		0.5
310.125		0.5
310.25		0.5
310.375		0.5
310.5		0.5
310.625		0.5
310.75		0.5
310.875		0.5
311		0.5
311.125		0.5
311.25		0.5
311.375		0.5
311.5		0.5
311.625		0.5
311.75		0.5
311.875		0.5
312		0.5
312.125		0.5
312.25		0.5
312.375		0.5
312.5		0.5
312.625		0.5
312.75		0.5
312.875		0.5
313		0.5
313.125		0.5
313.25		0.5
313.375		0.5
313.5		0.5
313.625		0.5
313.75		0.5
313.875		0.5
314		0.5
314.125		0.5
314.25		0.5
314.375		0.5
314.5		0.5
314.625		0.5
314.75		0.5
314.875		0.5
315		0.5
315.125		0.5
315.25		0.5
315.375		0.5
315.5		0.5
315.625		0.5
315.75		0.5
315.875		0.5
316		0.5
316.125		0.5
316.25		0.5
316.375		0.5
316.5		0.5
316.625		0.5
316.75		0.5
316.875		0.5
317		0.5
317.125		0.5
317.25		0.5
317.375		0.5
317.5		0.5
317.625		0.5
317.75		0.5
317.875		0.5
318		0.5
318.125		0.5
318.25		0.5
318.375		0.5
318.5		0.5
318.625		0.5
318.75		0.5
318.875		0.5
319		0.5
319.125		0.5
319.25		0.5
319.375		0.5
319.5		0.5
319.625		0.5
319.75		0.5
319.875		0.5
320		0.5
320.125		0.5
320.25		0.5
320.375		0.5
320.5		0.5
320.625		0.5
320.75		0.5
320.875		0.5
321		0.5
321.125		0.5
321.25		0.5
321.375		0.5
321.5		0.5
321.625		0.5
321.75		0.5
321.875		0.5
322		0.5
322.125		0.5
322.25		0.5
322.375		0.5
322.5		0.5
322.625		0.5
322.75		0.5
322.875		0.5
323		0.5
323.125		0.5
323.25		0.5
323.375		0.5
323.5		0.5
323.625		0.5
323.75		0.5
323.875		0.5
324		0.5
324.125		0.5
324.25		0.5
324.375		0.5
324.5		0.5
324.625		0.5
324.75		0.5
324.875		0.5
325		0.5
325.125		0.5
325.25		0.5
325.375		0.5
325.5		0.5
325.625		0.5
325.75		0.5
325.875		0.5
326		0.5
326.125		0.5
326.25		0.5
326.375		0.5
326.5		0.5
326.625		0.5
326.75		0.5
326.875		0.5
327		0.5
327.125		0.5
327.25		0.5
327.375		0.5
327.5		0.5
327.625		0.5
327.75		0.5
327.875		0.5
328		0.5
328.125		0.5
328.25		0.5
328.375		0.5
328.5		0.5
328.625		0.5
328.75		0.5
328.875		0.5
329		0.5
329.125		0.5
329.25		0.5
329.375		0.5
329.5		0.5
329.625		0.5
329.75		0.5
329.875		0.5
330		0.5
330.125		0.5
330.25		0.5
330.375		0.5
330.5		0.5
330.625		0.5
330.75		0.5
330.875		0.5
331		0.5
331.125		0.5
331.25		0.5
331.375		0.5
331.5		0.5
331.625		0.5
331.75		0.5
331.875		0.5
332		0.5
332.125		0.5
332.25		0.5
332.375		0.5
332.5		0.5
332.625		0.5
332.75		0.5
332.875		0.5
333		0.5
333.125		0.5
333.25		0.5
333.375		0.5
333.5		0.5
333.625		0.5
333.75		0.5
333.875		0.5
334		0.5
334.125		0.5
334.25		0.5
334.375		0.5
334.5		0.5
334.625		0.5
334.75		0.5
334.875		0.5
335		0.5
335.125		0.5
335.25		0.5
335.375		0.5
335.5		0.5
335.625		0.5
335.75		0.5
335.875		0.5
336		0.5
336.125		0.5
336.25		0.5
336.375		0.5
336.5		0.5
336.625		0.5
336.75		0.5
336.875		0.5
337		0.5
337.125		0.5
337.25		0.5
337.375		0.5
337.5		0.5
337.625		0.5
337.75		0.5
337.875		0.5
338		0.5
338.125		0.5
338.25		0.5
338.375		0.5
338.5		0.5
338.625		0.5
338.75		0.5
338.875		0.5
339		0.5
339.125		0.5
339.25		0.5
339.375		0.5
339.5		0.5
339.625		0.5
339.75		0.5
339.875		0.5
340		0.5
340.125		0.5
340.25		0.5
340.375		0.5
340.5		0.5
340.625		0.5
340.75		0.5
340.875		0.5
341		0.5
341.125		0.5
341.25		0.5
341.375		0.5
341.5		0.5
341.625		0.5
341.75		0.5
341.875		0.5
342		0.5
342.125		0.5
342.25		0.5
342.375		0.5
342.5		0.5
342.625		0.5
342.75		0.5
342.875		0.5
343		0.5
343.125		0.5
343.25		0.5
343.375		0.5
343.5		0.5
343.625		0.5
343.75		0.5
343.875		0.5
344		0.5
344.125		0.5
344.25		0.5
344.375		0.5
344.5		0.5
344.625		0.5
344.75		0.5
344.875		0.5
345		0.5
345.125		0.5
345.25		0.5
345.375		0.5
345.5		0.5
345.625		0.5
345.75		0.5
345.875		0.5
346		0.5
346.125		0.5
346.25		0.5
346.375		0.5
346.5		0.5
346.625		0.5
346.75		0.5
346.875		0.5
347		0.5
347.125		0.5
347.25		0.5
347.375		0.5
347.5		0.5
347.625		0.5
347.75		0.5
347.875		0.5
348		0.5
348.125		0.5
348.25		0.5
348.375		0.5
348.5		0.5
348.625		0.5
348.75		0.5
348.875		0.5
349		0.5
349.125		0.5
349.25		0.5
349.375		0.5
349.5		0.5
349.625		0.5
349.75		0.5
349.875		0.5
350		0.5
350.125		0.5
350.25		0.5
350.375		0.5
350.5		0.5
350.625		0.5
350.75		0.5
350.875		0.5
351		0.5
351.125		0.5
351.25		0.5
351.375		0.5
351.5		0.5
351.625		0.5
351.75		0.5
351.875		0.5
352		0.5
352.125		0.5
352.25		0.5
352.375		0.5
352.5		0.5
352.625		0.5
352.75		0.5
352.875		0.5
353		0.5
353.125		0.5
353.25		0.5
353.375		0.5
353.5		0.5
353.625		0.5
353.75		0.5
353.875		0.5
354		0.5
354.125		0.5
354.25		0.5
354.375		0.5
354.5		0.5
354.625		0.5
354.75		0.5
354.875		0.5
355		0.5
355.125		0.5
355.25		0.5
355.375		0.5
355.5		0.5
355.625		0.5
355.75		0.5
355.875		0.5
356		0.5
356.125		0.5
356.25		0.5
356.375		0.5
356.5		0.5
356.625		0.5
356.75		0.5
356.875		0.5
357		0.5
357.125		0.5
357.25		0.5
357.375		0.5
357.5		0.5
357.625		0.5
357.75		0.5
357.875		0.5
358		0.5
358.125		0.5
358.25		0.5
358.375		0.5
358.5		0.5
358.625		0.5
358.75		0.5
358.875		0.5
359		0.5
359.125		0.5
359.25		0.5
359.375		0.5
359.5		0.5
359.625		0.5
359.75		0.5
359.875		0.5
360		0.5
360.125		0.5
360.25		0.5
360.375		0.5
360.5		0.5
360.625		0.5
360.75		0.5
360.875		0.5
361		0.5
361.125		0.5
361.25		0.5
361.375		0.5
361.5		0.5
361.625		0.5
361.75		0.5
361.875		0.5
362		0.5
362.125		0.5
362.25		0.5
362.375		0.5
362.5		0.5
362.625		0.5
362.75		0.5
362.875		0.5
363		0.5
363.125		0.5
363.25		0.5
363.375		0.5
363.5		0.5
363.625		0.5
363.75		0.5
363.875		0.5
364		0.5
364.125		0.5
364.25		0.5
364.375		0.5
364.5		0.5
364.625		0.5
364.75		0.5
364.875		0.5
365		0.5
365.125		0.5
365.25		0.5
365.375		0.5
365.5		0.5
365.625		0.5
365.75		0.5
365.875		0.5
366		0.5
366.125		0.5
366.25		0.5
366.375		0.5
366.5		0.5
366.625		0.5
366.75		0.5
366.875		0.5
367		0.5
367.125		0.5
367.25		0.5
367.375		0.5
367.5		0.5
367.625		0.5
367.75		0.5
367.875		0.5
368		0.5
368.125		0.5
368.25		0.5
368.375		0.5
368.5		0.5
368.625		0.5
368.75		0.5
368.875		0.5
369		0.5
369.125		0.5
369.25		0.5
369.375		0.5
369.5		0.5
369.625		0.5
369.75		0.5
369.875		0.5
370		0.5
370.125		0.5
370.25		0.5
370.375		0.5
370.5		0.5
370.625		0.5
370.75		0.5
370.875		0.5
371		0.5
371.125		0.5
371.25		0.5
371.375		0.5
371.5		0.5
371.625		0.5
371.75		0.5
371.875		0.5
372		0.5
372.125		0.5
372.25		0.5
372.375		0.5
372.5		0.5
372.625		0.5
372.75		0.5
372.875		0.5
373		0.5
373.125		0.5
373.25		0.5
373.375		0.5
373.5		0.5
373.625		0.5
373.75		0.5
373.875		0.5
374		0.5
374.125		0.5
374.25		0.5
374.375		0.5
374.5		0.5
374.625		0.5
374.75		0.5
374.875		0.5
375		0.5
375.125		0.5
375.25		0.5
375.375		0.5
375.5		0.5
375.625		0.5
375.75		0.5
375.875		0.5
376		0.5
376.125		0.5
376.25		0.5
376.375		0.5
376.5		0.5
376.625		0.5
376.75		0.5
376.875		0.5
377		0.5
377.125		0.5
377.25		0.5
377.375		0.5
377.5		0.5
377.625		0.5
377.75		0.5
377.875		0.5
378		0.5
378.125		0.5
378.25		0.5
378.375		0.5
378.5		0.5
378.625		0.5
378.75		0.5
378.875		0.5
379		0.5
379.125		0.5
379.25		0.5
379.375		0.5
379.5		0.5
379.625		0.5
379.75		0.5
379.875		0.5
380		0.5
380.125		0.5
380.25		0.5
380.375		0.5
380.5		0.5
380.625		0.5
380.75		0.5
380.875		0.5
381		0.5
381.125		0.5
381.25		0.5
381.375		0.5
381.5		0.5
381.625		0.5
381.75		0.5
381.875		0.5
382		0.5
382.125		0.5
382.25		0.5
382.375		0.5
382.5		0.5
382.625		0.5
382.75		0.5
382.875		0.5
383		0.5
383.125		0.5
383.25		0.5
383.375		0.5
383.5		0.5
383.625		0.5
383.75		0.5
383.875		0.5
384		0.5
384.125		0.5
384.25		0.5
384.375		0.5
384.5		0.5
384.625		0.5
384.75		0.5
384.875		0.5
385		0.5
385.125		0.5
385.25		0.5
385.375		0.5
385.5		0.5
385.625		0.5
385.75		0.5
385.875		0.5
386		0.5
386.125		0.5
386.25		0.5
386.375		0.5
386.5		0.5
386.625		0.5
386.75		0.5
386.875		0.5
387		0.5
387.125		0.5
387.25		0.5
387.375		0.5
387.5		0.5
387.625		0.5
387.75		0.5
387.875		0.5
388		0.5
388.125		0.5
388.25		0.5
388.375		0.5
388.5		0.5
388.625		0.5
388.75		0.5
388.875		0.5
389		0.5
389.125		0.5
389.25		0.5
389.375		0.5
389.5		0.5
389.625		0.5
389.75		0.5
389.875		0.5
390		0.5
390.125		0.5
390.25		0.5
390.375		0.5
390.5		0.5
390.625		0.5
390.75		0.5
390.875		0.5
391		0.5
391.125		0.5
391.25		0.5
391.375		0.5
391.5		0.5
391.625		0.5
391.75		0.5
391.875		0.5
392		0.5
392.125		0.5
392.25		0.5
392.375		0.5
392.5		0.5
392.625		0.5
392.75		0.5
392.875		0.5
393		0.5
393.125		0.5
393.25		0.5
393.375		0.5
393.5		0.5
393.625		0.5
393.75		0.5
393.875		0.5
394		0.5
394.125		0.5
394.25		0.5
394.375		0.5
394.5		0.5
394.625		0.5
394.75		0.5
394.875		0.5
395		0.5
395.125		0.5
395.25		0.5
395.375		0.5
395.5		0.5
395.625		0.5
395.75		0.5
395.875		0.5
396		0.5
396.125		0.5
396.25		0.5
396.375		0.5
396.5		0.5
396.625		0.5
396.75		0.5
396.875		0.5
397		0.5
397.125		0.5
397.25		0.5
397.375		0.5
397.5		0.5
397.625		0.5
397.75		0.5
397.875		0.5
398		0.5
398.125		0.5
398.25		0.5
398.375		0.5
398.5		0.5
398.625		0.5
398.75		0.5
398.875		0.5
399		0.5
399.125		0.5
399.25		0.5
399.375		0.5
399.5		0.5
399.625		0.5
399.75		0.5
399.875		0.5
400		0.5
400.125		0.5
400.25		0.5
400.375		0.5
400.5		0.5
400.625		0.5
400.75		0.5
400.875		0.5
401		0.5
401.125		0.5
401.25		0.5
401.375		0.5
401.5		0.5
401.625		0.5
401.75		0.5
401.875		0.5
402		0.5
402.125		0.5
402.25		0.5
402.375		0.5
402.5		0.5
402.625		0.5
402.75		0.5
402.875		0.5
403		0.5
403.125		0.5
403.25		0.5
403.375		0.5
403.5		0.5
403.625		0.5
403.75		0.5
403.875		0.5
404		0.5
404.125		0.5
404.25		0.5
404.375		0.5
404.5		0.5
404.625		0.5
404.75		0.5
404.875		0.5
405		0.5
405.125		0.5
405.25		0.5
405.375		0.5
405.5		0.5
405.625		0.5
405.75		0.5
405.875		0.5
406		0.5
406.125		0.5
406.25		0.5
406.375		0.5
406.5		0.5
406.625		0.5
406.75		0.5
406.875		0.5
407		0.5
407.125		0.5
407.25		0.5
407.375		0.5
407.5		0.5
407.625		0.5
407.75		0.5
407.875		0.5
408		0.5
408.125		0.5
408.25		0.5
408.375		0.5
408.5		0.5
408.625		0.5
408.75		0.5
408.875		0.5
409		0.5
409.125		0.5
409.25		0.5
409.375		0.5
409.5		0.5
409.625		0.5
409.75		0.5
409.875		0.5
410		0.5
410.125		0.5
410.25		0.5
410.375		0.5
410.5		0.5
410.625		0.5
410.75		0.5
410.875		0.5
411		0.5
411.125		0.5
411.25		0.5
411.375		0.5
411.5		0.5
411.625		0.5
411.75		0.5
411.875		0.5
412		0.5
412.125		0.5
412.25		0.5
412.375		0.5
412.5		0.5
412.625		0.5
412.75		0.5
412.875		0.5
413		0.5
413.125		0.5
413.25		0.5
413.375		0.5
413.5		0.5
413.625		0.5
413.75		0.5
413.875		0.5
414		0.5
414.125		0.5
414.25		0.5
414.375		0.5
414.5		0.5
414.625		0.5
414.75		0.5
414.875		0.5
415		0.5
415.125		0.5
415.25		0.5
415.375		0.5
415.5		0.5
415.625		0.5
415.75		0.5
415.875		0.5
416		0.5
416.125		0.5
416.25		0.5
416.375		0.5
416.5		0.5
416.625		0.5
416.75		0.5
416.875		0.5
417		0.5
417.125		0.5
417.25		0.5
417.375		0.5
417.5		0.5
417.625		0.5
417.75		0.5
417.875		0.5
418		0.5
418.125		0.5
418.25		0.5
418.375		0.5
418.5		0.5
418.625		0.5
418.75		0.5
418.875		0.5
419		0.5
419.125		0.5
419.25		0.5
419.375		0.5
419.5		0.5
419.625		0.5
419.75		0.5
419.875		0.5
420		0.5
420.125		0.5
420.25		0.5
420.375		0.5
420.5		0.5
420.625		0.5
420.75		0.5
420.875		0.5
421		0.5
421.125		0.5
421.25		0.5
421.375		0.5
421.5		0.5
421.625		0.5
421.75		0.5
421.875		0.5
422		0.5
422.125		0.5
422.25		0.5
422.375		0.5
422.5		0.5
422.625		0.5
422.75		0.5
422.875		0.5
423		0.5
423.125		0.5
423.25		0.5
423.375		0.5
423.5		0.5
423.625		0.5
423.75		0.5
423.875		0.5
424		0.5
424.125		0.5
424.25		0.5
424.375		0.5
424.5		0.5
424.625		0.5
424.75		0.5
424.875		0.5
425		0.5
425.125		0.5
425.25		0.5
425.375		0.5
425.5		0.5
425.625		0.5
425.75		0.5
425.875		0.5
426		0.5
426.125		0.5
426.25		0.5
426.375		0.5
426.5		0.5
426.625		0.5
426.75		0.5
426.875		0.5
427		0.5
427.125		0.5
427.25		0.5
427.375		0.5
427.5		0.5
427.625		0.5
427.75		0.5
427.875		0.5
428		0.5
428.125		0.5
428.25		0.5
428.375		0.5
428.5		0.5
428.625		0.5
428.75		0.5
428.875		0.5
429		0.5
429.125		0.5
429.25		0.5
429.375		0.5
429.5		0.5
429.625		0.5
429.75		0.5
429.875		0.5
430		0.5
430.125		0.5
430.25		0.5
430.375		0.5
430.5		0.5
430.625		0.5
430.75		0.5
430.875		0.5
431		0.5
431.125		0.5
431.25		0.5
431.375		0.5
431.5		0.5
431.625		0.5
431.75		0.5
431.875		0.5
432		0.5
432.125		0.5
432.25		0.5
432.375		0.5
432.5		0.5
432.625		0.5
432.75		0.5
432.875		0.5
433		0.5
433.125		0.5
433.25		0.5
433.375		0.5
433.5		0.5
433.625		0.5
433.75		0.5
433.875		0.5
434		0.5
434.125		0.5
434.25		0.5
434.375		0.5
434.5		0.5
434.625		0.5
434.75		0.5
434.875		0.5
435		0.5
435.125		0.5
435.25		0.5
435.375		0.5
435.5		0.5
435.625		0.5
435.75		0.5
435.875		0.5
436		0.5
436.125		0.5
436.25		0.5
436.375		0.5
436.5		0.5
436.625		0.5
436.75		0.5
436.875		0.5
437		0.5
437.125		0.5
437.25		0.5
437.375		0.5
437.5		0.5
437.625		0.5
437.75		0.5
437.875		0.5
438		0.5
438.125		0.5
438.25		0.5
438.375		0.5
438.5		0.5
438.625		0.5
438.75		0.5
438.875		0.5
439		0.5
439.125		0.5
439.25		0.5
439.375		0.5
439.5		0.5
439.625		0.5
439.75		0.5
439.875		0.5
440		0.5
440.125		0.5
440.25		0.5
440.375		0.5
440.5		0.5
440.625		0.5
440.75		0.5
440.875		0.5
441		0.5
441.125		0.5
441.25		0.5
441.375		0.5
441.5		0.5
441.625		0.5
441.75		0.5
441.875		0.5
442		0.5
442.125		0.5
442.25		0.5
442.375		0.5
442.5		0.5
442.625		0.5
442.75		0.5
442.875		0.5
443		0.5
443.125		0.5
443.25		0.5
443.375		0.5
443.5		0.5
443.625		0.5
443.75		0.5
443.875		0.5
444		0.5
444.125		0.5
444.25		0.5
444.375		0.5
444.5		0.5
444.625		0.5
444.75		0.5
444.875		0.5
445		0.5
445.125		0.5
445.25		0.5
445.375		0.5
445.5		0.5
445.625		0.5
445.75		0.5
445.875		0.5
446		0.5
446.125		0.5
446.25		0.5
446.375		0.5
446.5		0.5
446.625		0.5
446.75		0.5
446.875		0.5
447		0.5
447.125		0.5
447.25		0.5
447.375		0.5
447.5		0.5
447.625		0.5
447.75		0.5
447.875		0.5
448		0.5
448.125		0.5
448.25		0.5
448.375		0.5
448.5		0.5
448.625		0.5
448.75		0.5
448.875		0.5
449		0.5
449.125		0.5
449.25		0.5
449.375		0.5
449.5		0.5
449.625		0.5
449.75		0.5
449.875		0.5
450		0.5
450.125		0.5
450.25		0.5
450.375		0.5
450.5		0.5
450.625		0.5
450.75		0.5
450.875		0.5
451		0.5
451.125		0.5
451.25		0.5
451.375		0.5
451.5		0.5
451.625		0.5
451.75		0.5
451.875		0.5
452		0.5
452.125		0.5
452.25		0.5
452.375		0.5
452.5		0.5
452.625		0.5
452.75		0.5
452.875		0.5
453		0.5
453.125		0.5
453.25		0.5
453.375		0.5
453.5		0.5
453.625		0.5
453.75		0.5
453.875		0.5
454		0.5
454.125		0.5
454.25		0.5
454.375		0.5
454.5		0.5
454.625		0.5
454.75		0.5
454.875		0.5
455		0.5
455.125		0.5
455.25		0.5
455.375		0.5
455.5		0.5
455.625		0.5
455.75		0.5
455.875		0.5
456		0.5
456.125		0.5
456.25		0.5
456.375		0.5
456.5		0.5
456.625		0.5
456.75		0.5
456.875		0.5
457		0.5
457.125		0.5
457.25		0.5
457.375		0.5
457.5		0.5
457.625		0.5
457.75		0.5
457.875		0.5
458		0.5
458.125		1
458.25		1
458.375		1
458.5		1
458.625		1
458.75		1
458.875		1
459		1
459.125		1
459.25		1
459.375		1
459.5		1
459.625		1
459.75		1
459.875		1
460		1
460.125		1
460.25		1
460.375		1
460.5		1
460.625		1
460.75		1
460.875		1
461		1
461.125		1
461.25		1
461.375		1
461.5		1
461.625		1
461.75		1
461.875		1
462		1
462.125		1
462.25		1
462.375		1
462.5		1
462.625		1
462.75		1
462.875		1
463		1
463.125		1
463.25		1
463.375		1
463.5		1
463.625		1
463.75		1
463.875		1
464		1
464.125		1
464.25		1
464.375		1
464.5		1
464.625		1
464.75		1
464.875		1
465		1
465.125		1
465.25		1
465.375		1
465.5		1
465.625		1
465.75		1
465.875		1
466		1
466.125		1
466.25		1
466.375		1
466.5		1
466.625		1
466.75		1
466.875		1
467		1
467.125		1
467.25		1
467.375		1
467.5		1
467.625		1
467.75		1
467.875		1
468		1
468.125		1
468.25		1
468.375		1
468.5		1
468.625		1
468.75		1
468.875		1
469		1
469.125		1
469.25		1
469.375		1
469.5		1
469.625		1
469.75		1
469.875		1
470		1
470.125		1
470.25		1
470.375		1
470.5		1
470.625		1
470.75		1
470.875		1
471		1
471.125		1
471.25		1
471.375		1
471.5		1
471.625		1
471.75		1
471.875		1
472		1
472.125		1
472.25		1
472.375		1
472.5		1
472.625		1
472.75		1
472.875		1
473		1
473.125		1
473.25		1
473.375		1
473.5		1
473.625		1
473.75		1
473.875		1
474		1
474.125		1
474.25		1
474.375		1
474.5		1
474.625		1
474.75		1
474.875		1
475		1
475.125		1
475.25		1
475.375		1
475.5		1
475.625		1
475.75		1
475.875		1
476		1
476.125		1
476.25		1
476.375		1
476.5		1
476.625		1
476.75		1
476.875		1
477		1
477.125		1
477.25		1
477.375		1
477.5		1
477.625		1
477.75		1
477.875		1
478		1
478.125		1
478.25		1
478.375		1
478.5		1
478.625		1
478.75		1
478.875		1
479		1
479.125		1
479.25		1
479.375		1
479.5		1
479.625		1
479.75		1
479.875		1
480		1
480.125		1
480.25		1
480.375		1
480.5		1
480.625		1
480.75		1
480.875		1
481		1
481.125		1
481.25		1
481.375		1
481.5		1
481.625		1
481.75		1
481.875		1
482		1
482.125		1
482.25		1
482.375		1
482.5		1
482.625		1
482.75		1
482.875		1
483		1
483.125		1
483.25		1
483.375		1
483.5		1
483.625		1
483.75		1
483.875		1
484		1
484.125		1
484.25		1
484.375		1
484.5		1
484.625		1
484.75		1
484.875		1
485		1
485.125		1
485.25		1
485.375		1
485.5		1
485.625		1
485.75		1
485.875		1
486		1
486.125		1
486.25		1
486.375		1
486.5		1
486.625		1
486.75		1
486.875		1
487		1
487.125		1
487.25		1
487.375		1
487.5		1
487.625		1
487.75		1
487.875		1
488		1
488.125		1
488.25		1
488.375		1
488.5		1
488.625		1
488.75		1
488.875		1
489		1
489.125		1
489.25		1
489.375		1
489.5		1
489.625		1
489.75		1
489.875		1
490		1
490.125		1
490.25		1
490.375		1
490.5		1
490.625		1
490.75		1
490.875		1
491		1
491.125		1
491.25		1
491.375		1
491.5		1
491.625		1
491.75		1
491.875		1
492		1
492.125		1
492.25		1
492.375		1
492.5		1
492.625		1
492.75		1
492.875		1
493		1
493.125		1
493.25		1
493.375		1
493.5		1
493.625		1
493.75		1
493.875		1
494		1
494.125		1
494.25		1
494.375		1
494.5		1
494.625		1
494.75		1
494.875		1
495		1
495.125		1
495.25		1
495.375		1
495.5		1
495.625		1
495.75		1
495.875		1
496		1
496.125		1
496.25		1
496.375		1
496.5		1
496.625		1
496.75		1
496.875		1
497		1
497.125		1
497.25		1
497.375		1
497.5		1
497.625		1
497.75		1
497.875		1
498		1
498.125		1
498.25		1
498.375		1
498.5		1
498.625		1
498.75		1
498.875		1
499		1
499.125		1
499.25		1
499.375		1
499.5		1
499.625		1
499.75		1
499.875		1
500		1
