# Calibration file of tamex_id 1 @ channel 6
# fine_T bin		 Calibration value
0.125		0
0.25		0
0.375		0
0.5		0
0.625		0
0.75		0
0.875		0
1		0
1.125		0
1.25		0
1.375		0
1.5		0
1.625		0
1.75		0
1.875		0
2		0
2.125		0
2.25		0
2.375		0
2.5		0
2.625		0
2.75		0
2.875		0
3		0
3.125		0
3.25		0
3.375		0
3.5		0
3.625		0
3.75		0
3.875		0
4		0
4.125		0
4.25		0
4.375		0
4.5		0
4.625		0
4.75		0
4.875		0
5		0
5.125		0
5.25		0
5.375		0
5.5		0
5.625		0
5.75		0
5.875		0
6		0
6.125		0
6.25		0
6.375		0
6.5		0
6.625		0
6.75		0
6.875		0
7		0
7.125		0
7.25		0
7.375		0
7.5		0
7.625		0
7.75		0
7.875		0
8		0
8.125		0
8.25		0
8.375		0
8.5		0
8.625		0
8.75		0
8.875		0
9		0
9.125		0
9.25		0
9.375		0
9.5		0
9.625		0
9.75		0
9.875		0
10		0
10.125		0
10.25		0
10.375		0
10.5		0
10.625		0
10.75		0
10.875		0
11		0
11.125		0
11.25		0
11.375		0
11.5		0
11.625		0
11.75		0
11.875		0
12		0
12.125		0
12.25		0
12.375		0
12.5		0
12.625		0
12.75		0
12.875		0
13		0
13.125		0
13.25		0
13.375		0
13.5		0
13.625		0
13.75		0
13.875		0
14		0
14.125		0
14.25		0
14.375		0
14.5		0
14.625		0
14.75		0
14.875		0
15		0
15.125		0
15.25		0
15.375		0
15.5		0
15.625		0
15.75		0
15.875		0
16		0
16.125		0.00319026
16.25		0.00319026
16.375		0.00319026
16.5		0.00319026
16.625		0.00319026
16.75		0.00319026
16.875		0.00319026
17		0.00319026
17.125		0.00889256
17.25		0.00889256
17.375		0.00889256
17.5		0.00889256
17.625		0.00889256
17.75		0.00889256
17.875		0.00889256
18		0.00889256
18.125		0.00934645
18.25		0.00934645
18.375		0.00934645
18.5		0.00934645
18.625		0.00934645
18.75		0.00934645
18.875		0.00934645
19		0.00934645
19.125		0.0125967
19.25		0.0125967
19.375		0.0125967
19.5		0.0125967
19.625		0.0125967
19.75		0.0125967
19.875		0.0125967
20		0.0125967
20.125		0.0182703
20.25		0.0182703
20.375		0.0182703
20.5		0.0182703
20.625		0.0182703
20.75		0.0182703
20.875		0.0182703
21		0.0182703
21.125		0.0196685
21.25		0.0196685
21.375		0.0196685
21.5		0.0196685
21.625		0.0196685
21.75		0.0196685
21.875		0.0196685
22		0.0196685
22.125		0.0210771
22.25		0.0210771
22.375		0.0210771
22.5		0.0210771
22.625		0.0210771
22.75		0.0210771
22.875		0.0210771
23		0.0210771
23.125		0.0213354
23.25		0.0213354
23.375		0.0213354
23.5		0.0213354
23.625		0.0213354
23.75		0.0213354
23.875		0.0213354
24		0.0213354
24.125		0.0257621
24.25		0.0257621
24.375		0.0257621
24.5		0.0257621
24.625		0.0257621
24.75		0.0257621
24.875		0.0257621
25		0.0257621
25.125		0.0287567
25.25		0.0287567
25.375		0.0287567
25.5		0.0287567
25.625		0.0287567
25.75		0.0287567
25.875		0.0287567
26		0.0287567
26.125		0.0292862
26.25		0.0292862
26.375		0.0292862
26.5		0.0292862
26.625		0.0292862
26.75		0.0292862
26.875		0.0292862
27		0.0292862
27.125		0.0311853
27.25		0.0311853
27.375		0.0311853
27.5		0.0311853
27.625		0.0311853
27.75		0.0311853
27.875		0.0311853
28		0.0311853
28.125		0.0336738
28.25		0.0336738
28.375		0.0336738
28.5		0.0336738
28.625		0.0336738
28.75		0.0336738
28.875		0.0336738
29		0.0336738
29.125		0.0366372
29.25		0.0366372
29.375		0.0366372
29.5		0.0366372
29.625		0.0366372
29.75		0.0366372
29.875		0.0366372
30		0.0366372
30.125		0.0373154
30.25		0.0373154
30.375		0.0373154
30.5		0.0373154
30.625		0.0373154
30.75		0.0373154
30.875		0.0373154
31		0.0373154
31.125		0.0406335
31.25		0.0406335
31.375		0.0406335
31.5		0.0406335
31.625		0.0406335
31.75		0.0406335
31.875		0.0406335
32		0.0406335
32.125		0.0440924
32.25		0.0440924
32.375		0.0440924
32.5		0.0440924
32.625		0.0440924
32.75		0.0440924
32.875		0.0440924
33		0.0440924
33.125		0.0461375
33.25		0.0461375
33.375		0.0461375
33.5		0.0461375
33.625		0.0461375
33.75		0.0461375
33.875		0.0461375
34		0.0461375
34.125		0.0472148
34.25		0.0472148
34.375		0.0472148
34.5		0.0472148
34.625		0.0472148
34.75		0.0472148
34.875		0.0472148
35		0.0472148
35.125		0.0486261
35.25		0.0486261
35.375		0.0486261
35.5		0.0486261
35.625		0.0486261
35.75		0.0486261
35.875		0.0486261
36		0.0486261
36.125		0.048733
36.25		0.048733
36.375		0.048733
36.5		0.048733
36.625		0.048733
36.75		0.048733
36.875		0.048733
37		0.048733
37.125		0.0543101
37.25		0.0543101
37.375		0.0543101
37.5		0.0543101
37.625		0.0543101
37.75		0.0543101
37.875		0.0543101
38		0.0543101
38.125		0.0556353
38.25		0.0556353
38.375		0.0556353
38.5		0.0556353
38.625		0.0556353
38.75		0.0556353
38.875		0.0556353
39		0.0556353
39.125		0.0567648
39.25		0.0567648
39.375		0.0567648
39.5		0.0567648
39.625		0.0567648
39.75		0.0567648
39.875		0.0567648
40		0.0567648
40.125		0.0576725
40.25		0.0576725
40.375		0.0576725
40.5		0.0576725
40.625		0.0576725
40.75		0.0576725
40.875		0.0576725
41		0.0576725
41.125		0.0601481
41.25		0.0601481
41.375		0.0601481
41.5		0.0601481
41.625		0.0601481
41.75		0.0601481
41.875		0.0601481
42		0.0601481
42.125		0.0647182
42.25		0.0647182
42.375		0.0647182
42.5		0.0647182
42.625		0.0647182
42.75		0.0647182
42.875		0.0647182
43		0.0647182
43.125		0.0651226
43.25		0.0651226
43.375		0.0651226
43.5		0.0651226
43.625		0.0651226
43.75		0.0651226
43.875		0.0651226
44		0.0651226
44.125		0.0653965
44.25		0.0653965
44.375		0.0653965
44.5		0.0653965
44.625		0.0653965
44.75		0.0653965
44.875		0.0653965
45		0.0653965
45.125		0.0677624
45.25		0.0677624
45.375		0.0677624
45.5		0.0677624
45.625		0.0677624
45.75		0.0677624
45.875		0.0677624
46		0.0677624
46.125		0.0706032
46.25		0.0706032
46.375		0.0706032
46.5		0.0706032
46.625		0.0706032
46.75		0.0706032
46.875		0.0706032
47		0.0706032
47.125		0.0749151
47.25		0.0749151
47.375		0.0749151
47.5		0.0749151
47.625		0.0749151
47.75		0.0749151
47.875		0.0749151
48		0.0749151
48.125		0.0756038
48.25		0.0756038
48.375		0.0756038
48.5		0.0756038
48.625		0.0756038
48.75		0.0756038
48.875		0.0756038
49		0.0756038
49.125		0.0763315
49.25		0.0763315
49.375		0.0763315
49.5		0.0763315
49.625		0.0763315
49.75		0.0763315
49.875		0.0763315
50		0.0763315
50.125		0.0806774
50.25		0.0806774
50.375		0.0806774
50.5		0.0806774
50.625		0.0806774
50.75		0.0806774
50.875		0.0806774
51		0.0806774
51.125		0.0811156
51.25		0.0811156
51.375		0.0811156
51.5		0.0811156
51.625		0.0811156
51.75		0.0811156
51.875		0.0811156
52		0.0811156
52.125		0.0841781
52.25		0.0841781
52.375		0.0841781
52.5		0.0841781
52.625		0.0841781
52.75		0.0841781
52.875		0.0841781
53		0.0841781
53.125		0.0882526
53.25		0.0882526
53.375		0.0882526
53.5		0.0882526
53.625		0.0882526
53.75		0.0882526
53.875		0.0882526
54		0.0882526
54.125		0.0885187
54.25		0.0885187
54.375		0.0885187
54.5		0.0885187
54.625		0.0885187
54.75		0.0885187
54.875		0.0885187
55		0.0885187
55.125		0.0915498
55.25		0.0915498
55.375		0.0915498
55.5		0.0915498
55.625		0.0915498
55.75		0.0915498
55.875		0.0915498
56		0.0915498
56.125		0.0956166
56.25		0.0956166
56.375		0.0956166
56.5		0.0956166
56.625		0.0956166
56.75		0.0956166
56.875		0.0956166
57		0.0956166
57.125		0.0958305
57.25		0.0958305
57.375		0.0958305
57.5		0.0958305
57.625		0.0958305
57.75		0.0958305
57.875		0.0958305
58		0.0958305
58.125		0.0959687
58.25		0.0959687
58.375		0.0959687
58.5		0.0959687
58.625		0.0959687
58.75		0.0959687
58.875		0.0959687
59		0.0959687
59.125		0.0986164
59.25		0.0986164
59.375		0.0986164
59.5		0.0986164
59.625		0.0986164
59.75		0.0986164
59.875		0.0986164
60		0.0986164
60.125		0.0997016
60.25		0.0997016
60.375		0.0997016
60.5		0.0997016
60.625		0.0997016
60.75		0.0997016
60.875		0.0997016
61		0.0997016
61.125		0.101441
61.25		0.101441
61.375		0.101441
61.5		0.101441
61.625		0.101441
61.75		0.101441
61.875		0.101441
62		0.101441
62.125		0.105443
62.25		0.105443
62.375		0.105443
62.5		0.105443
62.625		0.105443
62.75		0.105443
62.875		0.105443
63		0.105443
63.125		0.107021
63.25		0.107021
63.375		0.107021
63.5		0.107021
63.625		0.107021
63.75		0.107021
63.875		0.107021
64		0.107021
64.125		0.107692
64.25		0.107692
64.375		0.107692
64.5		0.107692
64.625		0.107692
64.75		0.107692
64.875		0.107692
65		0.107692
65.125		0.110378
65.25		0.110378
65.375		0.110378
65.5		0.110378
65.625		0.110378
65.75		0.110378
65.875		0.110378
66		0.110378
66.125		0.110556
66.25		0.110556
66.375		0.110556
66.5		0.110556
66.625		0.110556
66.75		0.110556
66.875		0.110556
67		0.110556
67.125		0.112244
67.25		0.112244
67.375		0.112244
67.5		0.112244
67.625		0.112244
67.75		0.112244
67.875		0.112244
68		0.112244
68.125		0.11882
68.25		0.11882
68.375		0.11882
68.5		0.11882
68.625		0.11882
68.75		0.11882
68.875		0.11882
69		0.11882
69.125		0.119049
69.25		0.119049
69.375		0.119049
69.5		0.119049
69.625		0.119049
69.75		0.119049
69.875		0.119049
70		0.119049
70.125		0.119667
70.25		0.119667
70.375		0.119667
70.5		0.119667
70.625		0.119667
70.75		0.119667
70.875		0.119667
71		0.119667
71.125		0.121034
71.25		0.121034
71.375		0.121034
71.5		0.121034
71.625		0.121034
71.75		0.121034
71.875		0.121034
72		0.121034
72.125		0.123351
72.25		0.123351
72.375		0.123351
72.5		0.123351
72.625		0.123351
72.75		0.123351
72.875		0.123351
73		0.123351
73.125		0.126124
73.25		0.126124
73.375		0.126124
73.5		0.126124
73.625		0.126124
73.75		0.126124
73.875		0.126124
74		0.126124
74.125		0.129976
74.25		0.129976
74.375		0.129976
74.5		0.129976
74.625		0.129976
74.75		0.129976
74.875		0.129976
75		0.129976
75.125		0.130206
75.25		0.130206
75.375		0.130206
75.5		0.130206
75.625		0.130206
75.75		0.130206
75.875		0.130206
76		0.130206
76.125		0.134401
76.25		0.134401
76.375		0.134401
76.5		0.134401
76.625		0.134401
76.75		0.134401
76.875		0.134401
77		0.134401
77.125		0.134654
77.25		0.134654
77.375		0.134654
77.5		0.134654
77.625		0.134654
77.75		0.134654
77.875		0.134654
78		0.134654
78.125		0.137938
78.25		0.137938
78.375		0.137938
78.5		0.137938
78.625		0.137938
78.75		0.137938
78.875		0.137938
79		0.137938
79.125		0.138418
79.25		0.138418
79.375		0.138418
79.5		0.138418
79.625		0.138418
79.75		0.138418
79.875		0.138418
80		0.138418
80.125		0.140186
80.25		0.140186
80.375		0.140186
80.5		0.140186
80.625		0.140186
80.75		0.140186
80.875		0.140186
81		0.140186
81.125		0.144425
81.25		0.144425
81.375		0.144425
81.5		0.144425
81.625		0.144425
81.75		0.144425
81.875		0.144425
82		0.144425
82.125		0.146956
82.25		0.146956
82.375		0.146956
82.5		0.146956
82.625		0.146956
82.75		0.146956
82.875		0.146956
83		0.146956
83.125		0.149739
83.25		0.149739
83.375		0.149739
83.5		0.149739
83.625		0.149739
83.75		0.149739
83.875		0.149739
84		0.149739
84.125		0.150138
84.25		0.150138
84.375		0.150138
84.5		0.150138
84.625		0.150138
84.75		0.150138
84.875		0.150138
85		0.150138
85.125		0.152209
85.25		0.152209
85.375		0.152209
85.5		0.152209
85.625		0.152209
85.75		0.152209
85.875		0.152209
86		0.152209
86.125		0.15619
86.25		0.15619
86.375		0.15619
86.5		0.15619
86.625		0.15619
86.75		0.15619
86.875		0.15619
87		0.15619
87.125		0.15943
87.25		0.15943
87.375		0.15943
87.5		0.15943
87.625		0.15943
87.75		0.15943
87.875		0.15943
88		0.15943
88.125		0.159951
88.25		0.159951
88.375		0.159951
88.5		0.159951
88.625		0.159951
88.75		0.159951
88.875		0.159951
89		0.159951
89.125		0.161
89.25		0.161
89.375		0.161
89.5		0.161
89.625		0.161
89.75		0.161
89.875		0.161
90		0.161
90.125		0.164141
90.25		0.164141
90.375		0.164141
90.5		0.164141
90.625		0.164141
90.75		0.164141
90.875		0.164141
91		0.164141
91.125		0.165247
91.25		0.165247
91.375		0.165247
91.5		0.165247
91.625		0.165247
91.75		0.165247
91.875		0.165247
92		0.165247
92.125		0.16905
92.25		0.16905
92.375		0.16905
92.5		0.16905
92.625		0.16905
92.75		0.16905
92.875		0.16905
93		0.16905
93.125		0.169981
93.25		0.169981
93.375		0.169981
93.5		0.169981
93.625		0.169981
93.75		0.169981
93.875		0.169981
94		0.169981
94.125		0.173818
94.25		0.173818
94.375		0.173818
94.5		0.173818
94.625		0.173818
94.75		0.173818
94.875		0.173818
95		0.173818
95.125		0.175329
95.25		0.175329
95.375		0.175329
95.5		0.175329
95.625		0.175329
95.75		0.175329
95.875		0.175329
96		0.175329
96.125		0.176837
96.25		0.176837
96.375		0.176837
96.5		0.176837
96.625		0.176837
96.75		0.176837
96.875		0.176837
97		0.176837
97.125		0.177066
97.25		0.177066
97.375		0.177066
97.5		0.177066
97.625		0.177066
97.75		0.177066
97.875		0.177066
98		0.177066
98.125		0.182703
98.25		0.182703
98.375		0.182703
98.5		0.182703
98.625		0.182703
98.75		0.182703
98.875		0.182703
99		0.182703
99.125		0.184811
99.25		0.184811
99.375		0.184811
99.5		0.184811
99.625		0.184811
99.75		0.184811
99.875		0.184811
100		0.184811
100.125		0.186407
100.25		0.186407
100.375		0.186407
100.5		0.186407
100.625		0.186407
100.75		0.186407
100.875		0.186407
101		0.186407
101.125		0.187213
101.25		0.187213
101.375		0.187213
101.5		0.187213
101.625		0.187213
101.75		0.187213
101.875		0.187213
102		0.187213
102.125		0.191914
102.25		0.191914
102.375		0.191914
102.5		0.191914
102.625		0.191914
102.75		0.191914
102.875		0.191914
103		0.191914
103.125		0.192467
103.25		0.192467
103.375		0.192467
103.5		0.192467
103.625		0.192467
103.75		0.192467
103.875		0.192467
104		0.192467
104.125		0.194809
104.25		0.194809
104.375		0.194809
104.5		0.194809
104.625		0.194809
104.75		0.194809
104.875		0.194809
105		0.194809
105.125		0.197126
105.25		0.197126
105.375		0.197126
105.5		0.197126
105.625		0.197126
105.75		0.197126
105.875		0.197126
106		0.197126
106.125		0.200068
106.25		0.200068
106.375		0.200068
106.5		0.200068
106.625		0.200068
106.75		0.200068
106.875		0.200068
107		0.200068
107.125		0.202306
107.25		0.202306
107.375		0.202306
107.5		0.202306
107.625		0.202306
107.75		0.202306
107.875		0.202306
108		0.202306
108.125		0.203227
108.25		0.203227
108.375		0.203227
108.5		0.203227
108.625		0.203227
108.75		0.203227
108.875		0.203227
109		0.203227
109.125		0.203488
109.25		0.203488
109.375		0.203488
109.5		0.203488
109.625		0.203488
109.75		0.203488
109.875		0.203488
110		0.203488
110.125		0.206472
110.25		0.206472
110.375		0.206472
110.5		0.206472
110.625		0.206472
110.75		0.206472
110.875		0.206472
111		0.206472
111.125		0.210988
111.25		0.210988
111.375		0.210988
111.5		0.210988
111.625		0.210988
111.75		0.210988
111.875		0.210988
112		0.210988
112.125		0.211324
112.25		0.211324
112.375		0.211324
112.5		0.211324
112.625		0.211324
112.75		0.211324
112.875		0.211324
113		0.211324
113.125		0.214303
113.25		0.214303
113.375		0.214303
113.5		0.214303
113.625		0.214303
113.75		0.214303
113.875		0.214303
114		0.214303
114.125		0.215078
114.25		0.215078
114.375		0.215078
114.5		0.215078
114.625		0.215078
114.75		0.215078
114.875		0.215078
115		0.215078
115.125		0.220128
115.25		0.220128
115.375		0.220128
115.5		0.220128
115.625		0.220128
115.75		0.220128
115.875		0.220128
116		0.220128
116.125		0.221315
116.25		0.221315
116.375		0.221315
116.5		0.221315
116.625		0.221315
116.75		0.221315
116.875		0.221315
117		0.221315
117.125		0.223172
117.25		0.223172
117.375		0.223172
117.5		0.223172
117.625		0.223172
117.75		0.223172
117.875		0.223172
118		0.223172
118.125		0.223391
118.25		0.223391
118.375		0.223391
118.5		0.223391
118.625		0.223391
118.75		0.223391
118.875		0.223391
119		0.223391
119.125		0.227098
119.25		0.227098
119.375		0.227098
119.5		0.227098
119.625		0.227098
119.75		0.227098
119.875		0.227098
120		0.227098
120.125		0.231958
120.25		0.231958
120.375		0.231958
120.5		0.231958
120.625		0.231958
120.75		0.231958
120.875		0.231958
121		0.231958
121.125		0.232547
121.25		0.232547
121.375		0.232547
121.5		0.232547
121.625		0.232547
121.75		0.232547
121.875		0.232547
122		0.232547
122.125		0.232975
122.25		0.232975
122.375		0.232975
122.5		0.232975
122.625		0.232975
122.75		0.232975
122.875		0.232975
123		0.232975
123.125		0.233249
123.25		0.233249
123.375		0.233249
123.5		0.233249
123.625		0.233249
123.75		0.233249
123.875		0.233249
124		0.233249
124.125		0.239656
124.25		0.239656
124.375		0.239656
124.5		0.239656
124.625		0.239656
124.75		0.239656
124.875		0.239656
125		0.239656
125.125		0.23988
125.25		0.23988
125.375		0.23988
125.5		0.23988
125.625		0.23988
125.75		0.23988
125.875		0.23988
126		0.23988
126.125		0.242017
126.25		0.242017
126.375		0.242017
126.5		0.242017
126.625		0.242017
126.75		0.242017
126.875		0.242017
127		0.242017
127.125		0.243201
127.25		0.243201
127.375		0.243201
127.5		0.243201
127.625		0.243201
127.75		0.243201
127.875		0.243201
128		0.243201
128.125		0.247364
128.25		0.247364
128.375		0.247364
128.5		0.247364
128.625		0.247364
128.75		0.247364
128.875		0.247364
129		0.247364
129.125		0.249824
129.25		0.249824
129.375		0.249824
129.5		0.249824
129.625		0.249824
129.75		0.249824
129.875		0.249824
130		0.249824
130.125		0.251577
130.25		0.251577
130.375		0.251577
130.5		0.251577
130.625		0.251577
130.75		0.251577
130.875		0.251577
131		0.251577
131.125		0.254107
131.25		0.254107
131.375		0.254107
131.5		0.254107
131.625		0.254107
131.75		0.254107
131.875		0.254107
132		0.254107
132.125		0.256298
132.25		0.256298
132.375		0.256298
132.5		0.256298
132.625		0.256298
132.75		0.256298
132.875		0.256298
133		0.256298
133.125		0.258962
133.25		0.258962
133.375		0.258962
133.5		0.258962
133.625		0.258962
133.75		0.258962
133.875		0.258962
134		0.258962
134.125		0.259567
134.25		0.259567
134.375		0.259567
134.5		0.259567
134.625		0.259567
134.75		0.259567
134.875		0.259567
135		0.259567
135.125		0.26114
135.25		0.26114
135.375		0.26114
135.5		0.26114
135.625		0.26114
135.75		0.26114
135.875		0.26114
136		0.26114
136.125		0.262199
136.25		0.262199
136.375		0.262199
136.5		0.262199
136.625		0.262199
136.75		0.262199
136.875		0.262199
137		0.262199
137.125		0.267693
137.25		0.267693
137.375		0.267693
137.5		0.267693
137.625		0.267693
137.75		0.267693
137.875		0.267693
138		0.267693
138.125		0.270794
138.25		0.270794
138.375		0.270794
138.5		0.270794
138.625		0.270794
138.75		0.270794
138.875		0.270794
139		0.270794
139.125		0.271882
139.25		0.271882
139.375		0.271882
139.5		0.271882
139.625		0.271882
139.75		0.271882
139.875		0.271882
140		0.271882
140.125		0.272878
140.25		0.272878
140.375		0.272878
140.5		0.272878
140.625		0.272878
140.75		0.272878
140.875		0.272878
141		0.272878
141.125		0.273572
141.25		0.273572
141.375		0.273572
141.5		0.273572
141.625		0.273572
141.75		0.273572
141.875		0.273572
142		0.273572
142.125		0.278795
142.25		0.278795
142.375		0.278795
142.5		0.278795
142.625		0.278795
142.75		0.278795
142.875		0.278795
143		0.278795
143.125		0.280774
143.25		0.280774
143.375		0.280774
143.5		0.280774
143.625		0.280774
143.75		0.280774
143.875		0.280774
144		0.280774
144.125		0.283297
144.25		0.283297
144.375		0.283297
144.5		0.283297
144.625		0.283297
144.75		0.283297
144.875		0.283297
145		0.283297
145.125		0.283623
145.25		0.283623
145.375		0.283623
145.5		0.283623
145.625		0.283623
145.75		0.283623
145.875		0.283623
146		0.283623
146.125		0.288371
146.25		0.288371
146.375		0.288371
146.5		0.288371
146.625		0.288371
146.75		0.288371
146.875		0.288371
147		0.288371
147.125		0.289276
147.25		0.289276
147.375		0.289276
147.5		0.289276
147.625		0.289276
147.75		0.289276
147.875		0.289276
148		0.289276
148.125		0.291201
148.25		0.291201
148.375		0.291201
148.5		0.291201
148.625		0.291201
148.75		0.291201
148.875		0.291201
149		0.291201
149.125		0.291968
149.25		0.291968
149.375		0.291968
149.5		0.291968
149.625		0.291968
149.75		0.291968
149.875		0.291968
150		0.291968
150.125		0.296961
150.25		0.296961
150.375		0.296961
150.5		0.296961
150.625		0.296961
150.75		0.296961
150.875		0.296961
151		0.296961
151.125		0.29946
151.25		0.29946
151.375		0.29946
151.5		0.29946
151.625		0.29946
151.75		0.29946
151.875		0.29946
152		0.29946
152.125		0.301066
152.25		0.301066
152.375		0.301066
152.5		0.301066
152.625		0.301066
152.75		0.301066
152.875		0.301066
153		0.301066
153.125		0.302086
153.25		0.302086
153.375		0.302086
153.5		0.302086
153.625		0.302086
153.75		0.302086
153.875		0.302086
154		0.302086
154.125		0.303336
154.25		0.303336
154.375		0.303336
154.5		0.303336
154.625		0.303336
154.75		0.303336
154.875		0.303336
155		0.303336
155.125		0.307215
155.25		0.307215
155.375		0.307215
155.5		0.307215
155.625		0.307215
155.75		0.307215
155.875		0.307215
156		0.307215
156.125		0.308044
156.25		0.308044
156.375		0.308044
156.5		0.308044
156.625		0.308044
156.75		0.308044
156.875		0.308044
157		0.308044
157.125		0.31334
157.25		0.31334
157.375		0.31334
157.5		0.31334
157.625		0.31334
157.75		0.31334
157.875		0.31334
158		0.31334
158.125		0.313846
158.25		0.313846
158.375		0.313846
158.5		0.313846
158.625		0.313846
158.75		0.313846
158.875		0.313846
159		0.313846
159.125		0.314803
159.25		0.314803
159.375		0.314803
159.5		0.314803
159.625		0.314803
159.75		0.314803
159.875		0.314803
160		0.314803
160.125		0.319592
160.25		0.319592
160.375		0.319592
160.5		0.319592
160.625		0.319592
160.75		0.319592
160.875		0.319592
161		0.319592
161.125		0.320764
161.25		0.320764
161.375		0.320764
161.5		0.320764
161.625		0.320764
161.75		0.320764
161.875		0.320764
162		0.320764
162.125		0.322042
162.25		0.322042
162.375		0.322042
162.5		0.322042
162.625		0.322042
162.75		0.322042
162.875		0.322042
163		0.322042
163.125		0.324483
163.25		0.324483
163.375		0.324483
163.5		0.324483
163.625		0.324483
163.75		0.324483
163.875		0.324483
164		0.324483
164.125		0.32854
164.25		0.32854
164.375		0.32854
164.5		0.32854
164.625		0.32854
164.75		0.32854
164.875		0.32854
165		0.32854
165.125		0.3306
165.25		0.3306
165.375		0.3306
165.5		0.3306
165.625		0.3306
165.75		0.3306
165.875		0.3306
166		0.3306
166.125		0.331297
166.25		0.331297
166.375		0.331297
166.5		0.331297
166.625		0.331297
166.75		0.331297
166.875		0.331297
167		0.331297
167.125		0.332006
167.25		0.332006
167.375		0.332006
167.5		0.332006
167.625		0.332006
167.75		0.332006
167.875		0.332006
168		0.332006
168.125		0.336913
168.25		0.336913
168.375		0.336913
168.5		0.336913
168.625		0.336913
168.75		0.336913
168.875		0.336913
169		0.336913
169.125		0.338139
169.25		0.338139
169.375		0.338139
169.5		0.338139
169.625		0.338139
169.75		0.338139
169.875		0.338139
170		0.338139
170.125		0.339942
170.25		0.339942
170.375		0.339942
170.5		0.339942
170.625		0.339942
170.75		0.339942
170.875		0.339942
171		0.339942
171.125		0.340396
171.25		0.340396
171.375		0.340396
171.5		0.340396
171.625		0.340396
171.75		0.340396
171.875		0.340396
172		0.340396
172.125		0.345127
172.25		0.345127
172.375		0.345127
172.5		0.345127
172.625		0.345127
172.75		0.345127
172.875		0.345127
173		0.345127
173.125		0.347616
173.25		0.347616
173.375		0.347616
173.5		0.347616
173.625		0.347616
173.75		0.347616
173.875		0.347616
174		0.347616
174.125		0.347882
174.25		0.347882
174.375		0.347882
174.5		0.347882
174.625		0.347882
174.75		0.347882
174.875		0.347882
175		0.347882
175.125		0.349844
175.25		0.349844
175.375		0.349844
175.5		0.349844
175.625		0.349844
175.75		0.349844
175.875		0.349844
176		0.349844
176.125		0.353991
176.25		0.353991
176.375		0.353991
176.5		0.353991
176.625		0.353991
176.75		0.353991
176.875		0.353991
177		0.353991
177.125		0.356065
177.25		0.356065
177.375		0.356065
177.5		0.356065
177.625		0.356065
177.75		0.356065
177.875		0.356065
178		0.356065
178.125		0.357116
178.25		0.357116
178.375		0.357116
178.5		0.357116
178.625		0.357116
178.75		0.357116
178.875		0.357116
179		0.357116
179.125		0.357912
179.25		0.357912
179.375		0.357912
179.5		0.357912
179.625		0.357912
179.75		0.357912
179.875		0.357912
180		0.357912
180.125		0.362211
180.25		0.362211
180.375		0.362211
180.5		0.362211
180.625		0.362211
180.75		0.362211
180.875		0.362211
181		0.362211
181.125		0.363421
181.25		0.363421
181.375		0.363421
181.5		0.363421
181.625		0.363421
181.75		0.363421
181.875		0.363421
182		0.363421
182.125		0.366567
182.25		0.366567
182.375		0.366567
182.5		0.366567
182.625		0.366567
182.75		0.366567
182.875		0.366567
183		0.366567
183.125		0.367579
183.25		0.367579
183.375		0.367579
183.5		0.367579
183.625		0.367579
183.75		0.367579
183.875		0.367579
184		0.367579
184.125		0.368938
184.25		0.368938
184.375		0.368938
184.5		0.368938
184.625		0.368938
184.75		0.368938
184.875		0.368938
185		0.368938
185.125		0.373036
185.25		0.373036
185.375		0.373036
185.5		0.373036
185.625		0.373036
185.75		0.373036
185.875		0.373036
186		0.373036
186.125		0.376234
186.25		0.376234
186.375		0.376234
186.5		0.376234
186.625		0.376234
186.75		0.376234
186.875		0.376234
187		0.376234
187.125		0.37836
187.25		0.37836
187.375		0.37836
187.5		0.37836
187.625		0.37836
187.75		0.37836
187.875		0.37836
188		0.37836
188.125		0.378804
188.25		0.378804
188.375		0.378804
188.5		0.378804
188.625		0.378804
188.75		0.378804
188.875		0.378804
189		0.378804
189.125		0.380434
189.25		0.380434
189.375		0.380434
189.5		0.380434
189.625		0.380434
189.75		0.380434
189.875		0.380434
190		0.380434
190.125		0.385511
190.25		0.385511
190.375		0.385511
190.5		0.385511
190.625		0.385511
190.75		0.385511
190.875		0.385511
191		0.385511
191.125		0.386679
191.25		0.386679
191.375		0.386679
191.5		0.386679
191.625		0.386679
191.75		0.386679
191.875		0.386679
192		0.386679
192.125		0.387316
192.25		0.387316
192.375		0.387316
192.5		0.387316
192.625		0.387316
192.75		0.387316
192.875		0.387316
193		0.387316
193.125		0.388724
193.25		0.388724
193.375		0.388724
193.5		0.388724
193.625		0.388724
193.75		0.388724
193.875		0.388724
194		0.388724
194.125		0.393266
194.25		0.393266
194.375		0.393266
194.5		0.393266
194.625		0.393266
194.75		0.393266
194.875		0.393266
195		0.393266
195.125		0.395475
195.25		0.395475
195.375		0.395475
195.5		0.395475
195.625		0.395475
195.75		0.395475
195.875		0.395475
196		0.395475
196.125		0.398204
196.25		0.398204
196.375		0.398204
196.5		0.398204
196.625		0.398204
196.75		0.398204
196.875		0.398204
197		0.398204
197.125		0.39859
197.25		0.39859
197.375		0.39859
197.5		0.39859
197.625		0.39859
197.75		0.39859
197.875		0.39859
198		0.39859
198.125		0.40118
198.25		0.40118
198.375		0.40118
198.5		0.40118
198.625		0.40118
198.75		0.40118
198.875		0.40118
199		0.40118
199.125		0.40153
199.25		0.40153
199.375		0.40153
199.5		0.40153
199.625		0.40153
199.75		0.40153
199.875		0.40153
200		0.40153
200.125		0.403757
200.25		0.403757
200.375		0.403757
200.5		0.403757
200.625		0.403757
200.75		0.403757
200.875		0.403757
201		0.403757
201.125		0.405818
201.25		0.405818
201.375		0.405818
201.5		0.405818
201.625		0.405818
201.75		0.405818
201.875		0.405818
202		0.405818
202.125		0.407018
202.25		0.407018
202.375		0.407018
202.5		0.407018
202.625		0.407018
202.75		0.407018
202.875		0.407018
203		0.407018
203.125		0.410527
203.25		0.410527
203.375		0.410527
203.5		0.410527
203.625		0.410527
203.75		0.410527
203.875		0.410527
204		0.410527
204.125		0.412073
204.25		0.412073
204.375		0.412073
204.5		0.412073
204.625		0.412073
204.75		0.412073
204.875		0.412073
205		0.412073
205.125		0.412287
205.25		0.412287
205.375		0.412287
205.5		0.412287
205.625		0.412287
205.75		0.412287
205.875		0.412287
206		0.412287
206.125		0.416067
206.25		0.416067
206.375		0.416067
206.5		0.416067
206.625		0.416067
206.75		0.416067
206.875		0.416067
207		0.416067
207.125		0.418684
207.25		0.418684
207.375		0.418684
207.5		0.418684
207.625		0.418684
207.75		0.418684
207.875		0.418684
208		0.418684
208.125		0.421649
208.25		0.421649
208.375		0.421649
208.5		0.421649
208.625		0.421649
208.75		0.421649
208.875		0.421649
209		0.421649
209.125		0.422341
209.25		0.422341
209.375		0.422341
209.5		0.422341
209.625		0.422341
209.75		0.422341
209.875		0.422341
210		0.422341
210.125		0.424754
210.25		0.424754
210.375		0.424754
210.5		0.424754
210.625		0.424754
210.75		0.424754
210.875		0.424754
211		0.424754
211.125		0.424954
211.25		0.424954
211.375		0.424954
211.5		0.424954
211.625		0.424954
211.75		0.424954
211.875		0.424954
212		0.424954
212.125		0.431883
212.25		0.431883
212.375		0.431883
212.5		0.431883
212.625		0.431883
212.75		0.431883
212.875		0.431883
213		0.431883
213.125		0.4326
213.25		0.4326
213.375		0.4326
213.5		0.4326
213.625		0.4326
213.75		0.4326
213.875		0.4326
214		0.4326
214.125		0.433503
214.25		0.433503
214.375		0.433503
214.5		0.433503
214.625		0.433503
214.75		0.433503
214.875		0.433503
215		0.433503
215.125		0.436419
215.25		0.436419
215.375		0.436419
215.5		0.436419
215.625		0.436419
215.75		0.436419
215.875		0.436419
216		0.436419
216.125		0.439189
216.25		0.439189
216.375		0.439189
216.5		0.439189
216.625		0.439189
216.75		0.439189
216.875		0.439189
217		0.439189
217.125		0.4416
217.25		0.4416
217.375		0.4416
217.5		0.4416
217.625		0.4416
217.75		0.4416
217.875		0.4416
218		0.4416
218.125		0.44312
218.25		0.44312
218.375		0.44312
218.5		0.44312
218.625		0.44312
218.75		0.44312
218.875		0.44312
219		0.44312
219.125		0.445549
219.25		0.445549
219.375		0.445549
219.5		0.445549
219.625		0.445549
219.75		0.445549
219.875		0.445549
220		0.445549
220.125		0.4496
220.25		0.4496
220.375		0.4496
220.5		0.4496
220.625		0.4496
220.75		0.4496
220.875		0.4496
221		0.4496
221.125		0.450586
221.25		0.450586
221.375		0.450586
221.5		0.450586
221.625		0.450586
221.75		0.450586
221.875		0.450586
222		0.450586
222.125		0.451757
222.25		0.451757
222.375		0.451757
222.5		0.451757
222.625		0.451757
222.75		0.451757
222.875		0.451757
223		0.451757
223.125		0.452036
223.25		0.452036
223.375		0.452036
223.5		0.452036
223.625		0.452036
223.75		0.452036
223.875		0.452036
224		0.452036
224.125		0.457778
224.25		0.457778
224.375		0.457778
224.5		0.457778
224.625		0.457778
224.75		0.457778
224.875		0.457778
225		0.457778
225.125		0.458853
225.25		0.458853
225.375		0.458853
225.5		0.458853
225.625		0.458853
225.75		0.458853
225.875		0.458853
226		0.458853
226.125		0.461237
226.25		0.461237
226.375		0.461237
226.5		0.461237
226.625		0.461237
226.75		0.461237
226.875		0.461237
227		0.461237
227.125		0.462531
227.25		0.462531
227.375		0.462531
227.5		0.462531
227.625		0.462531
227.75		0.462531
227.875		0.462531
228		0.462531
228.125		0.467346
228.25		0.467346
228.375		0.467346
228.5		0.467346
228.625		0.467346
228.75		0.467346
228.875		0.467346
229		0.467346
229.125		0.468909
229.25		0.468909
229.375		0.468909
229.5		0.468909
229.625		0.468909
229.75		0.468909
229.875		0.468909
230		0.468909
230.125		0.469438
230.25		0.469438
230.375		0.469438
230.5		0.469438
230.625		0.469438
230.75		0.469438
230.875		0.469438
231		0.469438
231.125		0.470372
231.25		0.470372
231.375		0.470372
231.5		0.470372
231.625		0.470372
231.75		0.470372
231.875		0.470372
232		0.470372
232.125		0.47532
232.25		0.47532
232.375		0.47532
232.5		0.47532
232.625		0.47532
232.75		0.47532
232.875		0.47532
233		0.47532
233.125		0.476593
233.25		0.476593
233.375		0.476593
233.5		0.476593
233.625		0.476593
233.75		0.476593
233.875		0.476593
234		0.476593
234.125		0.477191
234.25		0.477191
234.375		0.477191
234.5		0.477191
234.625		0.477191
234.75		0.477191
234.875		0.477191
235		0.477191
235.125		0.480994
235.25		0.480994
235.375		0.480994
235.5		0.480994
235.625		0.480994
235.75		0.480994
235.875		0.480994
236		0.480994
236.125		0.482411
236.25		0.482411
236.375		0.482411
236.5		0.482411
236.625		0.482411
236.75		0.482411
236.875		0.482411
237		0.482411
237.125		0.488108
237.25		0.488108
237.375		0.488108
237.5		0.488108
237.625		0.488108
237.75		0.488108
237.875		0.488108
238		0.488108
238.125		0.488363
238.25		0.488363
238.375		0.488363
238.5		0.488363
238.625		0.488363
238.75		0.488363
238.875		0.488363
239		0.488363
239.125		0.489318
239.25		0.489318
239.375		0.489318
239.5		0.489318
239.625		0.489318
239.75		0.489318
239.875		0.489318
240		0.489318
240.125		0.490536
240.25		0.490536
240.375		0.490536
240.5		0.490536
240.625		0.490536
240.75		0.490536
240.875		0.490536
241		0.490536
241.125		0.493766
241.25		0.493766
241.375		0.493766
241.5		0.493766
241.625		0.493766
241.75		0.493766
241.875		0.493766
242		0.493766
242.125		0.498312
242.25		0.498312
242.375		0.498312
242.5		0.498312
242.625		0.498312
242.75		0.498312
242.875		0.498312
243		0.498312
243.125		0.499392
243.25		0.499392
243.375		0.499392
243.5		0.499392
243.625		0.499392
243.75		0.499392
243.875		0.499392
244		0.499392
244.125		0.500616
244.25		0.500616
244.375		0.500616
244.5		0.500616
244.625		0.500616
244.75		0.500616
244.875		0.500616
245		0.500616
245.125		0.50355
245.25		0.50355
245.375		0.50355
245.5		0.50355
245.625		0.50355
245.75		0.50355
245.875		0.50355
246		0.50355
246.125		0.508603
246.25		0.508603
246.375		0.508603
246.5		0.508603
246.625		0.508603
246.75		0.508603
246.875		0.508603
247		0.508603
247.125		0.509245
247.25		0.509245
247.375		0.509245
247.5		0.509245
247.625		0.509245
247.75		0.509245
247.875		0.509245
248		0.509245
248.125		0.511605
248.25		0.511605
248.375		0.511605
248.5		0.511605
248.625		0.511605
248.75		0.511605
248.875		0.511605
249		0.511605
249.125		0.512218
249.25		0.512218
249.375		0.512218
249.5		0.512218
249.625		0.512218
249.75		0.512218
249.875		0.512218
250		0.512218
250.125		0.516598
250.25		0.516598
250.375		0.516598
250.5		0.516598
250.625		0.516598
250.75		0.516598
250.875		0.516598
251		0.516598
251.125		0.517193
251.25		0.517193
251.375		0.517193
251.5		0.517193
251.625		0.517193
251.75		0.517193
251.875		0.517193
252		0.517193
252.125		0.518936
252.25		0.518936
252.375		0.518936
252.5		0.518936
252.625		0.518936
252.75		0.518936
252.875		0.518936
253		0.518936
253.125		0.520832
253.25		0.520832
253.375		0.520832
253.5		0.520832
253.625		0.520832
253.75		0.520832
253.875		0.520832
254		0.520832
254.125		0.524197
254.25		0.524197
254.375		0.524197
254.5		0.524197
254.625		0.524197
254.75		0.524197
254.875		0.524197
255		0.524197
255.125		0.525086
255.25		0.525086
255.375		0.525086
255.5		0.525086
255.625		0.525086
255.75		0.525086
255.875		0.525086
256		0.525086
256.125		0.5268
256.25		0.5268
256.375		0.5268
256.5		0.5268
256.625		0.5268
256.75		0.5268
256.875		0.5268
257		0.5268
257.125		0.528235
257.25		0.528235
257.375		0.528235
257.5		0.528235
257.625		0.528235
257.75		0.528235
257.875		0.528235
258		0.528235
258.125		0.530541
258.25		0.530541
258.375		0.530541
258.5		0.530541
258.625		0.530541
258.75		0.530541
258.875		0.530541
259		0.530541
259.125		0.534897
259.25		0.534897
259.375		0.534897
259.5		0.534897
259.625		0.534897
259.75		0.534897
259.875		0.534897
260		0.534897
260.125		0.535758
260.25		0.535758
260.375		0.535758
260.5		0.535758
260.625		0.535758
260.75		0.535758
260.875		0.535758
261		0.535758
261.125		0.536629
261.25		0.536629
261.375		0.536629
261.5		0.536629
261.625		0.536629
261.75		0.536629
261.875		0.536629
262		0.536629
262.125		0.542073
262.25		0.542073
262.375		0.542073
262.5		0.542073
262.625		0.542073
262.75		0.542073
262.875		0.542073
263		0.542073
263.125		0.542705
263.25		0.542705
263.375		0.542705
263.5		0.542705
263.625		0.542705
263.75		0.542705
263.875		0.542705
264		0.542705
264.125		0.547186
264.25		0.547186
264.375		0.547186
264.5		0.547186
264.625		0.547186
264.75		0.547186
264.875		0.547186
265		0.547186
265.125		0.547622
265.25		0.547622
265.375		0.547622
265.5		0.547622
265.625		0.547622
265.75		0.547622
265.875		0.547622
266		0.547622
266.125		0.549096
266.25		0.549096
266.375		0.549096
266.5		0.549096
266.625		0.549096
266.75		0.549096
266.875		0.549096
267		0.549096
267.125		0.551078
267.25		0.551078
267.375		0.551078
267.5		0.551078
267.625		0.551078
267.75		0.551078
267.875		0.551078
268		0.551078
268.125		0.557354
268.25		0.557354
268.375		0.557354
268.5		0.557354
268.625		0.557354
268.75		0.557354
268.875		0.557354
269		0.557354
269.125		0.558061
269.25		0.558061
269.375		0.558061
269.5		0.558061
269.625		0.558061
269.75		0.558061
269.875		0.558061
270		0.558061
270.125		0.55966
270.25		0.55966
270.375		0.55966
270.5		0.55966
270.625		0.55966
270.75		0.55966
270.875		0.55966
271		0.55966
271.125		0.561291
271.25		0.561291
271.375		0.561291
271.5		0.561291
271.625		0.561291
271.75		0.561291
271.875		0.561291
272		0.561291
272.125		0.563211
272.25		0.563211
272.375		0.563211
272.5		0.563211
272.625		0.563211
272.75		0.563211
272.875		0.563211
273		0.563211
273.125		0.566534
273.25		0.566534
273.375		0.566534
273.5		0.566534
273.625		0.566534
273.75		0.566534
273.875		0.566534
274		0.566534
274.125		0.56812
274.25		0.56812
274.375		0.56812
274.5		0.56812
274.625		0.56812
274.75		0.56812
274.875		0.56812
275		0.56812
275.125		0.569661
275.25		0.569661
275.375		0.569661
275.5		0.569661
275.625		0.569661
275.75		0.569661
275.875		0.569661
276		0.569661
276.125		0.574701
276.25		0.574701
276.375		0.574701
276.5		0.574701
276.625		0.574701
276.75		0.574701
276.875		0.574701
277		0.574701
277.125		0.574868
277.25		0.574868
277.375		0.574868
277.5		0.574868
277.625		0.574868
277.75		0.574868
277.875		0.574868
278		0.574868
278.125		0.575179
278.25		0.575179
278.375		0.575179
278.5		0.575179
278.625		0.575179
278.75		0.575179
278.875		0.575179
279		0.575179
279.125		0.577876
279.25		0.577876
279.375		0.577876
279.5		0.577876
279.625		0.577876
279.75		0.577876
279.875		0.577876
280		0.577876
280.125		0.584061
280.25		0.584061
280.375		0.584061
280.5		0.584061
280.625		0.584061
280.75		0.584061
280.875		0.584061
281		0.584061
281.125		0.585626
281.25		0.585626
281.375		0.585626
281.5		0.585626
281.625		0.585626
281.75		0.585626
281.875		0.585626
282		0.585626
282.125		0.587152
282.25		0.587152
282.375		0.587152
282.5		0.587152
282.625		0.587152
282.75		0.587152
282.875		0.587152
283		0.587152
283.125		0.587371
283.25		0.587371
283.375		0.587371
283.5		0.587371
283.625		0.587371
283.75		0.587371
283.875		0.587371
284		0.587371
284.125		0.594012
284.25		0.594012
284.375		0.594012
284.5		0.594012
284.625		0.594012
284.75		0.594012
284.875		0.594012
285		0.594012
285.125		0.595283
285.25		0.595283
285.375		0.595283
285.5		0.595283
285.625		0.595283
285.75		0.595283
285.875		0.595283
286		0.595283
286.125		0.597698
286.25		0.597698
286.375		0.597698
286.5		0.597698
286.625		0.597698
286.75		0.597698
286.875		0.597698
287		0.597698
287.125		0.599036
287.25		0.599036
287.375		0.599036
287.5		0.599036
287.625		0.599036
287.75		0.599036
287.875		0.599036
288		0.599036
288.125		0.601773
288.25		0.601773
288.375		0.601773
288.5		0.601773
288.625		0.601773
288.75		0.601773
288.875		0.601773
289		0.601773
289.125		0.60484
289.25		0.60484
289.375		0.60484
289.5		0.60484
289.625		0.60484
289.75		0.60484
289.875		0.60484
290		0.60484
290.125		0.605853
290.25		0.605853
290.375		0.605853
290.5		0.605853
290.625		0.605853
290.75		0.605853
290.875		0.605853
291		0.605853
291.125		0.606578
291.25		0.606578
291.375		0.606578
291.5		0.606578
291.625		0.606578
291.75		0.606578
291.875		0.606578
292		0.606578
292.125		0.607804
292.25		0.607804
292.375		0.607804
292.5		0.607804
292.625		0.607804
292.75		0.607804
292.875		0.607804
293		0.607804
293.125		0.611824
293.25		0.611824
293.375		0.611824
293.5		0.611824
293.625		0.611824
293.75		0.611824
293.875		0.611824
294		0.611824
294.125		0.61209
294.25		0.61209
294.375		0.61209
294.5		0.61209
294.625		0.61209
294.75		0.61209
294.875		0.61209
295		0.61209
295.125		0.615721
295.25		0.615721
295.375		0.615721
295.5		0.615721
295.625		0.615721
295.75		0.615721
295.875		0.615721
296		0.615721
296.125		0.616988
296.25		0.616988
296.375		0.616988
296.5		0.616988
296.625		0.616988
296.75		0.616988
296.875		0.616988
297		0.616988
297.125		0.62026
297.25		0.62026
297.375		0.62026
297.5		0.62026
297.625		0.62026
297.75		0.62026
297.875		0.62026
298		0.62026
298.125		0.621332
298.25		0.621332
298.375		0.621332
298.5		0.621332
298.625		0.621332
298.75		0.621332
298.875		0.621332
299		0.621332
299.125		0.621861
299.25		0.621861
299.375		0.621861
299.5		0.621861
299.625		0.621861
299.75		0.621861
299.875		0.621861
300		0.621861
300.125		0.62525
300.25		0.62525
300.375		0.62525
300.5		0.62525
300.625		0.62525
300.75		0.62525
300.875		0.62525
301		0.62525
301.125		0.628111
301.25		0.628111
301.375		0.628111
301.5		0.628111
301.625		0.628111
301.75		0.628111
301.875		0.628111
302		0.628111
302.125		0.631954
302.25		0.631954
302.375		0.631954
302.5		0.631954
302.625		0.631954
302.75		0.631954
302.875		0.631954
303		0.631954
303.125		0.633117
303.25		0.633117
303.375		0.633117
303.5		0.633117
303.625		0.633117
303.75		0.633117
303.875		0.633117
304		0.633117
304.125		0.635392
304.25		0.635392
304.375		0.635392
304.5		0.635392
304.625		0.635392
304.75		0.635392
304.875		0.635392
305		0.635392
305.125		0.642289
305.25		0.642289
305.375		0.642289
305.5		0.642289
305.625		0.642289
305.75		0.642289
305.875		0.642289
306		0.642289
306.125		0.642461
306.25		0.642461
306.375		0.642461
306.5		0.642461
306.625		0.642461
306.75		0.642461
306.875		0.642461
307		0.642461
307.125		0.644574
307.25		0.644574
307.375		0.644574
307.5		0.644574
307.625		0.644574
307.75		0.644574
307.875		0.644574
308		0.644574
308.125		0.649194
308.25		0.649194
308.375		0.649194
308.5		0.649194
308.625		0.649194
308.75		0.649194
308.875		0.649194
309		0.649194
309.125		0.651114
309.25		0.651114
309.375		0.651114
309.5		0.651114
309.625		0.651114
309.75		0.651114
309.875		0.651114
310		0.651114
310.125		0.652634
310.25		0.652634
310.375		0.652634
310.5		0.652634
310.625		0.652634
310.75		0.652634
310.875		0.652634
311		0.652634
311.125		0.653706
311.25		0.653706
311.375		0.653706
311.5		0.653706
311.625		0.653706
311.75		0.653706
311.875		0.653706
312		0.653706
312.125		0.657199
312.25		0.657199
312.375		0.657199
312.5		0.657199
312.625		0.657199
312.75		0.657199
312.875		0.657199
313		0.657199
313.125		0.657679
313.25		0.657679
313.375		0.657679
313.5		0.657679
313.625		0.657679
313.75		0.657679
313.875		0.657679
314		0.657679
314.125		0.659803
314.25		0.659803
314.375		0.659803
314.5		0.659803
314.625		0.659803
314.75		0.659803
314.875		0.659803
315		0.659803
315.125		0.660129
315.25		0.660129
315.375		0.660129
315.5		0.660129
315.625		0.660129
315.75		0.660129
315.875		0.660129
316		0.660129
316.125		0.665075
316.25		0.665075
316.375		0.665075
316.5		0.665075
316.625		0.665075
316.75		0.665075
316.875		0.665075
317		0.665075
317.125		0.667096
317.25		0.667096
317.375		0.667096
317.5		0.667096
317.625		0.667096
317.75		0.667096
317.875		0.667096
318		0.667096
318.125		0.668007
318.25		0.668007
318.375		0.668007
318.5		0.668007
318.625		0.668007
318.75		0.668007
318.875		0.668007
319		0.668007
319.125		0.66833
319.25		0.66833
319.375		0.66833
319.5		0.66833
319.625		0.66833
319.75		0.66833
319.875		0.66833
320		0.66833
320.125		0.674825
320.25		0.674825
320.375		0.674825
320.5		0.674825
320.625		0.674825
320.75		0.674825
320.875		0.674825
321		0.674825
321.125		0.67651
321.25		0.67651
321.375		0.67651
321.5		0.67651
321.625		0.67651
321.75		0.67651
321.875		0.67651
322		0.67651
322.125		0.676844
322.25		0.676844
322.375		0.676844
322.5		0.676844
322.625		0.676844
322.75		0.676844
322.875		0.676844
323		0.676844
323.125		0.677742
323.25		0.677742
323.375		0.677742
323.5		0.677742
323.625		0.677742
323.75		0.677742
323.875		0.677742
324		0.677742
324.125		0.684446
324.25		0.684446
324.375		0.684446
324.5		0.684446
324.625		0.684446
324.75		0.684446
324.875		0.684446
325		0.684446
325.125		0.685878
325.25		0.685878
325.375		0.685878
325.5		0.685878
325.625		0.685878
325.75		0.685878
325.875		0.685878
326		0.685878
326.125		0.686713
326.25		0.686713
326.375		0.686713
326.5		0.686713
326.625		0.686713
326.75		0.686713
326.875		0.686713
327		0.686713
327.125		0.687237
327.25		0.687237
327.375		0.687237
327.5		0.687237
327.625		0.687237
327.75		0.687237
327.875		0.687237
328		0.687237
328.125		0.691014
328.25		0.691014
328.375		0.691014
328.5		0.691014
328.625		0.691014
328.75		0.691014
328.875		0.691014
329		0.691014
329.125		0.695861
329.25		0.695861
329.375		0.695861
329.5		0.695861
329.625		0.695861
329.75		0.695861
329.875		0.695861
330		0.695861
330.125		0.697079
330.25		0.697079
330.375		0.697079
330.5		0.697079
330.625		0.697079
330.75		0.697079
330.875		0.697079
331		0.697079
331.125		0.698542
331.25		0.698542
331.375		0.698542
331.5		0.698542
331.625		0.698542
331.75		0.698542
331.875		0.698542
332		0.698542
332.125		0.699228
332.25		0.699228
332.375		0.699228
332.5		0.699228
332.625		0.699228
332.75		0.699228
332.875		0.699228
333		0.699228
333.125		0.70131
333.25		0.70131
333.375		0.70131
333.5		0.70131
333.625		0.70131
333.75		0.70131
333.875		0.70131
334		0.70131
334.125		0.702176
334.25		0.702176
334.375		0.702176
334.5		0.702176
334.625		0.702176
334.75		0.702176
334.875		0.702176
335		0.702176
335.125		0.707675
335.25		0.707675
335.375		0.707675
335.5		0.707675
335.625		0.707675
335.75		0.707675
335.875		0.707675
336		0.707675
336.125		0.708009
336.25		0.708009
336.375		0.708009
336.5		0.708009
336.625		0.708009
336.75		0.708009
336.875		0.708009
337		0.708009
337.125		0.710124
337.25		0.710124
337.375		0.710124
337.5		0.710124
337.625		0.710124
337.75		0.710124
337.875		0.710124
338		0.710124
338.125		0.713289
338.25		0.713289
338.375		0.713289
338.5		0.713289
338.625		0.713289
338.75		0.713289
338.875		0.713289
339		0.713289
339.125		0.714348
339.25		0.714348
339.375		0.714348
339.5		0.714348
339.625		0.714348
339.75		0.714348
339.875		0.714348
340		0.714348
340.125		0.715988
340.25		0.715988
340.375		0.715988
340.5		0.715988
340.625		0.715988
340.75		0.715988
340.875		0.715988
341		0.715988
341.125		0.717123
341.25		0.717123
341.375		0.717123
341.5		0.717123
341.625		0.717123
341.75		0.717123
341.875		0.717123
342		0.717123
342.125		0.724328
342.25		0.724328
342.375		0.724328
342.5		0.724328
342.625		0.724328
342.75		0.724328
342.875		0.724328
343		0.724328
343.125		0.724907
343.25		0.724907
343.375		0.724907
343.5		0.724907
343.625		0.724907
343.75		0.724907
343.875		0.724907
344		0.724907
344.125		0.72889
344.25		0.72889
344.375		0.72889
344.5		0.72889
344.625		0.72889
344.75		0.72889
344.875		0.72889
345		0.72889
345.125		0.731081
345.25		0.731081
345.375		0.731081
345.5		0.731081
345.625		0.731081
345.75		0.731081
345.875		0.731081
346		0.731081
346.125		0.733487
346.25		0.733487
346.375		0.733487
346.5		0.733487
346.625		0.733487
346.75		0.733487
346.875		0.733487
347		0.733487
347.125		0.733831
347.25		0.733831
347.375		0.733831
347.5		0.733831
347.625		0.733831
347.75		0.733831
347.875		0.733831
348		0.733831
348.125		0.737778
348.25		0.737778
348.375		0.737778
348.5		0.737778
348.625		0.737778
348.75		0.737778
348.875		0.737778
349		0.737778
349.125		0.738842
349.25		0.738842
349.375		0.738842
349.5		0.738842
349.625		0.738842
349.75		0.738842
349.875		0.738842
350		0.738842
350.125		0.741612
350.25		0.741612
350.375		0.741612
350.5		0.741612
350.625		0.741612
350.75		0.741612
350.875		0.741612
351		0.741612
351.125		0.745267
351.25		0.745267
351.375		0.745267
351.5		0.745267
351.625		0.745267
351.75		0.745267
351.875		0.745267
352		0.745267
352.125		0.745387
352.25		0.745387
352.375		0.745387
352.5		0.745387
352.625		0.745387
352.75		0.745387
352.875		0.745387
353		0.745387
353.125		0.747325
353.25		0.747325
353.375		0.747325
353.5		0.747325
353.625		0.747325
353.75		0.747325
353.875		0.747325
354		0.747325
354.125		0.74938
354.25		0.74938
354.375		0.74938
354.5		0.74938
354.625		0.74938
354.75		0.74938
354.875		0.74938
355		0.74938
355.125		0.751488
355.25		0.751488
355.375		0.751488
355.5		0.751488
355.625		0.751488
355.75		0.751488
355.875		0.751488
356		0.751488
356.125		0.753745
356.25		0.753745
356.375		0.753745
356.5		0.753745
356.625		0.753745
356.75		0.753745
356.875		0.753745
357		0.753745
357.125		0.755657
357.25		0.755657
357.375		0.755657
357.5		0.755657
357.625		0.755657
357.75		0.755657
357.875		0.755657
358		0.755657
358.125		0.758367
358.25		0.758367
358.375		0.758367
358.5		0.758367
358.625		0.758367
358.75		0.758367
358.875		0.758367
359		0.758367
359.125		0.760929
359.25		0.760929
359.375		0.760929
359.5		0.760929
359.625		0.760929
359.75		0.760929
359.875		0.760929
360		0.760929
360.125		0.763553
360.25		0.763553
360.375		0.763553
360.5		0.763553
360.625		0.763553
360.75		0.763553
360.875		0.763553
361		0.763553
361.125		0.765233
361.25		0.765233
361.375		0.765233
361.5		0.765233
361.625		0.765233
361.75		0.765233
361.875		0.765233
362		0.765233
362.125		0.766709
362.25		0.766709
362.375		0.766709
362.5		0.766709
362.625		0.766709
362.75		0.766709
362.875		0.766709
363		0.766709
363.125		0.769824
363.25		0.769824
363.375		0.769824
363.5		0.769824
363.625		0.769824
363.75		0.769824
363.875		0.769824
364		0.769824
364.125		0.771274
364.25		0.771274
364.375		0.771274
364.5		0.771274
364.625		0.771274
364.75		0.771274
364.875		0.771274
365		0.771274
365.125		0.775192
365.25		0.775192
365.375		0.775192
365.5		0.775192
365.625		0.775192
365.75		0.775192
365.875		0.775192
366		0.775192
366.125		0.776901
366.25		0.776901
366.375		0.776901
366.5		0.776901
366.625		0.776901
366.75		0.776901
366.875		0.776901
367		0.776901
367.125		0.777777
367.25		0.777777
367.375		0.777777
367.5		0.777777
367.625		0.777777
367.75		0.777777
367.875		0.777777
368		0.777777
368.125		0.779374
368.25		0.779374
368.375		0.779374
368.5		0.779374
368.625		0.779374
368.75		0.779374
368.875		0.779374
369		0.779374
369.125		0.781729
369.25		0.781729
369.375		0.781729
369.5		0.781729
369.625		0.781729
369.75		0.781729
369.875		0.781729
370		0.781729
370.125		0.785746
370.25		0.785746
370.375		0.785746
370.5		0.785746
370.625		0.785746
370.75		0.785746
370.875		0.785746
371		0.785746
371.125		0.788321
371.25		0.788321
371.375		0.788321
371.5		0.788321
371.625		0.788321
371.75		0.788321
371.875		0.788321
372		0.788321
372.125		0.790348
372.25		0.790348
372.375		0.790348
372.5		0.790348
372.625		0.790348
372.75		0.790348
372.875		0.790348
373		0.790348
373.125		0.794375
373.25		0.794375
373.375		0.794375
373.5		0.794375
373.625		0.794375
373.75		0.794375
373.875		0.794375
374		0.794375
374.125		0.796274
374.25		0.796274
374.375		0.796274
374.5		0.796274
374.625		0.796274
374.75		0.796274
374.875		0.796274
375		0.796274
375.125		0.798453
375.25		0.798453
375.375		0.798453
375.5		0.798453
375.625		0.798453
375.75		0.798453
375.875		0.798453
376		0.798453
376.125		0.801168
376.25		0.801168
376.375		0.801168
376.5		0.801168
376.625		0.801168
376.75		0.801168
376.875		0.801168
377		0.801168
377.125		0.805801
377.25		0.805801
377.375		0.805801
377.5		0.805801
377.625		0.805801
377.75		0.805801
377.875		0.805801
378		0.805801
378.125		0.806808
378.25		0.806808
378.375		0.806808
378.5		0.806808
378.625		0.806808
378.75		0.806808
378.875		0.806808
379		0.806808
379.125		0.809041
379.25		0.809041
379.375		0.809041
379.5		0.809041
379.625		0.809041
379.75		0.809041
379.875		0.809041
380		0.809041
380.125		0.810162
380.25		0.810162
380.375		0.810162
380.5		0.810162
380.625		0.810162
380.75		0.810162
380.875		0.810162
381		0.810162
381.125		0.813264
381.25		0.813264
381.375		0.813264
381.5		0.813264
381.625		0.813264
381.75		0.813264
381.875		0.813264
382		0.813264
382.125		0.814438
382.25		0.814438
382.375		0.814438
382.5		0.814438
382.625		0.814438
382.75		0.814438
382.875		0.814438
383		0.814438
383.125		0.81882
383.25		0.81882
383.375		0.81882
383.5		0.81882
383.625		0.81882
383.75		0.81882
383.875		0.81882
384		0.81882
384.125		0.819618
384.25		0.819618
384.375		0.819618
384.5		0.819618
384.625		0.819618
384.75		0.819618
384.875		0.819618
385		0.819618
385.125		0.822263
385.25		0.822263
385.375		0.822263
385.5		0.822263
385.625		0.822263
385.75		0.822263
385.875		0.822263
386		0.822263
386.125		0.82614
386.25		0.82614
386.375		0.82614
386.5		0.82614
386.625		0.82614
386.75		0.82614
386.875		0.82614
387		0.82614
387.125		0.827452
387.25		0.827452
387.375		0.827452
387.5		0.827452
387.625		0.827452
387.75		0.827452
387.875		0.827452
388		0.827452
388.125		0.827888
388.25		0.827888
388.375		0.827888
388.5		0.827888
388.625		0.827888
388.75		0.827888
388.875		0.827888
389		0.827888
389.125		0.829729
389.25		0.829729
389.375		0.829729
389.5		0.829729
389.625		0.829729
389.75		0.829729
389.875		0.829729
390		0.829729
390.125		0.832925
390.25		0.832925
390.375		0.832925
390.5		0.832925
390.625		0.832925
390.75		0.832925
390.875		0.832925
391		0.832925
391.125		0.834902
391.25		0.834902
391.375		0.834902
391.5		0.834902
391.625		0.834902
391.75		0.834902
391.875		0.834902
392		0.834902
392.125		0.835745
392.25		0.835745
392.375		0.835745
392.5		0.835745
392.625		0.835745
392.75		0.835745
392.875		0.835745
393		0.835745
393.125		0.837696
393.25		0.837696
393.375		0.837696
393.5		0.837696
393.625		0.837696
393.75		0.837696
393.875		0.837696
394		0.837696
394.125		0.841147
394.25		0.841147
394.375		0.841147
394.5		0.841147
394.625		0.841147
394.75		0.841147
394.875		0.841147
395		0.841147
395.125		0.844405
395.25		0.844405
395.375		0.844405
395.5		0.844405
395.625		0.844405
395.75		0.844405
395.875		0.844405
396		0.844405
396.125		0.846007
396.25		0.846007
396.375		0.846007
396.5		0.846007
396.625		0.846007
396.75		0.846007
396.875		0.846007
397		0.846007
397.125		0.846471
397.25		0.846471
397.375		0.846471
397.5		0.846471
397.625		0.846471
397.75		0.846471
397.875		0.846471
398		0.846471
398.125		0.850094
398.25		0.850094
398.375		0.850094
398.5		0.850094
398.625		0.850094
398.75		0.850094
398.875		0.850094
399		0.850094
399.125		0.852199
399.25		0.852199
399.375		0.852199
399.5		0.852199
399.625		0.852199
399.75		0.852199
399.875		0.852199
400		0.852199
400.125		0.85414
400.25		0.85414
400.375		0.85414
400.5		0.85414
400.625		0.85414
400.75		0.85414
400.875		0.85414
401		0.85414
401.125		0.859198
401.25		0.859198
401.375		0.859198
401.5		0.859198
401.625		0.859198
401.75		0.859198
401.875		0.859198
402		0.859198
402.125		0.859527
402.25		0.859527
402.375		0.859527
402.5		0.859527
402.625		0.859527
402.75		0.859527
402.875		0.859527
403		0.859527
403.125		0.862323
403.25		0.862323
403.375		0.862323
403.5		0.862323
403.625		0.862323
403.75		0.862323
403.875		0.862323
404		0.862323
404.125		0.863398
404.25		0.863398
404.375		0.863398
404.5		0.863398
404.625		0.863398
404.75		0.863398
404.875		0.863398
405		0.863398
405.125		0.866421
405.25		0.866421
405.375		0.866421
405.5		0.866421
405.625		0.866421
405.75		0.866421
405.875		0.866421
406		0.866421
406.125		0.868263
406.25		0.868263
406.375		0.868263
406.5		0.868263
406.625		0.868263
406.75		0.868263
406.875		0.868263
407		0.868263
407.125		0.869066
407.25		0.869066
407.375		0.869066
407.5		0.869066
407.625		0.869066
407.75		0.869066
407.875		0.869066
408		0.869066
408.125		0.871735
408.25		0.871735
408.375		0.871735
408.5		0.871735
408.625		0.871735
408.75		0.871735
408.875		0.871735
409		0.871735
409.125		0.874787
409.25		0.874787
409.375		0.874787
409.5		0.874787
409.625		0.874787
409.75		0.874787
409.875		0.874787
410		0.874787
410.125		0.875082
410.25		0.875082
410.375		0.875082
410.5		0.875082
410.625		0.875082
410.75		0.875082
410.875		0.875082
411		0.875082
411.125		0.878311
411.25		0.878311
411.375		0.878311
411.5		0.878311
411.625		0.878311
411.75		0.878311
411.875		0.878311
412		0.878311
412.125		0.882704
412.25		0.882704
412.375		0.882704
412.5		0.882704
412.625		0.882704
412.75		0.882704
412.875		0.882704
413		0.882704
413.125		0.883755
413.25		0.883755
413.375		0.883755
413.5		0.883755
413.625		0.883755
413.75		0.883755
413.875		0.883755
414		0.883755
414.125		0.88489
414.25		0.88489
414.375		0.88489
414.5		0.88489
414.625		0.88489
414.75		0.88489
414.875		0.88489
415		0.88489
415.125		0.886958
415.25		0.886958
415.375		0.886958
415.5		0.886958
415.625		0.886958
415.75		0.886958
415.875		0.886958
416		0.886958
416.125		0.891541
416.25		0.891541
416.375		0.891541
416.5		0.891541
416.625		0.891541
416.75		0.891541
416.875		0.891541
417		0.891541
417.125		0.891881
417.25		0.891881
417.375		0.891881
417.5		0.891881
417.625		0.891881
417.75		0.891881
417.875		0.891881
418		0.891881
418.125		0.894181
418.25		0.894181
418.375		0.894181
418.5		0.894181
418.625		0.894181
418.75		0.894181
418.875		0.894181
419		0.894181
419.125		0.895384
419.25		0.895384
419.375		0.895384
419.5		0.895384
419.625		0.895384
419.75		0.895384
419.875		0.895384
420		0.895384
420.125		0.897784
420.25		0.897784
420.375		0.897784
420.5		0.897784
420.625		0.897784
420.75		0.897784
420.875		0.897784
421		0.897784
421.125		0.901334
421.25		0.901334
421.375		0.901334
421.5		0.901334
421.625		0.901334
421.75		0.901334
421.875		0.901334
422		0.901334
422.125		0.90227
422.25		0.90227
422.375		0.90227
422.5		0.90227
422.625		0.90227
422.75		0.90227
422.875		0.90227
423		0.90227
423.125		0.902711
423.25		0.902711
423.375		0.902711
423.5		0.902711
423.625		0.902711
423.75		0.902711
423.875		0.902711
424		0.902711
424.125		0.905137
424.25		0.905137
424.375		0.905137
424.5		0.905137
424.625		0.905137
424.75		0.905137
424.875		0.905137
425		0.905137
425.125		0.908515
425.25		0.908515
425.375		0.908515
425.5		0.908515
425.625		0.908515
425.75		0.908515
425.875		0.908515
426		0.908515
426.125		0.908787
426.25		0.908787
426.375		0.908787
426.5		0.908787
426.625		0.908787
426.75		0.908787
426.875		0.908787
427		0.908787
427.125		0.913059
427.25		0.913059
427.375		0.913059
427.5		0.913059
427.625		0.913059
427.75		0.913059
427.875		0.913059
428		0.913059
428.125		0.913318
428.25		0.913318
428.375		0.913318
428.5		0.913318
428.625		0.913318
428.75		0.913318
428.875		0.913318
429		0.913318
429.125		0.914486
429.25		0.914486
429.375		0.914486
429.5		0.914486
429.625		0.914486
429.75		0.914486
429.875		0.914486
430		0.914486
430.125		0.917632
430.25		0.917632
430.375		0.917632
430.5		0.917632
430.625		0.917632
430.75		0.917632
430.875		0.917632
431		0.917632
431.125		0.919192
431.25		0.919192
431.375		0.919192
431.5		0.919192
431.625		0.919192
431.75		0.919192
431.875		0.919192
432		0.919192
432.125		0.922054
432.25		0.922054
432.375		0.922054
432.5		0.922054
432.625		0.922054
432.75		0.922054
432.875		0.922054
433		0.922054
433.125		0.923796
433.25		0.923796
433.375		0.923796
433.5		0.923796
433.625		0.923796
433.75		0.923796
433.875		0.923796
434		0.923796
434.125		0.927816
434.25		0.927816
434.375		0.927816
434.5		0.927816
434.625		0.927816
434.75		0.927816
434.875		0.927816
435		0.927816
435.125		0.928106
435.25		0.928106
435.375		0.928106
435.5		0.928106
435.625		0.928106
435.75		0.928106
435.875		0.928106
436		0.928106
436.125		0.931455
436.25		0.931455
436.375		0.931455
436.5		0.931455
436.625		0.931455
436.75		0.931455
436.875		0.931455
437		0.931455
437.125		0.933797
437.25		0.933797
437.375		0.933797
437.5		0.933797
437.625		0.933797
437.75		0.933797
437.875		0.933797
438		0.933797
438.125		0.938931
438.25		0.938931
438.375		0.938931
438.5		0.938931
438.625		0.938931
438.75		0.938931
438.875		0.938931
439		0.938931
439.125		0.93939
439.25		0.93939
439.375		0.93939
439.5		0.93939
439.625		0.93939
439.75		0.93939
439.875		0.93939
440		0.93939
440.125		0.939844
440.25		0.939844
440.375		0.939844
440.5		0.939844
440.625		0.939844
440.75		0.939844
440.875		0.939844
441		0.939844
441.125		0.940475
441.25		0.940475
441.375		0.940475
441.5		0.940475
441.625		0.940475
441.75		0.940475
441.875		0.940475
442		0.940475
442.125		0.945505
442.25		0.945505
442.375		0.945505
442.5		0.945505
442.625		0.945505
442.75		0.945505
442.875		0.945505
443		0.945505
443.125		0.947915
443.25		0.947915
443.375		0.947915
443.5		0.947915
443.625		0.947915
443.75		0.947915
443.875		0.947915
444		0.947915
444.125		0.948617
444.25		0.948617
444.375		0.948617
444.5		0.948617
444.625		0.948617
444.75		0.948617
444.875		0.948617
445		0.948617
445.125		0.952073
445.25		0.952073
445.375		0.952073
445.5		0.952073
445.625		0.952073
445.75		0.952073
445.875		0.952073
446		0.952073
446.125		0.954635
446.25		0.954635
446.375		0.954635
446.5		0.954635
446.625		0.954635
446.75		0.954635
446.875		0.954635
447		0.954635
447.125		0.955417
447.25		0.955417
447.375		0.955417
447.5		0.955417
447.625		0.955417
447.75		0.955417
447.875		0.955417
448		0.955417
448.125		0.956633
448.25		0.956633
448.375		0.956633
448.5		0.956633
448.625		0.956633
448.75		0.956633
448.875		0.956633
449		0.956633
449.125		0.959552
449.25		0.959552
449.375		0.959552
449.5		0.959552
449.625		0.959552
449.75		0.959552
449.875		0.959552
450		0.959552
450.125		0.960016
450.25		0.960016
450.375		0.960016
450.5		0.960016
450.625		0.960016
450.75		0.960016
450.875		0.960016
451		0.960016
451.125		0.965074
451.25		0.965074
451.375		0.965074
451.5		0.965074
451.625		0.965074
451.75		0.965074
451.875		0.965074
452		0.965074
452.125		0.967758
452.25		0.967758
452.375		0.967758
452.5		0.967758
452.625		0.967758
452.75		0.967758
452.875		0.967758
453		0.967758
453.125		0.96833
453.25		0.96833
453.375		0.96833
453.5		0.96833
453.625		0.96833
453.75		0.96833
453.875		0.96833
454		0.96833
454.125		0.968731
454.25		0.968731
454.375		0.968731
454.5		0.968731
454.625		0.968731
454.75		0.968731
454.875		0.968731
455		0.968731
455.125		0.973252
455.25		0.973252
455.375		0.973252
455.5		0.973252
455.625		0.973252
455.75		0.973252
455.875		0.973252
456		0.973252
456.125		0.97434
456.25		0.97434
456.375		0.97434
456.5		0.97434
456.625		0.97434
456.75		0.97434
456.875		0.97434
457		0.97434
457.125		0.976421
457.25		0.976421
457.375		0.976421
457.5		0.976421
457.625		0.976421
457.75		0.976421
457.875		0.976421
458		0.976421
458.125		0.980856
458.25		0.980856
458.375		0.980856
458.5		0.980856
458.625		0.980856
458.75		0.980856
458.875		0.980856
459		0.980856
459.125		0.981205
459.25		0.981205
459.375		0.981205
459.5		0.981205
459.625		0.981205
459.75		0.981205
459.875		0.981205
460		0.981205
460.125		0.985447
460.25		0.985447
460.375		0.985447
460.5		0.985447
460.625		0.985447
460.75		0.985447
460.875		0.985447
461		0.985447
461.125		0.986616
461.25		0.986616
461.375		0.986616
461.5		0.986616
461.625		0.986616
461.75		0.986616
461.875		0.986616
462		0.986616
462.125		0.987948
462.25		0.987948
462.375		0.987948
462.5		0.987948
462.625		0.987948
462.75		0.987948
462.875		0.987948
463		0.987948
463.125		0.988267
463.25		0.988267
463.375		0.988267
463.5		0.988267
463.625		0.988267
463.75		0.988267
463.875		0.988267
464		0.988267
464.125		0.992967
464.25		0.992967
464.375		0.992967
464.5		0.992967
464.625		0.992967
464.75		0.992967
464.875		0.992967
465		0.992967
465.125		0.995268
465.25		0.995268
465.375		0.995268
465.5		0.995268
465.625		0.995268
465.75		0.995268
465.875		0.995268
466		0.995268
466.125		0.998691
466.25		0.998691
466.375		0.998691
466.5		0.998691
466.625		0.998691
466.75		0.998691
466.875		0.998691
467		0.998691
467.125		0.999189
467.25		0.999189
467.375		0.999189
467.5		0.999189
467.625		0.999189
467.75		0.999189
467.875		0.999189
468		0.999189
468.125		0.999888
468.25		0.999888
468.375		0.999888
468.5		0.999888
468.625		0.999888
468.75		0.999888
468.875		0.999888
469		0.999888
469.125		1
469.25		1
469.375		1
469.5		1
469.625		1
469.75		1
469.875		1
470		1
470.125		1
470.25		1
470.375		1
470.5		1
470.625		1
470.75		1
470.875		1
471		1
471.125		1
471.25		1
471.375		1
471.5		1
471.625		1
471.75		1
471.875		1
472		1
472.125		1
472.25		1
472.375		1
472.5		1
472.625		1
472.75		1
472.875		1
473		1
473.125		1
473.25		1
473.375		1
473.5		1
473.625		1
473.75		1
473.875		1
474		1
474.125		1
474.25		1
474.375		1
474.5		1
474.625		1
474.75		1
474.875		1
475		1
475.125		1
475.25		1
475.375		1
475.5		1
475.625		1
475.75		1
475.875		1
476		1
476.125		1
476.25		1
476.375		1
476.5		1
476.625		1
476.75		1
476.875		1
477		1
477.125		1
477.25		1
477.375		1
477.5		1
477.625		1
477.75		1
477.875		1
478		1
478.125		1
478.25		1
478.375		1
478.5		1
478.625		1
478.75		1
478.875		1
479		1
479.125		1
479.25		1
479.375		1
479.5		1
479.625		1
479.75		1
479.875		1
480		1
480.125		1
480.25		1
480.375		1
480.5		1
480.625		1
480.75		1
480.875		1
481		1
481.125		1
481.25		1
481.375		1
481.5		1
481.625		1
481.75		1
481.875		1
482		1
482.125		1
482.25		1
482.375		1
482.5		1
482.625		1
482.75		1
482.875		1
483		1
483.125		1
483.25		1
483.375		1
483.5		1
483.625		1
483.75		1
483.875		1
484		1
484.125		1
484.25		1
484.375		1
484.5		1
484.625		1
484.75		1
484.875		1
485		1
485.125		1
485.25		1
485.375		1
485.5		1
485.625		1
485.75		1
485.875		1
486		1
486.125		1
486.25		1
486.375		1
486.5		1
486.625		1
486.75		1
486.875		1
487		1
487.125		1
487.25		1
487.375		1
487.5		1
487.625		1
487.75		1
487.875		1
488		1
488.125		1
488.25		1
488.375		1
488.5		1
488.625		1
488.75		1
488.875		1
489		1
489.125		1
489.25		1
489.375		1
489.5		1
489.625		1
489.75		1
489.875		1
490		1
490.125		1
490.25		1
490.375		1
490.5		1
490.625		1
490.75		1
490.875		1
491		1
491.125		1
491.25		1
491.375		1
491.5		1
491.625		1
491.75		1
491.875		1
492		1
492.125		1
492.25		1
492.375		1
492.5		1
492.625		1
492.75		1
492.875		1
493		1
493.125		1
493.25		1
493.375		1
493.5		1
493.625		1
493.75		1
493.875		1
494		1
494.125		1
494.25		1
494.375		1
494.5		1
494.625		1
494.75		1
494.875		1
495		1
495.125		1
495.25		1
495.375		1
495.5		1
495.625		1
495.75		1
495.875		1
496		1
496.125		1
496.25		1
496.375		1
496.5		1
496.625		1
496.75		1
496.875		1
497		1
497.125		1
497.25		1
497.375		1
497.5		1
497.625		1
497.75		1
497.875		1
498		1
498.125		1
498.25		1
498.375		1
498.5		1
498.625		1
498.75		1
498.875		1
499		1
499.125		1
499.25		1
499.375		1
499.5		1
499.625		1
499.75		1
499.875		1
500		1
