# Calibration file of tamex_id 1 @ channel 14
# fine_T bin		 Calibration value
0.125		0
0.25		0
0.375		0
0.5		0
0.625		0
0.75		0
0.875		0
1		0
1.125		0
1.25		0
1.375		0
1.5		0
1.625		0
1.75		0
1.875		0
2		0
2.125		0
2.25		0
2.375		0
2.5		0
2.625		0
2.75		0
2.875		0
3		0
3.125		0
3.25		0
3.375		0
3.5		0
3.625		0
3.75		0
3.875		0
4		0
4.125		0
4.25		0
4.375		0
4.5		0
4.625		0
4.75		0
4.875		0
5		0
5.125		0
5.25		0
5.375		0
5.5		0
5.625		0
5.75		0
5.875		0
6		0
6.125		0
6.25		0
6.375		0
6.5		0
6.625		0
6.75		0
6.875		0
7		0
7.125		0
7.25		0
7.375		0
7.5		0
7.625		0
7.75		0
7.875		0
8		0
8.125		0
8.25		0
8.375		0
8.5		0
8.625		0
8.75		0
8.875		0
9		0
9.125		0
9.25		0
9.375		0
9.5		0
9.625		0
9.75		0
9.875		0
10		0
10.125		0
10.25		0
10.375		0
10.5		0
10.625		0
10.75		0
10.875		0
11		0
11.125		0
11.25		0
11.375		0
11.5		0
11.625		0
11.75		0
11.875		0
12		0
12.125		0
12.25		0
12.375		0
12.5		0
12.625		0
12.75		0
12.875		0
13		0
13.125		0
13.25		0
13.375		0
13.5		0
13.625		0
13.75		0
13.875		0
14		0
14.125		0
14.25		0
14.375		0
14.5		0
14.625		0
14.75		0
14.875		0
15		0
15.125		0
15.25		0
15.375		0
15.5		0
15.625		0
15.75		0
15.875		0
16		0
16.125		0
16.25		0
16.375		0
16.5		0
16.625		0
16.75		0
16.875		0
17		0
17.125		0.00441319
17.25		0.00441319
17.375		0.00441319
17.5		0.00441319
17.625		0.00441319
17.75		0.00441319
17.875		0.00441319
18		0.00441319
18.125		0.00754194
18.25		0.00754194
18.375		0.00754194
18.5		0.00754194
18.625		0.00754194
18.75		0.00754194
18.875		0.00754194
19		0.00754194
19.125		0.00814573
19.25		0.00814573
19.375		0.00814573
19.5		0.00814573
19.625		0.00814573
19.75		0.00814573
19.875		0.00814573
20		0.00814573
20.125		0.0108646
20.25		0.0108646
20.375		0.0108646
20.5		0.0108646
20.625		0.0108646
20.75		0.0108646
20.875		0.0108646
21		0.0108646
21.125		0.0150912
21.25		0.0150912
21.375		0.0150912
21.5		0.0150912
21.625		0.0150912
21.75		0.0150912
21.875		0.0150912
22		0.0150912
22.125		0.0181394
22.25		0.0181394
22.375		0.0181394
22.5		0.0181394
22.625		0.0181394
22.75		0.0181394
22.875		0.0181394
23		0.0181394
23.125		0.0185456
23.25		0.0185456
23.375		0.0185456
23.5		0.0185456
23.625		0.0185456
23.75		0.0185456
23.875		0.0185456
24		0.0185456
24.125		0.0193177
24.25		0.0193177
24.375		0.0193177
24.5		0.0193177
24.625		0.0193177
24.75		0.0193177
24.875		0.0193177
25		0.0193177
25.125		0.0196947
25.25		0.0196947
25.375		0.0196947
25.5		0.0196947
25.625		0.0196947
25.75		0.0196947
25.875		0.0196947
26		0.0196947
26.125		0.0230027
26.25		0.0230027
26.375		0.0230027
26.5		0.0230027
26.625		0.0230027
26.75		0.0230027
26.875		0.0230027
27		0.0230027
27.125		0.0261973
27.25		0.0261973
27.375		0.0261973
27.5		0.0261973
27.625		0.0261973
27.75		0.0261973
27.875		0.0261973
28		0.0261973
28.125		0.0269548
28.25		0.0269548
28.375		0.0269548
28.5		0.0269548
28.625		0.0269548
28.75		0.0269548
28.875		0.0269548
29		0.0269548
29.125		0.0300397
29.25		0.0300397
29.375		0.0300397
29.5		0.0300397
29.625		0.0300397
29.75		0.0300397
29.875		0.0300397
30		0.0300397
30.125		0.0338381
30.25		0.0338381
30.375		0.0338381
30.5		0.0338381
30.625		0.0338381
30.75		0.0338381
30.875		0.0338381
31		0.0338381
31.125		0.034387
31.25		0.034387
31.375		0.034387
31.5		0.034387
31.625		0.034387
31.75		0.034387
31.875		0.034387
32		0.034387
32.125		0.0352396
32.25		0.0352396
32.375		0.0352396
32.5		0.0352396
32.625		0.0352396
32.75		0.0352396
32.875		0.0352396
33		0.0352396
33.125		0.0365972
33.25		0.0365972
33.375		0.0365972
33.5		0.0365972
33.625		0.0365972
33.75		0.0365972
33.875		0.0365972
34		0.0365972
34.125		0.0402749
34.25		0.0402749
34.375		0.0402749
34.5		0.0402749
34.625		0.0402749
34.75		0.0402749
34.875		0.0402749
35		0.0402749
35.125		0.0404469
35.25		0.0404469
35.375		0.0404469
35.5		0.0404469
35.625		0.0404469
35.75		0.0404469
35.875		0.0404469
36		0.0404469
36.125		0.0449516
36.25		0.0449516
36.375		0.0449516
36.5		0.0449516
36.625		0.0449516
36.75		0.0449516
36.875		0.0449516
37		0.0449516
37.125		0.0463897
37.25		0.0463897
37.375		0.0463897
37.5		0.0463897
37.625		0.0463897
37.75		0.0463897
37.875		0.0463897
38		0.0463897
38.125		0.0490134
38.25		0.0490134
38.375		0.0490134
38.5		0.0490134
38.625		0.0490134
38.75		0.0490134
38.875		0.0490134
39		0.0490134
39.125		0.0502942
39.25		0.0502942
39.375		0.0502942
39.5		0.0502942
39.625		0.0502942
39.75		0.0502942
39.875		0.0502942
40		0.0502942
40.125		0.0512383
40.25		0.0512383
40.375		0.0512383
40.5		0.0512383
40.625		0.0512383
40.75		0.0512383
40.875		0.0512383
41		0.0512383
41.125		0.0521824
41.25		0.0521824
41.375		0.0521824
41.5		0.0521824
41.625		0.0521824
41.75		0.0521824
41.875		0.0521824
42		0.0521824
42.125		0.0561785
42.25		0.0561785
42.375		0.0561785
42.5		0.0561785
42.625		0.0561785
42.75		0.0561785
42.875		0.0561785
43		0.0561785
43.125		0.0583887
43.25		0.0583887
43.375		0.0583887
43.5		0.0583887
43.625		0.0583887
43.75		0.0583887
43.875		0.0583887
44		0.0583887
44.125		0.0586741
44.25		0.0586741
44.375		0.0586741
44.5		0.0586741
44.625		0.0586741
44.75		0.0586741
44.875		0.0586741
45		0.0586741
45.125		0.0616968
45.25		0.0616968
45.375		0.0616968
45.5		0.0616968
45.625		0.0616968
45.75		0.0616968
45.875		0.0616968
46		0.0616968
46.125		0.0638229
46.25		0.0638229
46.375		0.0638229
46.5		0.0638229
46.625		0.0638229
46.75		0.0638229
46.875		0.0638229
47		0.0638229
47.125		0.0694912
47.25		0.0694912
47.375		0.0694912
47.5		0.0694912
47.625		0.0694912
47.75		0.0694912
47.875		0.0694912
48		0.0694912
48.125		0.0696998
48.25		0.0696998
48.375		0.0696998
48.5		0.0696998
48.625		0.0696998
48.75		0.0696998
48.875		0.0696998
49		0.0696998
49.125		0.0698974
49.25		0.0698974
49.375		0.0698974
49.5		0.0698974
49.625		0.0698974
49.75		0.0698974
49.875		0.0698974
50		0.0698974
50.125		0.0722687
50.25		0.0722687
50.375		0.0722687
50.5		0.0722687
50.625		0.0722687
50.75		0.0722687
50.875		0.0722687
51		0.0722687
51.125		0.0766343
51.25		0.0766343
51.375		0.0766343
51.5		0.0766343
51.625		0.0766343
51.75		0.0766343
51.875		0.0766343
52		0.0766343
52.125		0.0788665
52.25		0.0788665
52.375		0.0788665
52.5		0.0788665
52.625		0.0788665
52.75		0.0788665
52.875		0.0788665
53		0.0788665
53.125		0.0794886
53.25		0.0794886
53.375		0.0794886
53.5		0.0794886
53.625		0.0794886
53.75		0.0794886
53.875		0.0794886
54		0.0794886
54.125		0.0815378
54.25		0.0815378
54.375		0.0815378
54.5		0.0815378
54.625		0.0815378
54.75		0.0815378
54.875		0.0815378
55		0.0815378
55.125		0.0840408
55.25		0.0840408
55.375		0.0840408
55.5		0.0840408
55.625		0.0840408
55.75		0.0840408
55.875		0.0840408
56		0.0840408
56.125		0.0873452
56.25		0.0873452
56.375		0.0873452
56.5		0.0873452
56.625		0.0873452
56.75		0.0873452
56.875		0.0873452
57		0.0873452
57.125		0.0880149
57.25		0.0880149
57.375		0.0880149
57.5		0.0880149
57.625		0.0880149
57.75		0.0880149
57.875		0.0880149
58		0.0880149
58.125		0.092128
58.25		0.092128
58.375		0.092128
58.5		0.092128
58.625		0.092128
58.75		0.092128
58.875		0.092128
59		0.092128
59.125		0.0941736
59.25		0.0941736
59.375		0.0941736
59.5		0.0941736
59.625		0.0941736
59.75		0.0941736
59.875		0.0941736
60		0.0941736
60.125		0.0956483
60.25		0.0956483
60.375		0.0956483
60.5		0.0956483
60.625		0.0956483
60.75		0.0956483
60.875		0.0956483
61		0.0956483
61.125		0.0987148
61.25		0.0987148
61.375		0.0987148
61.5		0.0987148
61.625		0.0987148
61.75		0.0987148
61.875		0.0987148
62		0.0987148
62.125		0.0998419
62.25		0.0998419
62.375		0.0998419
62.5		0.0998419
62.625		0.0998419
62.75		0.0998419
62.875		0.0998419
63		0.0998419
63.125		0.10046
63.25		0.10046
63.375		0.10046
63.5		0.10046
63.625		0.10046
63.75		0.10046
63.875		0.10046
64		0.10046
64.125		0.105488
64.25		0.105488
64.375		0.105488
64.5		0.105488
64.625		0.105488
64.75		0.105488
64.875		0.105488
65		0.105488
65.125		0.107464
65.25		0.107464
65.375		0.107464
65.5		0.107464
65.625		0.107464
65.75		0.107464
65.875		0.107464
66		0.107464
66.125		0.108785
66.25		0.108785
66.375		0.108785
66.5		0.108785
66.625		0.108785
66.75		0.108785
66.875		0.108785
67		0.108785
67.125		0.111395
67.25		0.111395
67.375		0.111395
67.5		0.111395
67.625		0.111395
67.75		0.111395
67.875		0.111395
68		0.111395
68.125		0.113846
68.25		0.113846
68.375		0.113846
68.5		0.113846
68.625		0.113846
68.75		0.113846
68.875		0.113846
69		0.113846
69.125		0.116196
69.25		0.116196
69.375		0.116196
69.5		0.116196
69.625		0.116196
69.75		0.116196
69.875		0.116196
70		0.116196
70.125		0.11688
70.25		0.11688
70.375		0.11688
70.5		0.11688
70.625		0.11688
70.75		0.11688
70.875		0.11688
71		0.11688
71.125		0.120261
71.25		0.120261
71.375		0.120261
71.5		0.120261
71.625		0.120261
71.75		0.120261
71.875		0.120261
72		0.120261
72.125		0.121747
72.25		0.121747
72.375		0.121747
72.5		0.121747
72.625		0.121747
72.75		0.121747
72.875		0.121747
73		0.121747
73.125		0.125893
73.25		0.125893
73.375		0.125893
73.5		0.125893
73.625		0.125893
73.75		0.125893
73.875		0.125893
74		0.125893
74.125		0.128165
74.25		0.128165
74.375		0.128165
74.5		0.128165
74.625		0.128165
74.75		0.128165
74.875		0.128165
75		0.128165
75.125		0.130621
75.25		0.130621
75.375		0.130621
75.5		0.130621
75.625		0.130621
75.75		0.130621
75.875		0.130621
76		0.130621
76.125		0.131155
76.25		0.131155
76.375		0.131155
76.5		0.131155
76.625		0.131155
76.75		0.131155
76.875		0.131155
77		0.131155
77.125		0.136267
77.25		0.136267
77.375		0.136267
77.5		0.136267
77.625		0.136267
77.75		0.136267
77.875		0.136267
78		0.136267
78.125		0.13768
78.25		0.13768
78.375		0.13768
78.5		0.13768
78.625		0.13768
78.75		0.13768
78.875		0.13768
79		0.13768
79.125		0.140819
79.25		0.140819
79.375		0.140819
79.5		0.140819
79.625		0.140819
79.75		0.140819
79.875		0.140819
80		0.140819
80.125		0.14199
80.25		0.14199
80.375		0.14199
80.5		0.14199
80.625		0.14199
80.75		0.14199
80.875		0.14199
81		0.14199
81.125		0.143257
81.25		0.143257
81.375		0.143257
81.5		0.143257
81.625		0.143257
81.75		0.143257
81.875		0.143257
82		0.143257
82.125		0.145383
82.25		0.145383
82.375		0.145383
82.5		0.145383
82.625		0.145383
82.75		0.145383
82.875		0.145383
83		0.145383
83.125		0.149229
83.25		0.149229
83.375		0.149229
83.5		0.149229
83.625		0.149229
83.75		0.149229
83.875		0.149229
84		0.149229
84.125		0.149741
84.25		0.149741
84.375		0.149741
84.5		0.149741
84.625		0.149741
84.75		0.149741
84.875		0.149741
85		0.149741
85.125		0.151922
85.25		0.151922
85.375		0.151922
85.5		0.151922
85.625		0.151922
85.75		0.151922
85.875		0.151922
86		0.151922
86.125		0.156284
86.25		0.156284
86.375		0.156284
86.5		0.156284
86.625		0.156284
86.75		0.156284
86.875		0.156284
87		0.156284
87.125		0.15658
87.25		0.15658
87.375		0.15658
87.5		0.15658
87.625		0.15658
87.75		0.15658
87.875		0.15658
88		0.15658
88.125		0.156906
88.25		0.156906
88.375		0.156906
88.5		0.156906
88.625		0.156906
88.75		0.156906
88.875		0.156906
89		0.156906
89.125		0.161908
89.25		0.161908
89.375		0.161908
89.5		0.161908
89.625		0.161908
89.75		0.161908
89.875		0.161908
90		0.161908
90.125		0.162838
90.25		0.162838
90.375		0.162838
90.5		0.162838
90.625		0.162838
90.75		0.162838
90.875		0.162838
91		0.162838
91.125		0.166362
91.25		0.166362
91.375		0.166362
91.5		0.166362
91.625		0.166362
91.75		0.166362
91.875		0.166362
92		0.166362
92.125		0.167807
92.25		0.167807
92.375		0.167807
92.5		0.167807
92.625		0.167807
92.75		0.167807
92.875		0.167807
93		0.167807
93.125		0.168898
93.25		0.168898
93.375		0.168898
93.5		0.168898
93.625		0.168898
93.75		0.168898
93.875		0.168898
94		0.168898
94.125		0.170771
94.25		0.170771
94.375		0.170771
94.5		0.170771
94.625		0.170771
94.75		0.170771
94.875		0.170771
95		0.170771
95.125		0.175247
95.25		0.175247
95.375		0.175247
95.5		0.175247
95.625		0.175247
95.75		0.175247
95.875		0.175247
96		0.175247
96.125		0.176623
96.25		0.176623
96.375		0.176623
96.5		0.176623
96.625		0.176623
96.75		0.176623
96.875		0.176623
97		0.176623
97.125		0.177955
97.25		0.177955
97.375		0.177955
97.5		0.177955
97.625		0.177955
97.75		0.177955
97.875		0.177955
98		0.177955
98.125		0.180432
98.25		0.180432
98.375		0.180432
98.5		0.180432
98.625		0.180432
98.75		0.180432
98.875		0.180432
99		0.180432
99.125		0.181735
99.25		0.181735
99.375		0.181735
99.5		0.181735
99.625		0.181735
99.75		0.181735
99.875		0.181735
100		0.181735
100.125		0.185628
100.25		0.185628
100.375		0.185628
100.5		0.185628
100.625		0.185628
100.75		0.185628
100.875		0.185628
101		0.185628
101.125		0.187842
101.25		0.187842
101.375		0.187842
101.5		0.187842
101.625		0.187842
101.75		0.187842
101.875		0.187842
102		0.187842
102.125		0.188783
102.25		0.188783
102.375		0.188783
102.5		0.188783
102.625		0.188783
102.75		0.188783
102.875		0.188783
103		0.188783
103.125		0.19178
103.25		0.19178
103.375		0.19178
103.5		0.19178
103.625		0.19178
103.75		0.19178
103.875		0.19178
104		0.19178
104.125		0.194619
104.25		0.194619
104.375		0.194619
104.5		0.194619
104.625		0.194619
104.75		0.194619
104.875		0.194619
105		0.194619
105.125		0.196438
105.25		0.196438
105.375		0.196438
105.5		0.196438
105.625		0.196438
105.75		0.196438
105.875		0.196438
106		0.196438
106.125		0.196683
106.25		0.196683
106.375		0.196683
106.5		0.196683
106.625		0.196683
106.75		0.196683
106.875		0.196683
107		0.196683
107.125		0.199292
107.25		0.199292
107.375		0.199292
107.5		0.199292
107.625		0.199292
107.75		0.199292
107.875		0.199292
108		0.199292
108.125		0.205217
108.25		0.205217
108.375		0.205217
108.5		0.205217
108.625		0.205217
108.75		0.205217
108.875		0.205217
109		0.205217
109.125		0.205784
109.25		0.205784
109.375		0.205784
109.5		0.205784
109.625		0.205784
109.75		0.205784
109.875		0.205784
110		0.205784
110.125		0.207284
110.25		0.207284
110.375		0.207284
110.5		0.207284
110.625		0.207284
110.75		0.207284
110.875		0.207284
111		0.207284
111.125		0.208078
111.25		0.208078
111.375		0.208078
111.5		0.208078
111.625		0.208078
111.75		0.208078
111.875		0.208078
112		0.208078
112.125		0.211127
112.25		0.211127
112.375		0.211127
112.5		0.211127
112.625		0.211127
112.75		0.211127
112.875		0.211127
113		0.211127
113.125		0.216016
113.25		0.216016
113.375		0.216016
113.5		0.216016
113.625		0.216016
113.75		0.216016
113.875		0.216016
114		0.216016
114.125		0.216597
114.25		0.216597
114.375		0.216597
114.5		0.216597
114.625		0.216597
114.75		0.216597
114.875		0.216597
115		0.216597
115.125		0.217113
115.25		0.217113
115.375		0.217113
115.5		0.217113
115.625		0.217113
115.75		0.217113
115.875		0.217113
116		0.217113
116.125		0.218354
116.25		0.218354
116.375		0.218354
116.5		0.218354
116.625		0.218354
116.75		0.218354
116.875		0.218354
117		0.218354
117.125		0.223122
117.25		0.223122
117.375		0.223122
117.5		0.223122
117.625		0.223122
117.75		0.223122
117.875		0.223122
118		0.223122
118.125		0.224223
118.25		0.224223
118.375		0.224223
118.5		0.224223
118.625		0.224223
118.75		0.224223
118.875		0.224223
119		0.224223
119.125		0.227828
119.25		0.227828
119.375		0.227828
119.5		0.227828
119.625		0.227828
119.75		0.227828
119.875		0.227828
120		0.227828
120.125		0.228443
120.25		0.228443
120.375		0.228443
120.5		0.228443
120.625		0.228443
120.75		0.228443
120.875		0.228443
121		0.228443
121.125		0.2286
121.25		0.2286
121.375		0.2286
121.5		0.2286
121.625		0.2286
121.75		0.2286
121.875		0.2286
122		0.2286
122.125		0.233463
122.25		0.233463
122.375		0.233463
122.5		0.233463
122.625		0.233463
122.75		0.233463
122.875		0.233463
123		0.233463
123.125		0.235608
123.25		0.235608
123.375		0.235608
123.5		0.235608
123.625		0.235608
123.75		0.235608
123.875		0.235608
124		0.235608
124.125		0.236266
124.25		0.236266
124.375		0.236266
124.5		0.236266
124.625		0.236266
124.75		0.236266
124.875		0.236266
125		0.236266
125.125		0.239567
125.25		0.239567
125.375		0.239567
125.5		0.239567
125.625		0.239567
125.75		0.239567
125.875		0.239567
126		0.239567
126.125		0.243625
126.25		0.243625
126.375		0.243625
126.5		0.243625
126.625		0.243625
126.75		0.243625
126.875		0.243625
127		0.243625
127.125		0.244013
127.25		0.244013
127.375		0.244013
127.5		0.244013
127.625		0.244013
127.75		0.244013
127.875		0.244013
128		0.244013
128.125		0.246626
128.25		0.246626
128.375		0.246626
128.5		0.246626
128.625		0.246626
128.75		0.246626
128.875		0.246626
129		0.246626
129.125		0.247687
129.25		0.247687
129.375		0.247687
129.5		0.247687
129.625		0.247687
129.75		0.247687
129.875		0.247687
130		0.247687
130.125		0.252902
130.25		0.252902
130.375		0.252902
130.5		0.252902
130.625		0.252902
130.75		0.252902
130.875		0.252902
131		0.252902
131.125		0.253531
131.25		0.253531
131.375		0.253531
131.5		0.253531
131.625		0.253531
131.75		0.253531
131.875		0.253531
132		0.253531
132.125		0.254424
132.25		0.254424
132.375		0.254424
132.5		0.254424
132.625		0.254424
132.75		0.254424
132.875		0.254424
133		0.254424
133.125		0.256027
133.25		0.256027
133.375		0.256027
133.5		0.256027
133.625		0.256027
133.75		0.256027
133.875		0.256027
134		0.256027
134.125		0.258815
134.25		0.258815
134.375		0.258815
134.5		0.258815
134.625		0.258815
134.75		0.258815
134.875		0.258815
135		0.258815
135.125		0.262409
135.25		0.262409
135.375		0.262409
135.5		0.262409
135.625		0.262409
135.75		0.262409
135.875		0.262409
136		0.262409
136.125		0.264162
136.25		0.264162
136.375		0.264162
136.5		0.264162
136.625		0.264162
136.75		0.264162
136.875		0.264162
137		0.264162
137.125		0.264766
137.25		0.264766
137.375		0.264766
137.5		0.264766
137.625		0.264766
137.75		0.264766
137.875		0.264766
138		0.264766
138.125		0.267258
138.25		0.267258
138.375		0.267258
138.5		0.267258
138.625		0.267258
138.75		0.267258
138.875		0.267258
139		0.267258
139.125		0.270533
139.25		0.270533
139.375		0.270533
139.5		0.270533
139.625		0.270533
139.75		0.270533
139.875		0.270533
140		0.270533
140.125		0.271305
140.25		0.271305
140.375		0.271305
140.5		0.271305
140.625		0.271305
140.75		0.271305
140.875		0.271305
141		0.271305
141.125		0.274474
141.25		0.274474
141.375		0.274474
141.5		0.274474
141.625		0.274474
141.75		0.274474
141.875		0.274474
142		0.274474
142.125		0.277328
142.25		0.277328
142.375		0.277328
142.5		0.277328
142.625		0.277328
142.75		0.277328
142.875		0.277328
143		0.277328
143.125		0.277881
143.25		0.277881
143.375		0.277881
143.5		0.277881
143.625		0.277881
143.75		0.277881
143.875		0.277881
144		0.277881
144.125		0.28143
144.25		0.28143
144.375		0.28143
144.5		0.28143
144.625		0.28143
144.75		0.28143
144.875		0.28143
145		0.28143
145.125		0.281975
145.25		0.281975
145.375		0.281975
145.5		0.281975
145.625		0.281975
145.75		0.281975
145.875		0.281975
146		0.281975
146.125		0.282294
146.25		0.282294
146.375		0.282294
146.5		0.282294
146.625		0.282294
146.75		0.282294
146.875		0.282294
147		0.282294
147.125		0.288171
147.25		0.288171
147.375		0.288171
147.5		0.288171
147.625		0.288171
147.75		0.288171
147.875		0.288171
148		0.288171
148.125		0.288815
148.25		0.288815
148.375		0.288815
148.5		0.288815
148.625		0.288815
148.75		0.288815
148.875		0.288815
149		0.288815
149.125		0.291859
149.25		0.291859
149.375		0.291859
149.5		0.291859
149.625		0.291859
149.75		0.291859
149.875		0.291859
150		0.291859
150.125		0.29228
150.25		0.29228
150.375		0.29228
150.5		0.29228
150.625		0.29228
150.75		0.29228
150.875		0.29228
151		0.29228
151.125		0.293722
151.25		0.293722
151.375		0.293722
151.5		0.293722
151.625		0.293722
151.75		0.293722
151.875		0.293722
152		0.293722
152.125		0.299196
152.25		0.299196
152.375		0.299196
152.5		0.299196
152.625		0.299196
152.75		0.299196
152.875		0.299196
153		0.299196
153.125		0.299401
153.25		0.299401
153.375		0.299401
153.5		0.299401
153.625		0.299401
153.75		0.299401
153.875		0.299401
154		0.299401
154.125		0.300675
154.25		0.300675
154.375		0.300675
154.5		0.300675
154.625		0.300675
154.75		0.300675
154.875		0.300675
155		0.300675
155.125		0.303353
155.25		0.303353
155.375		0.303353
155.5		0.303353
155.625		0.303353
155.75		0.303353
155.875		0.303353
156		0.303353
156.125		0.308078
156.25		0.308078
156.375		0.308078
156.5		0.308078
156.625		0.308078
156.75		0.308078
156.875		0.308078
157		0.308078
157.125		0.308649
157.25		0.308649
157.375		0.308649
157.5		0.308649
157.625		0.308649
157.75		0.308649
157.875		0.308649
158		0.308649
158.125		0.31106
158.25		0.31106
158.375		0.31106
158.5		0.31106
158.625		0.31106
158.75		0.31106
158.875		0.31106
159		0.31106
159.125		0.313285
159.25		0.313285
159.375		0.313285
159.5		0.313285
159.625		0.313285
159.75		0.313285
159.875		0.313285
160		0.313285
160.125		0.313845
160.25		0.313845
160.375		0.313845
160.5		0.313845
160.625		0.313845
160.75		0.313845
160.875		0.313845
161		0.313845
161.125		0.318419
161.25		0.318419
161.375		0.318419
161.5		0.318419
161.625		0.318419
161.75		0.318419
161.875		0.318419
162		0.318419
162.125		0.318646
162.25		0.318646
162.375		0.318646
162.5		0.318646
162.625		0.318646
162.75		0.318646
162.875		0.318646
163		0.318646
163.125		0.321778
163.25		0.321778
163.375		0.321778
163.5		0.321778
163.625		0.321778
163.75		0.321778
163.875		0.321778
164		0.321778
164.125		0.322466
164.25		0.322466
164.375		0.322466
164.5		0.322466
164.625		0.322466
164.75		0.322466
164.875		0.322466
165		0.322466
165.125		0.323407
165.25		0.323407
165.375		0.323407
165.5		0.323407
165.625		0.323407
165.75		0.323407
165.875		0.323407
166		0.323407
166.125		0.328394
166.25		0.328394
166.375		0.328394
166.5		0.328394
166.625		0.328394
166.75		0.328394
166.875		0.328394
167		0.328394
167.125		0.331289
167.25		0.331289
167.375		0.331289
167.5		0.331289
167.625		0.331289
167.75		0.331289
167.875		0.331289
168		0.331289
168.125		0.332178
168.25		0.332178
168.375		0.332178
168.5		0.332178
168.625		0.332178
168.75		0.332178
168.875		0.332178
169		0.332178
169.125		0.332786
169.25		0.332786
169.375		0.332786
169.5		0.332786
169.625		0.332786
169.75		0.332786
169.875		0.332786
170		0.332786
170.125		0.334802
170.25		0.334802
170.375		0.334802
170.5		0.334802
170.625		0.334802
170.75		0.334802
170.875		0.334802
171		0.334802
171.125		0.338026
171.25		0.338026
171.375		0.338026
171.5		0.338026
171.625		0.338026
171.75		0.338026
171.875		0.338026
172		0.338026
172.125		0.341202
172.25		0.341202
172.375		0.341202
172.5		0.341202
172.625		0.341202
172.75		0.341202
172.875		0.341202
173		0.341202
173.125		0.34383
173.25		0.34383
173.375		0.34383
173.5		0.34383
173.625		0.34383
173.75		0.34383
173.875		0.34383
174		0.34383
174.125		0.346695
174.25		0.346695
174.375		0.346695
174.5		0.346695
174.625		0.346695
174.75		0.346695
174.875		0.346695
175		0.346695
175.125		0.348232
175.25		0.348232
175.375		0.348232
175.5		0.348232
175.625		0.348232
175.75		0.348232
175.875		0.348232
176		0.348232
176.125		0.348744
176.25		0.348744
176.375		0.348744
176.5		0.348744
176.625		0.348744
176.75		0.348744
176.875		0.348744
177		0.348744
177.125		0.349564
177.25		0.349564
177.375		0.349564
177.5		0.349564
177.625		0.349564
177.75		0.349564
177.875		0.349564
178		0.349564
178.125		0.354087
178.25		0.354087
178.375		0.354087
178.5		0.354087
178.625		0.354087
178.75		0.354087
178.875		0.354087
179		0.354087
179.125		0.356528
179.25		0.356528
179.375		0.356528
179.5		0.356528
179.625		0.356528
179.75		0.356528
179.875		0.356528
180		0.356528
180.125		0.359126
180.25		0.359126
180.375		0.359126
180.5		0.359126
180.625		0.359126
180.75		0.359126
180.875		0.359126
181		0.359126
181.125		0.360161
181.25		0.360161
181.375		0.360161
181.5		0.360161
181.625		0.360161
181.75		0.360161
181.875		0.360161
182		0.360161
182.125		0.363678
182.25		0.363678
182.375		0.363678
182.5		0.363678
182.625		0.363678
182.75		0.363678
182.875		0.363678
183		0.363678
183.125		0.366141
183.25		0.366141
183.375		0.366141
183.5		0.366141
183.625		0.366141
183.75		0.366141
183.875		0.366141
184		0.366141
184.125		0.36651
184.25		0.36651
184.375		0.36651
184.5		0.36651
184.625		0.36651
184.75		0.36651
184.875		0.36651
185		0.36651
185.125		0.369365
185.25		0.369365
185.375		0.369365
185.5		0.369365
185.625		0.369365
185.75		0.369365
185.875		0.369365
186		0.369365
186.125		0.372581
186.25		0.372581
186.375		0.372581
186.5		0.372581
186.625		0.372581
186.75		0.372581
186.875		0.372581
187		0.372581
187.125		0.374861
187.25		0.374861
187.375		0.374861
187.5		0.374861
187.625		0.374861
187.75		0.374861
187.875		0.374861
188		0.374861
188.125		0.376083
188.25		0.376083
188.375		0.376083
188.5		0.376083
188.625		0.376083
188.75		0.376083
188.875		0.376083
189		0.376083
189.125		0.377408
189.25		0.377408
189.375		0.377408
189.5		0.377408
189.625		0.377408
189.75		0.377408
189.875		0.377408
190		0.377408
190.125		0.378601
190.25		0.378601
190.375		0.378601
190.5		0.378601
190.625		0.378601
190.75		0.378601
190.875		0.378601
191		0.378601
191.125		0.382165
191.25		0.382165
191.375		0.382165
191.5		0.382165
191.625		0.382165
191.75		0.382165
191.875		0.382165
192		0.382165
192.125		0.384265
192.25		0.384265
192.375		0.384265
192.5		0.384265
192.625		0.384265
192.75		0.384265
192.875		0.384265
193		0.384265
193.125		0.386615
193.25		0.386615
193.375		0.386615
193.5		0.386615
193.625		0.386615
193.75		0.386615
193.875		0.386615
194		0.386615
194.125		0.389733
194.25		0.389733
194.375		0.389733
194.5		0.389733
194.625		0.389733
194.75		0.389733
194.875		0.389733
195		0.389733
195.125		0.391291
195.25		0.391291
195.375		0.391291
195.5		0.391291
195.625		0.391291
195.75		0.391291
195.875		0.391291
196		0.391291
196.125		0.392404
196.25		0.392404
196.375		0.392404
196.5		0.392404
196.625		0.392404
196.75		0.392404
196.875		0.392404
197		0.392404
197.125		0.395028
197.25		0.395028
197.375		0.395028
197.5		0.395028
197.625		0.395028
197.75		0.395028
197.875		0.395028
198		0.395028
198.125		0.395792
198.25		0.395792
198.375		0.395792
198.5		0.395792
198.625		0.395792
198.75		0.395792
198.875		0.395792
199		0.395792
199.125		0.398464
199.25		0.398464
199.375		0.398464
199.5		0.398464
199.625		0.398464
199.75		0.398464
199.875		0.398464
200		0.398464
200.125		0.403821
200.25		0.403821
200.375		0.403821
200.5		0.403821
200.625		0.403821
200.75		0.403821
200.875		0.403821
201		0.403821
201.125		0.404751
201.25		0.404751
201.375		0.404751
201.5		0.404751
201.625		0.404751
201.75		0.404751
201.875		0.404751
202		0.404751
202.125		0.404948
202.25		0.404948
202.375		0.404948
202.5		0.404948
202.625		0.404948
202.75		0.404948
202.875		0.404948
203		0.404948
203.125		0.408227
203.25		0.408227
203.375		0.408227
203.5		0.408227
203.625		0.408227
203.75		0.408227
203.875		0.408227
204		0.408227
204.125		0.413464
204.25		0.413464
204.375		0.413464
204.5		0.413464
204.625		0.413464
204.75		0.413464
204.875		0.413464
205		0.413464
205.125		0.414763
205.25		0.414763
205.375		0.414763
205.5		0.414763
205.625		0.414763
205.75		0.414763
205.875		0.414763
206		0.414763
206.125		0.41518
206.25		0.41518
206.375		0.41518
206.5		0.41518
206.625		0.41518
206.75		0.41518
206.875		0.41518
207		0.41518
207.125		0.416497
207.25		0.416497
207.375		0.416497
207.5		0.416497
207.625		0.416497
207.75		0.416497
207.875		0.416497
208		0.416497
208.125		0.420025
208.25		0.420025
208.375		0.420025
208.5		0.420025
208.625		0.420025
208.75		0.420025
208.875		0.420025
209		0.420025
209.125		0.423728
209.25		0.423728
209.375		0.423728
209.5		0.423728
209.625		0.423728
209.75		0.423728
209.875		0.423728
210		0.423728
210.125		0.424017
210.25		0.424017
210.375		0.424017
210.5		0.424017
210.625		0.424017
210.75		0.424017
210.875		0.424017
211		0.424017
211.125		0.426333
211.25		0.426333
211.375		0.426333
211.5		0.426333
211.625		0.426333
211.75		0.426333
211.875		0.426333
212		0.426333
212.125		0.431588
212.25		0.431588
212.375		0.431588
212.5		0.431588
212.625		0.431588
212.75		0.431588
212.875		0.431588
213		0.431588
213.125		0.432368
213.25		0.432368
213.375		0.432368
213.5		0.432368
213.625		0.432368
213.75		0.432368
213.875		0.432368
214		0.432368
214.125		0.433173
214.25		0.433173
214.375		0.433173
214.5		0.433173
214.625		0.433173
214.75		0.433173
214.875		0.433173
215		0.433173
215.125		0.437015
215.25		0.437015
215.375		0.437015
215.5		0.437015
215.625		0.437015
215.75		0.437015
215.875		0.437015
216		0.437015
216.125		0.437319
216.25		0.437319
216.375		0.437319
216.5		0.437319
216.625		0.437319
216.75		0.437319
216.875		0.437319
217		0.437319
217.125		0.44205
217.25		0.44205
217.375		0.44205
217.5		0.44205
217.625		0.44205
217.75		0.44205
217.875		0.44205
218		0.44205
218.125		0.444561
218.25		0.444561
218.375		0.444561
218.5		0.444561
218.625		0.444561
218.75		0.444561
218.875		0.444561
219		0.444561
219.125		0.44515
219.25		0.44515
219.375		0.44515
219.5		0.44515
219.625		0.44515
219.75		0.44515
219.875		0.44515
220		0.44515
220.125		0.445556
220.25		0.445556
220.375		0.445556
220.5		0.445556
220.625		0.445556
220.75		0.445556
220.875		0.445556
221		0.445556
221.125		0.447386
221.25		0.447386
221.375		0.447386
221.5		0.447386
221.625		0.447386
221.75		0.447386
221.875		0.447386
222		0.447386
222.125		0.450826
222.25		0.450826
222.375		0.450826
222.5		0.450826
222.625		0.450826
222.75		0.450826
222.875		0.450826
223		0.450826
223.125		0.455092
223.25		0.455092
223.375		0.455092
223.5		0.455092
223.625		0.455092
223.75		0.455092
223.875		0.455092
224		0.455092
224.125		0.456047
224.25		0.456047
224.375		0.456047
224.5		0.456047
224.625		0.456047
224.75		0.456047
224.875		0.456047
225		0.456047
225.125		0.45742
225.25		0.45742
225.375		0.45742
225.5		0.45742
225.625		0.45742
225.75		0.45742
225.875		0.45742
226		0.45742
226.125		0.462803
226.25		0.462803
226.375		0.462803
226.5		0.462803
226.625		0.462803
226.75		0.462803
226.875		0.462803
227		0.462803
227.125		0.464116
227.25		0.464116
227.375		0.464116
227.5		0.464116
227.625		0.464116
227.75		0.464116
227.875		0.464116
228		0.464116
228.125		0.464768
228.25		0.464768
228.375		0.464768
228.5		0.464768
228.625		0.464768
228.75		0.464768
228.875		0.464768
229		0.464768
229.125		0.466001
229.25		0.466001
229.375		0.466001
229.5		0.466001
229.625		0.466001
229.75		0.466001
229.875		0.466001
230		0.466001
230.125		0.472061
230.25		0.472061
230.375		0.472061
230.5		0.472061
230.625		0.472061
230.75		0.472061
230.875		0.472061
231		0.472061
231.125		0.472577
231.25		0.472577
231.375		0.472577
231.5		0.472577
231.625		0.472577
231.75		0.472577
231.875		0.472577
232		0.472577
232.125		0.474004
232.25		0.474004
232.375		0.474004
232.5		0.474004
232.625		0.474004
232.75		0.474004
232.875		0.474004
233		0.474004
233.125		0.477586
233.25		0.477586
233.375		0.477586
233.5		0.477586
233.625		0.477586
233.75		0.477586
233.875		0.477586
234		0.477586
234.125		0.480565
234.25		0.480565
234.375		0.480565
234.5		0.480565
234.625		0.480565
234.75		0.480565
234.875		0.480565
235		0.480565
235.125		0.481535
235.25		0.481535
235.375		0.481535
235.5		0.481535
235.625		0.481535
235.75		0.481535
235.875		0.481535
236		0.481535
236.125		0.483961
236.25		0.483961
236.375		0.483961
236.5		0.483961
236.625		0.483961
236.75		0.483961
236.875		0.483961
237		0.483961
237.125		0.485352
237.25		0.485352
237.375		0.485352
237.5		0.485352
237.625		0.485352
237.75		0.485352
237.875		0.485352
238		0.485352
238.125		0.487284
238.25		0.487284
238.375		0.487284
238.5		0.487284
238.625		0.487284
238.75		0.487284
238.875		0.487284
239		0.487284
239.125		0.492249
239.25		0.492249
239.375		0.492249
239.5		0.492249
239.625		0.492249
239.75		0.492249
239.875		0.492249
240		0.492249
240.125		0.492469
240.25		0.492469
240.375		0.492469
240.5		0.492469
240.625		0.492469
240.75		0.492469
240.875		0.492469
241		0.492469
241.125		0.492802
241.25		0.492802
241.375		0.492802
241.5		0.492802
241.625		0.492802
241.75		0.492802
241.875		0.492802
242		0.492802
242.125		0.49678
242.25		0.49678
242.375		0.49678
242.5		0.49678
242.625		0.49678
242.75		0.49678
242.875		0.49678
243		0.49678
243.125		0.497427
243.25		0.497427
243.375		0.497427
243.5		0.497427
243.625		0.497427
243.75		0.497427
243.875		0.497427
244		0.497427
244.125		0.500717
244.25		0.500717
244.375		0.500717
244.5		0.500717
244.625		0.500717
244.75		0.500717
244.875		0.500717
245		0.500717
245.125		0.501958
245.25		0.501958
245.375		0.501958
245.5		0.501958
245.625		0.501958
245.75		0.501958
245.875		0.501958
246		0.501958
246.125		0.50524
246.25		0.50524
246.375		0.50524
246.5		0.50524
246.625		0.50524
246.75		0.50524
246.875		0.50524
247		0.50524
247.125		0.506503
247.25		0.506503
247.375		0.506503
247.5		0.506503
247.625		0.506503
247.75		0.506503
247.875		0.506503
248		0.506503
248.125		0.509774
248.25		0.509774
248.375		0.509774
248.5		0.509774
248.625		0.509774
248.75		0.509774
248.875		0.509774
249		0.509774
249.125		0.51048
249.25		0.51048
249.375		0.51048
249.5		0.51048
249.625		0.51048
249.75		0.51048
249.875		0.51048
250		0.51048
250.125		0.512672
250.25		0.512672
250.375		0.512672
250.5		0.512672
250.625		0.512672
250.75		0.512672
250.875		0.512672
251		0.512672
251.125		0.5162
251.25		0.5162
251.375		0.5162
251.5		0.5162
251.625		0.5162
251.75		0.5162
251.875		0.5162
252		0.5162
252.125		0.519175
252.25		0.519175
252.375		0.519175
252.5		0.519175
252.625		0.519175
252.75		0.519175
252.875		0.519175
253		0.519175
253.125		0.519453
253.25		0.519453
253.375		0.519453
253.5		0.519453
253.625		0.519453
253.75		0.519453
253.875		0.519453
254		0.519453
254.125		0.520368
254.25		0.520368
254.375		0.520368
254.5		0.520368
254.625		0.520368
254.75		0.520368
254.875		0.520368
255		0.520368
255.125		0.521506
255.25		0.521506
255.375		0.521506
255.5		0.521506
255.625		0.521506
255.75		0.521506
255.875		0.521506
256		0.521506
256.125		0.527335
256.25		0.527335
256.375		0.527335
256.5		0.527335
256.625		0.527335
256.75		0.527335
256.875		0.527335
257		0.527335
257.125		0.528788
257.25		0.528788
257.375		0.528788
257.5		0.528788
257.625		0.528788
257.75		0.528788
257.875		0.528788
258		0.528788
258.125		0.530065
258.25		0.530065
258.375		0.530065
258.5		0.530065
258.625		0.530065
258.75		0.530065
258.875		0.530065
259		0.530065
259.125		0.532532
259.25		0.532532
259.375		0.532532
259.5		0.532532
259.625		0.532532
259.75		0.532532
259.875		0.532532
260		0.532532
260.125		0.533758
260.25		0.533758
260.375		0.533758
260.5		0.533758
260.625		0.533758
260.75		0.533758
260.875		0.533758
261		0.533758
261.125		0.537344
261.25		0.537344
261.375		0.537344
261.5		0.537344
261.625		0.537344
261.75		0.537344
261.875		0.537344
262		0.537344
262.125		0.538507
262.25		0.538507
262.375		0.538507
262.5		0.538507
262.625		0.538507
262.75		0.538507
262.875		0.538507
263		0.538507
263.125		0.539949
263.25		0.539949
263.375		0.539949
263.5		0.539949
263.625		0.539949
263.75		0.539949
263.875		0.539949
264		0.539949
264.125		0.542112
264.25		0.542112
264.375		0.542112
264.5		0.542112
264.625		0.542112
264.75		0.542112
264.875		0.542112
265		0.542112
265.125		0.545746
265.25		0.545746
265.375		0.545746
265.5		0.545746
265.625		0.545746
265.75		0.545746
265.875		0.545746
266		0.545746
266.125		0.546141
266.25		0.546141
266.375		0.546141
266.5		0.546141
266.625		0.546141
266.75		0.546141
266.875		0.546141
267		0.546141
267.125		0.54991
267.25		0.54991
267.375		0.54991
267.5		0.54991
267.625		0.54991
267.75		0.54991
267.875		0.54991
268		0.54991
268.125		0.551011
268.25		0.551011
268.375		0.551011
268.5		0.551011
268.625		0.551011
268.75		0.551011
268.875		0.551011
269		0.551011
269.125		0.554063
269.25		0.554063
269.375		0.554063
269.5		0.554063
269.625		0.554063
269.75		0.554063
269.875		0.554063
270		0.554063
270.125		0.558231
270.25		0.558231
270.375		0.558231
270.5		0.558231
270.625		0.558231
270.75		0.558231
270.875		0.558231
271		0.558231
271.125		0.558553
271.25		0.558553
271.375		0.558553
271.5		0.558553
271.625		0.558553
271.75		0.558553
271.875		0.558553
272		0.558553
272.125		0.56158
272.25		0.56158
272.375		0.56158
272.5		0.56158
272.625		0.56158
272.75		0.56158
272.875		0.56158
273		0.56158
273.125		0.56282
273.25		0.56282
273.375		0.56282
273.5		0.56282
273.625		0.56282
273.75		0.56282
273.875		0.56282
274		0.56282
274.125		0.567296
274.25		0.567296
274.375		0.567296
274.5		0.567296
274.625		0.567296
274.75		0.567296
274.875		0.567296
275		0.567296
275.125		0.568551
275.25		0.568551
275.375		0.568551
275.5		0.568551
275.625		0.568551
275.75		0.568551
275.875		0.568551
276		0.568551
276.125		0.56929
276.25		0.56929
276.375		0.56929
276.5		0.56929
276.625		0.56929
276.75		0.56929
276.875		0.56929
277		0.56929
277.125		0.57232
277.25		0.57232
277.375		0.57232
277.5		0.57232
277.625		0.57232
277.75		0.57232
277.875		0.57232
278		0.57232
278.125		0.576111
278.25		0.576111
278.375		0.576111
278.5		0.576111
278.625		0.576111
278.75		0.576111
278.875		0.576111
279		0.576111
279.125		0.577827
279.25		0.577827
279.375		0.577827
279.5		0.577827
279.625		0.577827
279.75		0.577827
279.875		0.577827
280		0.577827
280.125		0.578738
280.25		0.578738
280.375		0.578738
280.5		0.578738
280.625		0.578738
280.75		0.578738
280.875		0.578738
281		0.578738
281.125		0.584085
281.25		0.584085
281.375		0.584085
281.5		0.584085
281.625		0.584085
281.75		0.584085
281.875		0.584085
282		0.584085
282.125		0.587653
282.25		0.587653
282.375		0.587653
282.5		0.587653
282.625		0.587653
282.75		0.587653
282.875		0.587653
283		0.587653
283.125		0.587821
283.25		0.587821
283.375		0.587821
283.5		0.587821
283.625		0.587821
283.75		0.587821
283.875		0.587821
284		0.587821
284.125		0.590792
284.25		0.590792
284.375		0.590792
284.5		0.590792
284.625		0.590792
284.75		0.590792
284.875		0.590792
285		0.590792
285.125		0.596314
285.25		0.596314
285.375		0.596314
285.5		0.596314
285.625		0.596314
285.75		0.596314
285.875		0.596314
286		0.596314
286.125		0.597083
286.25		0.597083
286.375		0.597083
286.5		0.597083
286.625		0.597083
286.75		0.597083
286.875		0.597083
287		0.597083
287.125		0.598038
287.25		0.598038
287.375		0.598038
287.5		0.598038
287.625		0.598038
287.75		0.598038
287.875		0.598038
288		0.598038
288.125		0.599439
288.25		0.599439
288.375		0.599439
288.5		0.599439
288.625		0.599439
288.75		0.599439
288.875		0.599439
289		0.599439
289.125		0.60199
289.25		0.60199
289.375		0.60199
289.5		0.60199
289.625		0.60199
289.75		0.60199
289.875		0.60199
290		0.60199
290.125		0.605313
290.25		0.605313
290.375		0.605313
290.5		0.605313
290.625		0.605313
290.75		0.605313
290.875		0.605313
291		0.605313
291.125		0.60757
291.25		0.60757
291.375		0.60757
291.5		0.60757
291.625		0.60757
291.75		0.60757
291.875		0.60757
292		0.60757
292.125		0.608767
292.25		0.608767
292.375		0.608767
292.5		0.608767
292.625		0.608767
292.75		0.608767
292.875		0.608767
293		0.608767
293.125		0.610655
293.25		0.610655
293.375		0.610655
293.5		0.610655
293.625		0.610655
293.75		0.610655
293.875		0.610655
294		0.610655
294.125		0.615844
294.25		0.615844
294.375		0.615844
294.5		0.615844
294.625		0.615844
294.75		0.615844
294.875		0.615844
295		0.615844
295.125		0.61797
295.25		0.61797
295.375		0.61797
295.5		0.61797
295.625		0.61797
295.75		0.61797
295.875		0.61797
296		0.61797
296.125		0.618735
296.25		0.618735
296.375		0.618735
296.5		0.618735
296.625		0.618735
296.75		0.618735
296.875		0.618735
297		0.618735
297.125		0.620085
297.25		0.620085
297.375		0.620085
297.5		0.620085
297.625		0.620085
297.75		0.620085
297.875		0.620085
298		0.620085
298.125		0.623774
298.25		0.623774
298.375		0.623774
298.5		0.623774
298.625		0.623774
298.75		0.623774
298.875		0.623774
299		0.623774
299.125		0.624345
299.25		0.624345
299.375		0.624345
299.5		0.624345
299.625		0.624345
299.75		0.624345
299.875		0.624345
300		0.624345
300.125		0.625315
300.25		0.625315
300.375		0.625315
300.5		0.625315
300.625		0.625315
300.75		0.625315
300.875		0.625315
301		0.625315
301.125		0.631177
301.25		0.631177
301.375		0.631177
301.5		0.631177
301.625		0.631177
301.75		0.631177
301.875		0.631177
302		0.631177
302.125		0.633647
302.25		0.633647
302.375		0.633647
302.5		0.633647
302.625		0.633647
302.75		0.633647
302.875		0.633647
303		0.633647
303.125		0.634364
303.25		0.634364
303.375		0.634364
303.5		0.634364
303.625		0.634364
303.75		0.634364
303.875		0.634364
304		0.634364
304.125		0.638232
304.25		0.638232
304.375		0.638232
304.5		0.638232
304.625		0.638232
304.75		0.638232
304.875		0.638232
305		0.638232
305.125		0.645269
305.25		0.645269
305.375		0.645269
305.5		0.645269
305.625		0.645269
305.75		0.645269
305.875		0.645269
306		0.645269
306.125		0.646802
306.25		0.646802
306.375		0.646802
306.5		0.646802
306.625		0.646802
306.75		0.646802
306.875		0.646802
307		0.646802
307.125		0.647816
307.25		0.647816
307.375		0.647816
307.5		0.647816
307.625		0.647816
307.75		0.647816
307.875		0.647816
308		0.647816
308.125		0.650583
308.25		0.650583
308.375		0.650583
308.5		0.650583
308.625		0.650583
308.75		0.650583
308.875		0.650583
309		0.650583
309.125		0.654626
309.25		0.654626
309.375		0.654626
309.5		0.654626
309.625		0.654626
309.75		0.654626
309.875		0.654626
310		0.654626
310.125		0.658717
310.25		0.658717
310.375		0.658717
310.5		0.658717
310.625		0.658717
310.75		0.658717
310.875		0.658717
311		0.658717
311.125		0.659793
311.25		0.659793
311.375		0.659793
311.5		0.659793
311.625		0.659793
311.75		0.659793
311.875		0.659793
312		0.659793
312.125		0.661173
312.25		0.661173
312.375		0.661173
312.5		0.661173
312.625		0.661173
312.75		0.661173
312.875		0.661173
313		0.661173
313.125		0.661681
313.25		0.661681
313.375		0.661681
313.5		0.661681
313.625		0.661681
313.75		0.661681
313.875		0.661681
314		0.661681
314.125		0.665824
314.25		0.665824
314.375		0.665824
314.5		0.665824
314.625		0.665824
314.75		0.665824
314.875		0.665824
315		0.665824
315.125		0.666922
315.25		0.666922
315.375		0.666922
315.5		0.666922
315.625		0.666922
315.75		0.666922
315.875		0.666922
316		0.666922
316.125		0.672228
316.25		0.672228
316.375		0.672228
316.5		0.672228
316.625		0.672228
316.75		0.672228
316.875		0.672228
317		0.672228
317.125		0.672831
317.25		0.672831
317.375		0.672831
317.5		0.672831
317.625		0.672831
317.75		0.672831
317.875		0.672831
318		0.672831
318.125		0.676915
318.25		0.676915
318.375		0.676915
318.5		0.676915
318.625		0.676915
318.75		0.676915
318.875		0.676915
319		0.676915
319.125		0.677519
319.25		0.677519
319.375		0.677519
319.5		0.677519
319.625		0.677519
319.75		0.677519
319.875		0.677519
320		0.677519
320.125		0.678017
320.25		0.678017
320.375		0.678017
320.5		0.678017
320.625		0.678017
320.75		0.678017
320.875		0.678017
321		0.678017
321.125		0.683835
321.25		0.683835
321.375		0.683835
321.5		0.683835
321.625		0.683835
321.75		0.683835
321.875		0.683835
322		0.683835
322.125		0.686565
322.25		0.686565
322.375		0.686565
322.5		0.686565
322.625		0.686565
322.75		0.686565
322.875		0.686565
323		0.686565
323.125		0.687484
323.25		0.687484
323.375		0.687484
323.5		0.687484
323.625		0.687484
323.75		0.687484
323.875		0.687484
324		0.687484
324.125		0.688113
324.25		0.688113
324.375		0.688113
324.5		0.688113
324.625		0.688113
324.75		0.688113
324.875		0.688113
325		0.688113
325.125		0.689818
325.25		0.689818
325.375		0.689818
325.5		0.689818
325.625		0.689818
325.75		0.689818
325.875		0.689818
326		0.689818
326.125		0.694645
326.25		0.694645
326.375		0.694645
326.5		0.694645
326.625		0.694645
326.75		0.694645
326.875		0.694645
327		0.694645
327.125		0.695179
327.25		0.695179
327.375		0.695179
327.5		0.695179
327.625		0.695179
327.75		0.695179
327.875		0.695179
328		0.695179
328.125		0.697807
328.25		0.697807
328.375		0.697807
328.5		0.697807
328.625		0.697807
328.75		0.697807
328.875		0.697807
329		0.697807
329.125		0.699369
329.25		0.699369
329.375		0.699369
329.5		0.699369
329.625		0.699369
329.75		0.699369
329.875		0.699369
330		0.699369
330.125		0.702304
330.25		0.702304
330.375		0.702304
330.5		0.702304
330.625		0.702304
330.75		0.702304
330.875		0.702304
331		0.702304
331.125		0.704309
331.25		0.704309
331.375		0.704309
331.5		0.704309
331.625		0.704309
331.75		0.704309
331.875		0.704309
332		0.704309
332.125		0.706717
332.25		0.706717
332.375		0.706717
332.5		0.706717
332.625		0.706717
332.75		0.706717
332.875		0.706717
333		0.706717
333.125		0.707379
333.25		0.707379
333.375		0.707379
333.5		0.707379
333.625		0.707379
333.75		0.707379
333.875		0.707379
334		0.707379
334.125		0.712543
334.25		0.712543
334.375		0.712543
334.5		0.712543
334.625		0.712543
334.75		0.712543
334.875		0.712543
335		0.712543
335.125		0.713399
335.25		0.713399
335.375		0.713399
335.5		0.713399
335.625		0.713399
335.75		0.713399
335.875		0.713399
336		0.713399
336.125		0.714775
336.25		0.714775
336.375		0.714775
336.5		0.714775
336.625		0.714775
336.75		0.714775
336.875		0.714775
337		0.714775
337.125		0.716381
337.25		0.716381
337.375		0.716381
337.5		0.716381
337.625		0.716381
337.75		0.716381
337.875		0.716381
338		0.716381
338.125		0.720846
338.25		0.720846
338.375		0.720846
338.5		0.720846
338.625		0.720846
338.75		0.720846
338.875		0.720846
339		0.720846
339.125		0.723027
339.25		0.723027
339.375		0.723027
339.5		0.723027
339.625		0.723027
339.75		0.723027
339.875		0.723027
340		0.723027
340.125		0.723547
340.25		0.723547
340.375		0.723547
340.5		0.723547
340.625		0.723547
340.75		0.723547
340.875		0.723547
341		0.723547
341.125		0.725076
341.25		0.725076
341.375		0.725076
341.5		0.725076
341.625		0.725076
341.75		0.725076
341.875		0.725076
342		0.725076
342.125		0.727114
342.25		0.727114
342.375		0.727114
342.5		0.727114
342.625		0.727114
342.75		0.727114
342.875		0.727114
343		0.727114
343.125		0.73069
343.25		0.73069
343.375		0.73069
343.5		0.73069
343.625		0.73069
343.75		0.73069
343.875		0.73069
344		0.73069
344.125		0.73556
344.25		0.73556
344.375		0.73556
344.5		0.73556
344.625		0.73556
344.75		0.73556
344.875		0.73556
345		0.73556
345.125		0.736402
345.25		0.736402
345.375		0.736402
345.5		0.736402
345.625		0.736402
345.75		0.736402
345.875		0.736402
346		0.736402
346.125		0.736914
346.25		0.736914
346.375		0.736914
346.5		0.736914
346.625		0.736914
346.75		0.736914
346.875		0.736914
347		0.736914
347.125		0.74218
347.25		0.74218
347.375		0.74218
347.5		0.74218
347.625		0.74218
347.75		0.74218
347.875		0.74218
348		0.74218
348.125		0.74386
348.25		0.74386
348.375		0.74386
348.5		0.74386
348.625		0.74386
348.75		0.74386
348.875		0.74386
349		0.74386
349.125		0.7451
349.25		0.7451
349.375		0.7451
349.5		0.7451
349.625		0.7451
349.75		0.7451
349.875		0.7451
350		0.7451
350.125		0.748339
350.25		0.748339
350.375		0.748339
350.5		0.748339
350.625		0.748339
350.75		0.748339
350.875		0.748339
351		0.748339
351.125		0.748789
351.25		0.748789
351.375		0.748789
351.5		0.748789
351.625		0.748789
351.75		0.748789
351.875		0.748789
352		0.748789
352.125		0.752993
352.25		0.752993
352.375		0.752993
352.5		0.752993
352.625		0.752993
352.75		0.752993
352.875		0.752993
353		0.752993
353.125		0.755295
353.25		0.755295
353.375		0.755295
353.5		0.755295
353.625		0.755295
353.75		0.755295
353.875		0.755295
354		0.755295
354.125		0.755822
354.25		0.755822
354.375		0.755822
354.5		0.755822
354.625		0.755822
354.75		0.755822
354.875		0.755822
355		0.755822
355.125		0.75651
355.25		0.75651
355.375		0.75651
355.5		0.75651
355.625		0.75651
355.75		0.75651
355.875		0.75651
356		0.75651
356.125		0.758515
356.25		0.758515
356.375		0.758515
356.5		0.758515
356.625		0.758515
356.75		0.758515
356.875		0.758515
357		0.758515
357.125		0.760572
357.25		0.760572
357.375		0.760572
357.5		0.760572
357.625		0.760572
357.75		0.760572
357.875		0.760572
358		0.760572
358.125		0.763192
358.25		0.763192
358.375		0.763192
358.5		0.763192
358.625		0.763192
358.75		0.763192
358.875		0.763192
359		0.763192
359.125		0.763675
359.25		0.763675
359.375		0.763675
359.5		0.763675
359.625		0.763675
359.75		0.763675
359.875		0.763675
360		0.763675
360.125		0.766324
360.25		0.766324
360.375		0.766324
360.5		0.766324
360.625		0.766324
360.75		0.766324
360.875		0.766324
361		0.766324
361.125		0.768571
361.25		0.768571
361.375		0.768571
361.5		0.768571
361.625		0.768571
361.75		0.768571
361.875		0.768571
362		0.768571
362.125		0.771111
362.25		0.771111
362.375		0.771111
362.5		0.771111
362.625		0.771111
362.75		0.771111
362.875		0.771111
363		0.771111
363.125		0.773508
363.25		0.773508
363.375		0.773508
363.5		0.773508
363.625		0.773508
363.75		0.773508
363.875		0.773508
364		0.773508
364.125		0.775777
364.25		0.775777
364.375		0.775777
364.5		0.775777
364.625		0.775777
364.75		0.775777
364.875		0.775777
365		0.775777
365.125		0.776128
365.25		0.776128
365.375		0.776128
365.5		0.776128
365.625		0.776128
365.75		0.776128
365.875		0.776128
366		0.776128
366.125		0.780402
366.25		0.780402
366.375		0.780402
366.5		0.780402
366.625		0.780402
366.75		0.780402
366.875		0.780402
367		0.780402
367.125		0.782938
367.25		0.782938
367.375		0.782938
367.5		0.782938
367.625		0.782938
367.75		0.782938
367.875		0.782938
368		0.782938
368.125		0.78378
368.25		0.78378
368.375		0.78378
368.5		0.78378
368.625		0.78378
368.75		0.78378
368.875		0.78378
369		0.78378
369.125		0.784764
369.25		0.784764
369.375		0.784764
369.5		0.784764
369.625		0.784764
369.75		0.784764
369.875		0.784764
370		0.784764
370.125		0.786473
370.25		0.786473
370.375		0.786473
370.5		0.786473
370.625		0.786473
370.75		0.786473
370.875		0.786473
371		0.786473
371.125		0.79015
371.25		0.79015
371.375		0.79015
371.5		0.79015
371.625		0.79015
371.75		0.79015
371.875		0.79015
372		0.79015
372.125		0.793265
372.25		0.793265
372.375		0.793265
372.5		0.793265
372.625		0.793265
372.75		0.793265
372.875		0.793265
373		0.793265
373.125		0.794937
373.25		0.794937
373.375		0.794937
373.5		0.794937
373.625		0.794937
373.75		0.794937
373.875		0.794937
374		0.794937
374.125		0.797678
374.25		0.797678
374.375		0.797678
374.5		0.797678
374.625		0.797678
374.75		0.797678
374.875		0.797678
375		0.797678
375.125		0.80219
375.25		0.80219
375.375		0.80219
375.5		0.80219
375.625		0.80219
375.75		0.80219
375.875		0.80219
376		0.80219
376.125		0.803983
376.25		0.803983
376.375		0.803983
376.5		0.803983
376.625		0.803983
376.75		0.803983
376.875		0.803983
377		0.803983
377.125		0.806731
377.25		0.806731
377.375		0.806731
377.5		0.806731
377.625		0.806731
377.75		0.806731
377.875		0.806731
378		0.806731
378.125		0.811133
378.25		0.811133
378.375		0.811133
378.5		0.811133
378.625		0.811133
378.75		0.811133
378.875		0.811133
379		0.811133
379.125		0.813146
379.25		0.813146
379.375		0.813146
379.5		0.813146
379.625		0.813146
379.75		0.813146
379.875		0.813146
380		0.813146
380.125		0.815268
380.25		0.815268
380.375		0.815268
380.5		0.815268
380.625		0.815268
380.75		0.815268
380.875		0.815268
381		0.815268
381.125		0.817387
381.25		0.817387
381.375		0.817387
381.5		0.817387
381.625		0.817387
381.75		0.817387
381.875		0.817387
382		0.817387
382.125		0.817665
382.25		0.817665
382.375		0.817665
382.5		0.817665
382.625		0.817665
382.75		0.817665
382.875		0.817665
383		0.817665
383.125		0.821314
383.25		0.821314
383.375		0.821314
383.5		0.821314
383.625		0.821314
383.75		0.821314
383.875		0.821314
384		0.821314
384.125		0.821628
384.25		0.821628
384.375		0.821628
384.5		0.821628
384.625		0.821628
384.75		0.821628
384.875		0.821628
385		0.821628
385.125		0.82213
385.25		0.82213
385.375		0.82213
385.5		0.82213
385.625		0.82213
385.75		0.82213
385.875		0.82213
386		0.82213
386.125		0.825983
386.25		0.825983
386.375		0.825983
386.5		0.825983
386.625		0.825983
386.75		0.825983
386.875		0.825983
387		0.825983
387.125		0.828738
387.25		0.828738
387.375		0.828738
387.5		0.828738
387.625		0.828738
387.75		0.828738
387.875		0.828738
388		0.828738
388.125		0.833609
388.25		0.833609
388.375		0.833609
388.5		0.833609
388.625		0.833609
388.75		0.833609
388.875		0.833609
389		0.833609
389.125		0.834392
389.25		0.834392
389.375		0.834392
389.5		0.834392
389.625		0.834392
389.75		0.834392
389.875		0.834392
390		0.834392
390.125		0.834736
390.25		0.834736
390.375		0.834736
390.5		0.834736
390.625		0.834736
390.75		0.834736
390.875		0.834736
391		0.834736
391.125		0.838125
391.25		0.838125
391.375		0.838125
391.5		0.838125
391.625		0.838125
391.75		0.838125
391.875		0.838125
392		0.838125
392.125		0.841762
392.25		0.841762
392.375		0.841762
392.5		0.841762
392.625		0.841762
392.75		0.841762
392.875		0.841762
393		0.841762
393.125		0.843961
393.25		0.843961
393.375		0.843961
393.5		0.843961
393.625		0.843961
393.75		0.843961
393.875		0.843961
394		0.843961
394.125		0.846896
394.25		0.846896
394.375		0.846896
394.5		0.846896
394.625		0.846896
394.75		0.846896
394.875		0.846896
395		0.846896
395.125		0.847873
395.25		0.847873
395.375		0.847873
395.5		0.847873
395.625		0.847873
395.75		0.847873
395.875		0.847873
396		0.847873
396.125		0.850768
396.25		0.850768
396.375		0.850768
396.5		0.850768
396.625		0.850768
396.75		0.850768
396.875		0.850768
397		0.850768
397.125		0.851408
397.25		0.851408
397.375		0.851408
397.5		0.851408
397.625		0.851408
397.75		0.851408
397.875		0.851408
398		0.851408
398.125		0.853929
398.25		0.853929
398.375		0.853929
398.5		0.853929
398.625		0.853929
398.75		0.853929
398.875		0.853929
399		0.853929
399.125		0.854621
399.25		0.854621
399.375		0.854621
399.5		0.854621
399.625		0.854621
399.75		0.854621
399.875		0.854621
400		0.854621
400.125		0.859715
400.25		0.859715
400.375		0.859715
400.5		0.859715
400.625		0.859715
400.75		0.859715
400.875		0.859715
401		0.859715
401.125		0.863027
401.25		0.863027
401.375		0.863027
401.5		0.863027
401.625		0.863027
401.75		0.863027
401.875		0.863027
402		0.863027
402.125		0.863436
402.25		0.863436
402.375		0.863436
402.5		0.863436
402.625		0.863436
402.75		0.863436
402.875		0.863436
403		0.863436
403.125		0.86755
403.25		0.86755
403.375		0.86755
403.5		0.86755
403.625		0.86755
403.75		0.86755
403.875		0.86755
404		0.86755
404.125		0.868662
404.25		0.868662
404.375		0.868662
404.5		0.868662
404.625		0.868662
404.75		0.868662
404.875		0.868662
405		0.868662
405.125		0.872373
405.25		0.872373
405.375		0.872373
405.5		0.872373
405.625		0.872373
405.75		0.872373
405.875		0.872373
406		0.872373
406.125		0.873712
406.25		0.873712
406.375		0.873712
406.5		0.873712
406.625		0.873712
406.75		0.873712
406.875		0.873712
407		0.873712
407.125		0.874627
407.25		0.874627
407.375		0.874627
407.5		0.874627
407.625		0.874627
407.75		0.874627
407.875		0.874627
408		0.874627
408.125		0.874919
408.25		0.874919
408.375		0.874919
408.5		0.874919
408.625		0.874919
408.75		0.874919
408.875		0.874919
409		0.874919
409.125		0.87904
409.25		0.87904
409.375		0.87904
409.5		0.87904
409.625		0.87904
409.75		0.87904
409.875		0.87904
410		0.87904
410.125		0.883299
410.25		0.883299
410.375		0.883299
410.5		0.883299
410.625		0.883299
410.75		0.883299
410.875		0.883299
411		0.883299
411.125		0.885228
411.25		0.885228
411.375		0.885228
411.5		0.885228
411.625		0.885228
411.75		0.885228
411.875		0.885228
412		0.885228
412.125		0.886666
412.25		0.886666
412.375		0.886666
412.5		0.886666
412.625		0.886666
412.75		0.886666
412.875		0.886666
413		0.886666
413.125		0.8872
413.25		0.8872
413.375		0.8872
413.5		0.8872
413.625		0.8872
413.75		0.8872
413.875		0.8872
414		0.8872
414.125		0.892349
414.25		0.892349
414.375		0.892349
414.5		0.892349
414.625		0.892349
414.75		0.892349
414.875		0.892349
415		0.892349
415.125		0.893253
415.25		0.893253
415.375		0.893253
415.5		0.893253
415.625		0.893253
415.75		0.893253
415.875		0.893253
416		0.893253
416.125		0.895599
416.25		0.895599
416.375		0.895599
416.5		0.895599
416.625		0.895599
416.75		0.895599
416.875		0.895599
417		0.895599
417.125		0.897937
417.25		0.897937
417.375		0.897937
417.5		0.897937
417.625		0.897937
417.75		0.897937
417.875		0.897937
418		0.897937
418.125		0.899902
418.25		0.899902
418.375		0.899902
418.5		0.899902
418.625		0.899902
418.75		0.899902
418.875		0.899902
419		0.899902
419.125		0.901904
419.25		0.901904
419.375		0.901904
419.5		0.901904
419.625		0.901904
419.75		0.901904
419.875		0.901904
420		0.901904
420.125		0.902837
420.25		0.902837
420.375		0.902837
420.5		0.902837
420.625		0.902837
420.75		0.902837
420.875		0.902837
421		0.902837
421.125		0.904846
421.25		0.904846
421.375		0.904846
421.5		0.904846
421.625		0.904846
421.75		0.904846
421.875		0.904846
422		0.904846
422.125		0.910291
422.25		0.910291
422.375		0.910291
422.5		0.910291
422.625		0.910291
422.75		0.910291
422.875		0.910291
423		0.910291
423.125		0.910635
423.25		0.910635
423.375		0.910635
423.5		0.910635
423.625		0.910635
423.75		0.910635
423.875		0.910635
424		0.910635
424.125		0.910942
424.25		0.910942
424.375		0.910942
424.5		0.910942
424.625		0.910942
424.75		0.910942
424.875		0.910942
425		0.910942
425.125		0.911169
425.25		0.911169
425.375		0.911169
425.5		0.911169
425.625		0.911169
425.75		0.911169
425.875		0.911169
426		0.911169
426.125		0.916351
426.25		0.916351
426.375		0.916351
426.5		0.916351
426.625		0.916351
426.75		0.916351
426.875		0.916351
427		0.916351
427.125		0.92117
427.25		0.92117
427.375		0.92117
427.5		0.92117
427.625		0.92117
427.75		0.92117
427.875		0.92117
428		0.92117
428.125		0.921664
428.25		0.921664
428.375		0.921664
428.5		0.921664
428.625		0.921664
428.75		0.921664
428.875		0.921664
429		0.921664
429.125		0.922703
429.25		0.922703
429.375		0.922703
429.5		0.922703
429.625		0.922703
429.75		0.922703
429.875		0.922703
430		0.922703
430.125		0.926714
430.25		0.926714
430.375		0.926714
430.5		0.926714
430.625		0.926714
430.75		0.926714
430.875		0.926714
431		0.926714
431.125		0.927592
431.25		0.927592
431.375		0.927592
431.5		0.927592
431.625		0.927592
431.75		0.927592
431.875		0.927592
432		0.927592
432.125		0.930077
432.25		0.930077
432.375		0.930077
432.5		0.930077
432.625		0.930077
432.75		0.930077
432.875		0.930077
433		0.930077
433.125		0.931424
433.25		0.931424
433.375		0.931424
433.5		0.931424
433.625		0.931424
433.75		0.931424
433.875		0.931424
434		0.931424
434.125		0.932858
434.25		0.932858
434.375		0.932858
434.5		0.932858
434.625		0.932858
434.75		0.932858
434.875		0.932858
435		0.932858
435.125		0.936104
435.25		0.936104
435.375		0.936104
435.5		0.936104
435.625		0.936104
435.75		0.936104
435.875		0.936104
436		0.936104
436.125		0.939844
436.25		0.939844
436.375		0.939844
436.5		0.939844
436.625		0.939844
436.75		0.939844
436.875		0.939844
437		0.939844
437.125		0.940967
437.25		0.940967
437.375		0.940967
437.5		0.940967
437.625		0.940967
437.75		0.940967
437.875		0.940967
438		0.940967
438.125		0.941695
438.25		0.941695
438.375		0.941695
438.5		0.941695
438.625		0.941695
438.75		0.941695
438.875		0.941695
439		0.941695
439.125		0.942094
439.25		0.942094
439.375		0.942094
439.5		0.942094
439.625		0.942094
439.75		0.942094
439.875		0.942094
440		0.942094
440.125		0.947938
440.25		0.947938
440.375		0.947938
440.5		0.947938
440.625		0.947938
440.75		0.947938
440.875		0.947938
441		0.947938
441.125		0.94837
441.25		0.94837
441.375		0.94837
441.5		0.94837
441.625		0.94837
441.75		0.94837
441.875		0.94837
442		0.94837
442.125		0.950171
442.25		0.950171
442.375		0.950171
442.5		0.950171
442.625		0.950171
442.75		0.950171
442.875		0.950171
443		0.950171
443.125		0.951415
443.25		0.951415
443.375		0.951415
443.5		0.951415
443.625		0.951415
443.75		0.951415
443.875		0.951415
444		0.951415
444.125		0.958422
444.25		0.958422
444.375		0.958422
444.5		0.958422
444.625		0.958422
444.75		0.958422
444.875		0.958422
445		0.958422
445.125		0.959019
445.25		0.959019
445.375		0.959019
445.5		0.959019
445.625		0.959019
445.75		0.959019
445.875		0.959019
446		0.959019
446.125		0.959593
446.25		0.959593
446.375		0.959593
446.5		0.959593
446.625		0.959593
446.75		0.959593
446.875		0.959593
447		0.959593
447.125		0.960706
447.25		0.960706
447.375		0.960706
447.5		0.960706
447.625		0.960706
447.75		0.960706
447.875		0.960706
448		0.960706
448.125		0.965587
448.25		0.965587
448.375		0.965587
448.5		0.965587
448.625		0.965587
448.75		0.965587
448.875		0.965587
449		0.965587
449.125		0.968043
449.25		0.968043
449.375		0.968043
449.5		0.968043
449.625		0.968043
449.75		0.968043
449.875		0.968043
450		0.968043
450.125		0.969009
450.25		0.969009
450.375		0.969009
450.5		0.969009
450.625		0.969009
450.75		0.969009
450.875		0.969009
451		0.969009
451.125		0.970634
451.25		0.970634
451.375		0.970634
451.5		0.970634
451.625		0.970634
451.75		0.970634
451.875		0.970634
452		0.970634
452.125		0.975413
452.25		0.975413
452.375		0.975413
452.5		0.975413
452.625		0.975413
452.75		0.975413
452.875		0.975413
453		0.975413
453.125		0.975684
453.25		0.975684
453.375		0.975684
453.5		0.975684
453.625		0.975684
453.75		0.975684
453.875		0.975684
454		0.975684
454.125		0.975991
454.25		0.975991
454.375		0.975991
454.5		0.975991
454.625		0.975991
454.75		0.975991
454.875		0.975991
455		0.975991
455.125		0.979972
455.25		0.979972
455.375		0.979972
455.5		0.979972
455.625		0.979972
455.75		0.979972
455.875		0.979972
456		0.979972
456.125		0.980463
456.25		0.980463
456.375		0.980463
456.5		0.980463
456.625		0.980463
456.75		0.980463
456.875		0.980463
457		0.980463
457.125		0.984184
457.25		0.984184
457.375		0.984184
457.5		0.984184
457.625		0.984184
457.75		0.984184
457.875		0.984184
458		0.984184
458.125		0.985948
458.25		0.985948
458.375		0.985948
458.5		0.985948
458.625		0.985948
458.75		0.985948
458.875		0.985948
459		0.985948
459.125		0.98821
459.25		0.98821
459.375		0.98821
459.5		0.98821
459.625		0.98821
459.75		0.98821
459.875		0.98821
460		0.98821
460.125		0.988744
460.25		0.988744
460.375		0.988744
460.5		0.988744
460.625		0.988744
460.75		0.988744
460.875		0.988744
461		0.988744
461.125		0.992875
461.25		0.992875
461.375		0.992875
461.5		0.992875
461.625		0.992875
461.75		0.992875
461.875		0.992875
462		0.992875
462.125		0.994811
462.25		0.994811
462.375		0.994811
462.5		0.994811
462.625		0.994811
462.75		0.994811
462.875		0.994811
463		0.994811
463.125		0.996059
463.25		0.996059
463.375		0.996059
463.5		0.996059
463.625		0.996059
463.75		0.996059
463.875		0.996059
464		0.996059
464.125		0.998017
464.25		0.998017
464.375		0.998017
464.5		0.998017
464.625		0.998017
464.75		0.998017
464.875		0.998017
465		0.998017
465.125		0.998181
465.25		0.998181
465.375		0.998181
465.5		0.998181
465.625		0.998181
465.75		0.998181
465.875		0.998181
466		0.998181
466.125		0.999985
466.25		0.999985
466.375		0.999985
466.5		0.999985
466.625		0.999985
466.75		0.999985
466.875		0.999985
467		0.999985
467.125		1
467.25		1
467.375		1
467.5		1
467.625		1
467.75		1
467.875		1
468		1
468.125		1
468.25		1
468.375		1
468.5		1
468.625		1
468.75		1
468.875		1
469		1
469.125		1
469.25		1
469.375		1
469.5		1
469.625		1
469.75		1
469.875		1
470		1
470.125		1
470.25		1
470.375		1
470.5		1
470.625		1
470.75		1
470.875		1
471		1
471.125		1
471.25		1
471.375		1
471.5		1
471.625		1
471.75		1
471.875		1
472		1
472.125		1
472.25		1
472.375		1
472.5		1
472.625		1
472.75		1
472.875		1
473		1
473.125		1
473.25		1
473.375		1
473.5		1
473.625		1
473.75		1
473.875		1
474		1
474.125		1
474.25		1
474.375		1
474.5		1
474.625		1
474.75		1
474.875		1
475		1
475.125		1
475.25		1
475.375		1
475.5		1
475.625		1
475.75		1
475.875		1
476		1
476.125		1
476.25		1
476.375		1
476.5		1
476.625		1
476.75		1
476.875		1
477		1
477.125		1
477.25		1
477.375		1
477.5		1
477.625		1
477.75		1
477.875		1
478		1
478.125		1
478.25		1
478.375		1
478.5		1
478.625		1
478.75		1
478.875		1
479		1
479.125		1
479.25		1
479.375		1
479.5		1
479.625		1
479.75		1
479.875		1
480		1
480.125		1
480.25		1
480.375		1
480.5		1
480.625		1
480.75		1
480.875		1
481		1
481.125		1
481.25		1
481.375		1
481.5		1
481.625		1
481.75		1
481.875		1
482		1
482.125		1
482.25		1
482.375		1
482.5		1
482.625		1
482.75		1
482.875		1
483		1
483.125		1
483.25		1
483.375		1
483.5		1
483.625		1
483.75		1
483.875		1
484		1
484.125		1
484.25		1
484.375		1
484.5		1
484.625		1
484.75		1
484.875		1
485		1
485.125		1
485.25		1
485.375		1
485.5		1
485.625		1
485.75		1
485.875		1
486		1
486.125		1
486.25		1
486.375		1
486.5		1
486.625		1
486.75		1
486.875		1
487		1
487.125		1
487.25		1
487.375		1
487.5		1
487.625		1
487.75		1
487.875		1
488		1
488.125		1
488.25		1
488.375		1
488.5		1
488.625		1
488.75		1
488.875		1
489		1
489.125		1
489.25		1
489.375		1
489.5		1
489.625		1
489.75		1
489.875		1
490		1
490.125		1
490.25		1
490.375		1
490.5		1
490.625		1
490.75		1
490.875		1
491		1
491.125		1
491.25		1
491.375		1
491.5		1
491.625		1
491.75		1
491.875		1
492		1
492.125		1
492.25		1
492.375		1
492.5		1
492.625		1
492.75		1
492.875		1
493		1
493.125		1
493.25		1
493.375		1
493.5		1
493.625		1
493.75		1
493.875		1
494		1
494.125		1
494.25		1
494.375		1
494.5		1
494.625		1
494.75		1
494.875		1
495		1
495.125		1
495.25		1
495.375		1
495.5		1
495.625		1
495.75		1
495.875		1
496		1
496.125		1
496.25		1
496.375		1
496.5		1
496.625		1
496.75		1
496.875		1
497		1
497.125		1
497.25		1
497.375		1
497.5		1
497.625		1
497.75		1
497.875		1
498		1
498.125		1
498.25		1
498.375		1
498.5		1
498.625		1
498.75		1
498.875		1
499		1
499.125		1
499.25		1
499.375		1
499.5		1
499.625		1
499.75		1
499.875		1
500		1
