# Calibration file of tamex_id 1 @ channel 8
# fine_T bin		 Calibration value
0.125		0
0.25		0
0.375		0
0.5		0
0.625		0
0.75		0
0.875		0
1		0
1.125		0
1.25		0
1.375		0
1.5		0
1.625		0
1.75		0
1.875		0
2		0
2.125		0
2.25		0
2.375		0
2.5		0
2.625		0
2.75		0
2.875		0
3		0
3.125		0
3.25		0
3.375		0
3.5		0
3.625		0
3.75		0
3.875		0
4		0
4.125		0
4.25		0
4.375		0
4.5		0
4.625		0
4.75		0
4.875		0
5		0
5.125		0
5.25		0
5.375		0
5.5		0
5.625		0
5.75		0
5.875		0
6		0
6.125		0
6.25		0
6.375		0
6.5		0
6.625		0
6.75		0
6.875		0
7		0
7.125		0
7.25		0
7.375		0
7.5		0
7.625		0
7.75		0
7.875		0
8		0
8.125		0
8.25		0
8.375		0
8.5		0
8.625		0
8.75		0
8.875		0
9		0
9.125		0
9.25		0
9.375		0
9.5		0
9.625		0
9.75		0
9.875		0
10		0
10.125		0
10.25		0
10.375		0
10.5		0
10.625		0
10.75		0
10.875		0
11		0
11.125		0
11.25		0
11.375		0
11.5		0
11.625		0
11.75		0
11.875		0
12		0
12.125		0
12.25		0
12.375		0
12.5		0
12.625		0
12.75		0
12.875		0
13		0
13.125		0
13.25		0
13.375		0
13.5		0
13.625		0
13.75		0
13.875		0
14		0
14.125		0
14.25		0
14.375		0
14.5		0
14.625		0
14.75		0
14.875		0
15		0
15.125		0
15.25		0
15.375		0
15.5		0
15.625		0
15.75		0
15.875		0
16		0
16.125		0
16.25		0
16.375		0
16.5		0
16.625		0
16.75		0
16.875		0
17		0
17.125		0
17.25		0
17.375		0
17.5		0
17.625		0
17.75		0
17.875		0
18		0
18.125		0
18.25		0
18.375		0
18.5		0
18.625		0
18.75		0
18.875		0
19		0
19.125		0
19.25		0
19.375		0
19.5		0
19.625		0
19.75		0
19.875		0
20		0
20.125		0
20.25		0
20.375		0
20.5		0
20.625		0
20.75		0
20.875		0
21		0
21.125		0
21.25		0
21.375		0
21.5		0
21.625		0
21.75		0
21.875		0
22		0
22.125		0
22.25		0
22.375		0
22.5		0
22.625		0
22.75		0
22.875		0
23		0
23.125		0.00229355
23.25		0.00229355
23.375		0.00229355
23.5		0.00229355
23.625		0.00229355
23.75		0.00229355
23.875		0.00229355
24		0.00229355
24.125		0.00620291
24.25		0.00620291
24.375		0.00620291
24.5		0.00620291
24.625		0.00620291
24.75		0.00620291
24.875		0.00620291
25		0.00620291
25.125		0.00964538
25.25		0.00964538
25.375		0.00964538
25.5		0.00964538
25.625		0.00964538
25.75		0.00964538
25.875		0.00964538
26		0.00964538
26.125		0.010009
26.25		0.010009
26.375		0.010009
26.5		0.010009
26.625		0.010009
26.75		0.010009
26.875		0.010009
27		0.010009
27.125		0.0103834
27.25		0.0103834
27.375		0.0103834
27.5		0.0103834
27.625		0.0103834
27.75		0.0103834
27.875		0.0103834
28		0.0103834
28.125		0.0118658
28.25		0.0118658
28.375		0.0118658
28.5		0.0118658
28.625		0.0118658
28.75		0.0118658
28.875		0.0118658
29		0.0118658
29.125		0.0178083
29.25		0.0178083
29.375		0.0178083
29.5		0.0178083
29.625		0.0178083
29.75		0.0178083
29.875		0.0178083
30		0.0178083
30.125		0.0178083
30.25		0.0178083
30.375		0.0178083
30.5		0.0178083
30.625		0.0178083
30.75		0.0178083
30.875		0.0178083
31		0.0178083
31.125		0.0203902
31.25		0.0203902
31.375		0.0203902
31.5		0.0203902
31.625		0.0203902
31.75		0.0203902
31.875		0.0203902
32		0.0203902
32.125		0.0219737
32.25		0.0219737
32.375		0.0219737
32.5		0.0219737
32.625		0.0219737
32.75		0.0219737
32.875		0.0219737
33		0.0219737
33.125		0.0243211
33.25		0.0243211
33.375		0.0243211
33.5		0.0243211
33.625		0.0243211
33.75		0.0243211
33.875		0.0243211
34		0.0243211
34.125		0.0268707
34.25		0.0268707
34.375		0.0268707
34.5		0.0268707
34.625		0.0268707
34.75		0.0268707
34.875		0.0268707
35		0.0268707
35.125		0.0275957
35.25		0.0275957
35.375		0.0275957
35.5		0.0275957
35.625		0.0275957
35.75		0.0275957
35.875		0.0275957
36		0.0275957
36.125		0.0291986
36.25		0.0291986
36.375		0.0291986
36.5		0.0291986
36.625		0.0291986
36.75		0.0291986
36.875		0.0291986
37		0.0291986
37.125		0.0313738
37.25		0.0313738
37.375		0.0313738
37.5		0.0313738
37.625		0.0313738
37.75		0.0313738
37.875		0.0313738
38		0.0313738
38.125		0.0371163
38.25		0.0371163
38.375		0.0371163
38.5		0.0371163
38.625		0.0371163
38.75		0.0371163
38.875		0.0371163
39		0.0371163
39.125		0.0372669
39.25		0.0372669
39.375		0.0372669
39.5		0.0372669
39.625		0.0372669
39.75		0.0372669
39.875		0.0372669
40		0.0372669
40.125		0.0394335
40.25		0.0394335
40.375		0.0394335
40.5		0.0394335
40.625		0.0394335
40.75		0.0394335
40.875		0.0394335
41		0.0394335
41.125		0.0397391
41.25		0.0397391
41.375		0.0397391
41.5		0.0397391
41.625		0.0397391
41.75		0.0397391
41.875		0.0397391
42		0.0397391
42.125		0.0433537
42.25		0.0433537
42.375		0.0433537
42.5		0.0433537
42.625		0.0433537
42.75		0.0433537
42.875		0.0433537
43		0.0433537
43.125		0.0462131
43.25		0.0462131
43.375		0.0462131
43.5		0.0462131
43.625		0.0462131
43.75		0.0462131
43.875		0.0462131
44		0.0462131
44.125		0.0483044
44.25		0.0483044
44.375		0.0483044
44.5		0.0483044
44.625		0.0483044
44.75		0.0483044
44.875		0.0483044
45		0.0483044
45.125		0.0495695
45.25		0.0495695
45.375		0.0495695
45.5		0.0495695
45.625		0.0495695
45.75		0.0495695
45.875		0.0495695
46		0.0495695
46.125		0.0534057
46.25		0.0534057
46.375		0.0534057
46.5		0.0534057
46.625		0.0534057
46.75		0.0534057
46.875		0.0534057
47		0.0534057
47.125		0.0542555
47.25		0.0542555
47.375		0.0542555
47.5		0.0542555
47.625		0.0542555
47.75		0.0542555
47.875		0.0542555
48		0.0542555
48.125		0.0552259
48.25		0.0552259
48.375		0.0552259
48.5		0.0552259
48.625		0.0552259
48.75		0.0552259
48.875		0.0552259
49		0.0552259
49.125		0.0578293
49.25		0.0578293
49.375		0.0578293
49.5		0.0578293
49.625		0.0578293
49.75		0.0578293
49.875		0.0578293
50		0.0578293
50.125		0.0602218
50.25		0.0602218
50.375		0.0602218
50.5		0.0602218
50.625		0.0602218
50.75		0.0602218
50.875		0.0602218
51		0.0602218
51.125		0.0641118
51.25		0.0641118
51.375		0.0641118
51.5		0.0641118
51.625		0.0641118
51.75		0.0641118
51.875		0.0641118
52		0.0641118
52.125		0.064342
52.25		0.064342
52.375		0.064342
52.5		0.064342
52.625		0.064342
52.75		0.064342
52.875		0.064342
53		0.064342
53.125		0.0652284
53.25		0.0652284
53.375		0.0652284
53.5		0.0652284
53.625		0.0652284
53.75		0.0652284
53.875		0.0652284
54		0.0652284
54.125		0.0676059
54.25		0.0676059
54.375		0.0676059
54.5		0.0676059
54.625		0.0676059
54.75		0.0676059
54.875		0.0676059
55		0.0676059
55.125		0.0728922
55.25		0.0728922
55.375		0.0728922
55.5		0.0728922
55.625		0.0728922
55.75		0.0728922
55.875		0.0728922
56		0.0728922
56.125		0.0746264
56.25		0.0746264
56.375		0.0746264
56.5		0.0746264
56.625		0.0746264
56.75		0.0746264
56.875		0.0746264
57		0.0746264
57.125		0.0769221
57.25		0.0769221
57.375		0.0769221
57.5		0.0769221
57.625		0.0769221
57.75		0.0769221
57.875		0.0769221
58		0.0769221
58.125		0.0773718
58.25		0.0773718
58.375		0.0773718
58.5		0.0773718
58.625		0.0773718
58.75		0.0773718
58.875		0.0773718
59		0.0773718
59.125		0.0791339
59.25		0.0791339
59.375		0.0791339
59.5		0.0791339
59.625		0.0791339
59.75		0.0791339
59.875		0.0791339
60		0.0791339
60.125		0.0836478
60.25		0.0836478
60.375		0.0836478
60.5		0.0836478
60.625		0.0836478
60.75		0.0836478
60.875		0.0836478
61		0.0836478
61.125		0.0855864
61.25		0.0855864
61.375		0.0855864
61.5		0.0855864
61.625		0.0855864
61.75		0.0855864
61.875		0.0855864
62		0.0855864
62.125		0.0863351
62.25		0.0863351
62.375		0.0863351
62.5		0.0863351
62.625		0.0863351
62.75		0.0863351
62.875		0.0863351
63		0.0863351
63.125		0.0877121
63.25		0.0877121
63.375		0.0877121
63.5		0.0877121
63.625		0.0877121
63.75		0.0877121
63.875		0.0877121
64		0.0877121
64.125		0.0906533
64.25		0.0906533
64.375		0.0906533
64.5		0.0906533
64.625		0.0906533
64.75		0.0906533
64.875		0.0906533
65		0.0906533
65.125		0.0924111
65.25		0.0924111
65.375		0.0924111
65.5		0.0924111
65.625		0.0924111
65.75		0.0924111
65.875		0.0924111
66		0.0924111
66.125		0.0944787
66.25		0.0944787
66.375		0.0944787
66.5		0.0944787
66.625		0.0944787
66.75		0.0944787
66.875		0.0944787
67		0.0944787
67.125		0.0949499
67.25		0.0949499
67.375		0.0949499
67.5		0.0949499
67.625		0.0949499
67.75		0.0949499
67.875		0.0949499
68		0.0949499
68.125		0.101192
68.25		0.101192
68.375		0.101192
68.5		0.101192
68.625		0.101192
68.75		0.101192
68.875		0.101192
69		0.101192
69.125		0.101458
69.25		0.101458
69.375		0.101458
69.5		0.101458
69.625		0.101458
69.75		0.101458
69.875		0.101458
70		0.101458
70.125		0.101652
70.25		0.101652
70.375		0.101652
70.5		0.101652
70.625		0.101652
70.75		0.101652
70.875		0.101652
71		0.101652
71.125		0.103227
71.25		0.103227
71.375		0.103227
71.5		0.103227
71.625		0.103227
71.75		0.103227
71.875		0.103227
72		0.103227
72.125		0.109051
72.25		0.109051
72.375		0.109051
72.5		0.109051
72.625		0.109051
72.75		0.109051
72.875		0.109051
73		0.109051
73.125		0.109438
73.25		0.109438
73.375		0.109438
73.5		0.109438
73.625		0.109438
73.75		0.109438
73.875		0.109438
74		0.109438
74.125		0.112603
74.25		0.112603
74.375		0.112603
74.5		0.112603
74.625		0.112603
74.75		0.112603
74.875		0.112603
75		0.112603
75.125		0.114621
75.25		0.114621
75.375		0.114621
75.5		0.114621
75.625		0.114621
75.75		0.114621
75.875		0.114621
76		0.114621
76.125		0.116597
76.25		0.116597
76.375		0.116597
76.5		0.116597
76.625		0.116597
76.75		0.116597
76.875		0.116597
77		0.116597
77.125		0.119598
77.25		0.119598
77.375		0.119598
77.5		0.119598
77.625		0.119598
77.75		0.119598
77.875		0.119598
78		0.119598
78.125		0.119764
78.25		0.119764
78.375		0.119764
78.5		0.119764
78.625		0.119764
78.75		0.119764
78.875		0.119764
79		0.119764
79.125		0.120588
79.25		0.120588
79.375		0.120588
79.5		0.120588
79.625		0.120588
79.75		0.120588
79.875		0.120588
80		0.120588
80.125		0.125401
80.25		0.125401
80.375		0.125401
80.5		0.125401
80.625		0.125401
80.75		0.125401
80.875		0.125401
81		0.125401
81.125		0.128899
81.25		0.128899
81.375		0.128899
81.5		0.128899
81.625		0.128899
81.75		0.128899
81.875		0.128899
82		0.128899
82.125		0.131647
82.25		0.131647
82.375		0.131647
82.5		0.131647
82.625		0.131647
82.75		0.131647
82.875		0.131647
83		0.131647
83.125		0.133133
83.25		0.133133
83.375		0.133133
83.5		0.133133
83.625		0.133133
83.75		0.133133
83.875		0.133133
84		0.133133
84.125		0.133977
84.25		0.133977
84.375		0.133977
84.5		0.133977
84.625		0.133977
84.75		0.133977
84.875		0.133977
85		0.133977
85.125		0.136199
85.25		0.136199
85.375		0.136199
85.5		0.136199
85.625		0.136199
85.75		0.136199
85.875		0.136199
86		0.136199
86.125		0.138654
86.25		0.138654
86.375		0.138654
86.5		0.138654
86.625		0.138654
86.75		0.138654
86.875		0.138654
87		0.138654
87.125		0.14279
87.25		0.14279
87.375		0.14279
87.5		0.14279
87.625		0.14279
87.75		0.14279
87.875		0.14279
88		0.14279
88.125		0.143932
88.25		0.143932
88.375		0.143932
88.5		0.143932
88.625		0.143932
88.75		0.143932
88.875		0.143932
89		0.143932
89.125		0.144364
89.25		0.144364
89.375		0.144364
89.5		0.144364
89.625		0.144364
89.75		0.144364
89.875		0.144364
90		0.144364
90.125		0.14881
90.25		0.14881
90.375		0.14881
90.5		0.14881
90.625		0.14881
90.75		0.14881
90.875		0.14881
91		0.14881
91.125		0.150159
91.25		0.150159
91.375		0.150159
91.5		0.150159
91.625		0.150159
91.75		0.150159
91.875		0.150159
92		0.150159
92.125		0.151942
92.25		0.151942
92.375		0.151942
92.5		0.151942
92.625		0.151942
92.75		0.151942
92.875		0.151942
93		0.151942
93.125		0.152771
93.25		0.152771
93.375		0.152771
93.5		0.152771
93.625		0.152771
93.75		0.152771
93.875		0.152771
94		0.152771
94.125		0.157102
94.25		0.157102
94.375		0.157102
94.5		0.157102
94.625		0.157102
94.75		0.157102
94.875		0.157102
95		0.157102
95.125		0.158933
95.25		0.158933
95.375		0.158933
95.5		0.158933
95.625		0.158933
95.75		0.158933
95.875		0.158933
96		0.158933
96.125		0.1614
96.25		0.1614
96.375		0.1614
96.5		0.1614
96.625		0.1614
96.75		0.1614
96.875		0.1614
97		0.1614
97.125		0.163447
97.25		0.163447
97.375		0.163447
97.5		0.163447
97.625		0.163447
97.75		0.163447
97.875		0.163447
98		0.163447
98.125		0.166136
98.25		0.166136
98.375		0.166136
98.5		0.166136
98.625		0.166136
98.75		0.166136
98.875		0.166136
99		0.166136
99.125		0.167229
99.25		0.167229
99.375		0.167229
99.5		0.167229
99.625		0.167229
99.75		0.167229
99.875		0.167229
100		0.167229
100.125		0.167674
100.25		0.167674
100.375		0.167674
100.5		0.167674
100.625		0.167674
100.75		0.167674
100.875		0.167674
101		0.167674
101.125		0.171493
101.25		0.171493
101.375		0.171493
101.5		0.171493
101.625		0.171493
101.75		0.171493
101.875		0.171493
102		0.171493
102.125		0.175256
102.25		0.175256
102.375		0.175256
102.5		0.175256
102.625		0.175256
102.75		0.175256
102.875		0.175256
103		0.175256
103.125		0.176842
103.25		0.176842
103.375		0.176842
103.5		0.176842
103.625		0.176842
103.75		0.176842
103.875		0.176842
104		0.176842
104.125		0.177145
104.25		0.177145
104.375		0.177145
104.5		0.177145
104.625		0.177145
104.75		0.177145
104.875		0.177145
105		0.177145
105.125		0.178333
105.25		0.178333
105.375		0.178333
105.5		0.178333
105.625		0.178333
105.75		0.178333
105.875		0.178333
106		0.178333
106.125		0.181382
106.25		0.181382
106.375		0.181382
106.5		0.181382
106.625		0.181382
106.75		0.181382
106.875		0.181382
107		0.181382
107.125		0.184986
107.25		0.184986
107.375		0.184986
107.5		0.184986
107.625		0.184986
107.75		0.184986
107.875		0.184986
108		0.184986
108.125		0.188301
108.25		0.188301
108.375		0.188301
108.5		0.188301
108.625		0.188301
108.75		0.188301
108.875		0.188301
109		0.188301
109.125		0.188518
109.25		0.188518
109.375		0.188518
109.5		0.188518
109.625		0.188518
109.75		0.188518
109.875		0.188518
110		0.188518
110.125		0.190027
110.25		0.190027
110.375		0.190027
110.5		0.190027
110.625		0.190027
110.75		0.190027
110.875		0.190027
111		0.190027
111.125		0.193288
111.25		0.193288
111.375		0.193288
111.5		0.193288
111.625		0.193288
111.75		0.193288
111.875		0.193288
112		0.193288
112.125		0.194022
112.25		0.194022
112.375		0.194022
112.5		0.194022
112.625		0.194022
112.75		0.194022
112.875		0.194022
113		0.194022
113.125		0.197951
113.25		0.197951
113.375		0.197951
113.5		0.197951
113.625		0.197951
113.75		0.197951
113.875		0.197951
114		0.197951
114.125		0.198452
114.25		0.198452
114.375		0.198452
114.5		0.198452
114.625		0.198452
114.75		0.198452
114.875		0.198452
115		0.198452
115.125		0.198706
115.25		0.198706
115.375		0.198706
115.5		0.198706
115.625		0.198706
115.75		0.198706
115.875		0.198706
116		0.198706
116.125		0.203887
116.25		0.203887
116.375		0.203887
116.5		0.203887
116.625		0.203887
116.75		0.203887
116.875		0.203887
117		0.203887
117.125		0.205703
117.25		0.205703
117.375		0.205703
117.5		0.205703
117.625		0.205703
117.75		0.205703
117.875		0.205703
118		0.205703
118.125		0.205819
118.25		0.205819
118.375		0.205819
118.5		0.205819
118.625		0.205819
118.75		0.205819
118.875		0.205819
119		0.205819
119.125		0.209012
119.25		0.209012
119.375		0.209012
119.5		0.209012
119.625		0.209012
119.75		0.209012
119.875		0.209012
120		0.209012
120.125		0.213128
120.25		0.213128
120.375		0.213128
120.5		0.213128
120.625		0.213128
120.75		0.213128
120.875		0.213128
121		0.213128
121.125		0.213827
121.25		0.213827
121.375		0.213827
121.5		0.213827
121.625		0.213827
121.75		0.213827
121.875		0.213827
122		0.213827
122.125		0.214083
122.25		0.214083
122.375		0.214083
122.5		0.214083
122.625		0.214083
122.75		0.214083
122.875		0.214083
123		0.214083
123.125		0.21866
123.25		0.21866
123.375		0.21866
123.5		0.21866
123.625		0.21866
123.75		0.21866
123.875		0.21866
124		0.21866
124.125		0.221575
124.25		0.221575
124.375		0.221575
124.5		0.221575
124.625		0.221575
124.75		0.221575
124.875		0.221575
125		0.221575
125.125		0.221846
125.25		0.221846
125.375		0.221846
125.5		0.221846
125.625		0.221846
125.75		0.221846
125.875		0.221846
126		0.221846
126.125		0.223946
126.25		0.223946
126.375		0.223946
126.5		0.223946
126.625		0.223946
126.75		0.223946
126.875		0.223946
127		0.223946
127.125		0.226702
127.25		0.226702
127.375		0.226702
127.5		0.226702
127.625		0.226702
127.75		0.226702
127.875		0.226702
128		0.226702
128.125		0.227616
128.25		0.227616
128.375		0.227616
128.5		0.227616
128.625		0.227616
128.75		0.227616
128.875		0.227616
129		0.227616
129.125		0.230138
129.25		0.230138
129.375		0.230138
129.5		0.230138
129.625		0.230138
129.75		0.230138
129.875		0.230138
130		0.230138
130.125		0.231029
130.25		0.231029
130.375		0.231029
130.5		0.231029
130.625		0.231029
130.75		0.231029
130.875		0.231029
131		0.231029
131.125		0.234346
131.25		0.234346
131.375		0.234346
131.5		0.234346
131.625		0.234346
131.75		0.234346
131.875		0.234346
132		0.234346
132.125		0.235558
132.25		0.235558
132.375		0.235558
132.5		0.235558
132.625		0.235558
132.75		0.235558
132.875		0.235558
133		0.235558
133.125		0.238873
133.25		0.238873
133.375		0.238873
133.5		0.238873
133.625		0.238873
133.75		0.238873
133.875		0.238873
134		0.238873
134.125		0.241956
134.25		0.241956
134.375		0.241956
134.5		0.241956
134.625		0.241956
134.75		0.241956
134.875		0.241956
135		0.241956
135.125		0.242819
135.25		0.242819
135.375		0.242819
135.5		0.242819
135.625		0.242819
135.75		0.242819
135.875		0.242819
136		0.242819
136.125		0.243471
136.25		0.243471
136.375		0.243471
136.5		0.243471
136.625		0.243471
136.75		0.243471
136.875		0.243471
137		0.243471
137.125		0.243826
137.25		0.243826
137.375		0.243826
137.5		0.243826
137.625		0.243826
137.75		0.243826
137.875		0.243826
138		0.243826
138.125		0.251574
138.25		0.251574
138.375		0.251574
138.5		0.251574
138.625		0.251574
138.75		0.251574
138.875		0.251574
139		0.251574
139.125		0.251806
139.25		0.251806
139.375		0.251806
139.5		0.251806
139.625		0.251806
139.75		0.251806
139.875		0.251806
140		0.251806
140.125		0.254173
140.25		0.254173
140.375		0.254173
140.5		0.254173
140.625		0.254173
140.75		0.254173
140.875		0.254173
141		0.254173
141.125		0.256555
141.25		0.256555
141.375		0.256555
141.5		0.256555
141.625		0.256555
141.75		0.256555
141.875		0.256555
142		0.256555
142.125		0.25882
142.25		0.25882
142.375		0.25882
142.5		0.25882
142.625		0.25882
142.75		0.25882
142.875		0.25882
143		0.25882
143.125		0.261736
143.25		0.261736
143.375		0.261736
143.5		0.261736
143.625		0.261736
143.75		0.261736
143.875		0.261736
144		0.261736
144.125		0.262637
144.25		0.262637
144.375		0.262637
144.5		0.262637
144.625		0.262637
144.75		0.262637
144.875		0.262637
145		0.262637
145.125		0.263812
145.25		0.263812
145.375		0.263812
145.5		0.263812
145.625		0.263812
145.75		0.263812
145.875		0.263812
146		0.263812
146.125		0.268965
146.25		0.268965
146.375		0.268965
146.5		0.268965
146.625		0.268965
146.75		0.268965
146.875		0.268965
147		0.268965
147.125		0.269128
147.25		0.269128
147.375		0.269128
147.5		0.269128
147.625		0.269128
147.75		0.269128
147.875		0.269128
148		0.269128
148.125		0.270624
148.25		0.270624
148.375		0.270624
148.5		0.270624
148.625		0.270624
148.75		0.270624
148.875		0.270624
149		0.270624
149.125		0.274641
149.25		0.274641
149.375		0.274641
149.5		0.274641
149.625		0.274641
149.75		0.274641
149.875		0.274641
150		0.274641
150.125		0.275456
150.25		0.275456
150.375		0.275456
150.5		0.275456
150.625		0.275456
150.75		0.275456
150.875		0.275456
151		0.275456
151.125		0.279512
151.25		0.279512
151.375		0.279512
151.5		0.279512
151.625		0.279512
151.75		0.279512
151.875		0.279512
152		0.279512
152.125		0.280435
152.25		0.280435
152.375		0.280435
152.5		0.280435
152.625		0.280435
152.75		0.280435
152.875		0.280435
153		0.280435
153.125		0.282014
153.25		0.282014
153.375		0.282014
153.5		0.282014
153.625		0.282014
153.75		0.282014
153.875		0.282014
154		0.282014
154.125		0.283759
154.25		0.283759
154.375		0.283759
154.5		0.283759
154.625		0.283759
154.75		0.283759
154.875		0.283759
155		0.283759
155.125		0.287931
155.25		0.287931
155.375		0.287931
155.5		0.287931
155.625		0.287931
155.75		0.287931
155.875		0.287931
156		0.287931
156.125		0.289721
156.25		0.289721
156.375		0.289721
156.5		0.289721
156.625		0.289721
156.75		0.289721
156.875		0.289721
157		0.289721
157.125		0.290368
157.25		0.290368
157.375		0.290368
157.5		0.290368
157.625		0.290368
157.75		0.290368
157.875		0.290368
158		0.290368
158.125		0.29193
158.25		0.29193
158.375		0.29193
158.5		0.29193
158.625		0.29193
158.75		0.29193
158.875		0.29193
159		0.29193
159.125		0.29633
159.25		0.29633
159.375		0.29633
159.5		0.29633
159.625		0.29633
159.75		0.29633
159.875		0.29633
160		0.29633
160.125		0.298957
160.25		0.298957
160.375		0.298957
160.5		0.298957
160.625		0.298957
160.75		0.298957
160.875		0.298957
161		0.298957
161.125		0.299693
161.25		0.299693
161.375		0.299693
161.5		0.299693
161.625		0.299693
161.75		0.299693
161.875		0.299693
162		0.299693
162.125		0.300937
162.25		0.300937
162.375		0.300937
162.5		0.300937
162.625		0.300937
162.75		0.300937
162.875		0.300937
163		0.300937
163.125		0.305666
163.25		0.305666
163.375		0.305666
163.5		0.305666
163.625		0.305666
163.75		0.305666
163.875		0.305666
164		0.305666
164.125		0.308256
164.25		0.308256
164.375		0.308256
164.5		0.308256
164.625		0.308256
164.75		0.308256
164.875		0.308256
165		0.308256
165.125		0.309506
165.25		0.309506
165.375		0.309506
165.5		0.309506
165.625		0.309506
165.75		0.309506
165.875		0.309506
166		0.309506
166.125		0.310776
166.25		0.310776
166.375		0.310776
166.5		0.310776
166.625		0.310776
166.75		0.310776
166.875		0.310776
167		0.310776
167.125		0.311505
167.25		0.311505
167.375		0.311505
167.5		0.311505
167.625		0.311505
167.75		0.311505
167.875		0.311505
168		0.311505
168.125		0.318414
168.25		0.318414
168.375		0.318414
168.5		0.318414
168.625		0.318414
168.75		0.318414
168.875		0.318414
169		0.318414
169.125		0.318904
169.25		0.318904
169.375		0.318904
169.5		0.318904
169.625		0.318904
169.75		0.318904
169.875		0.318904
170		0.318904
170.125		0.319135
170.25		0.319135
170.375		0.319135
170.5		0.319135
170.625		0.319135
170.75		0.319135
170.875		0.319135
171		0.319135
171.125		0.320206
171.25		0.320206
171.375		0.320206
171.5		0.320206
171.625		0.320206
171.75		0.320206
171.875		0.320206
172		0.320206
172.125		0.324746
172.25		0.324746
172.375		0.324746
172.5		0.324746
172.625		0.324746
172.75		0.324746
172.875		0.324746
173		0.324746
173.125		0.326256
173.25		0.326256
173.375		0.326256
173.5		0.326256
173.625		0.326256
173.75		0.326256
173.875		0.326256
174		0.326256
174.125		0.328567
174.25		0.328567
174.375		0.328567
174.5		0.328567
174.625		0.328567
174.75		0.328567
174.875		0.328567
175		0.328567
175.125		0.330071
175.25		0.330071
175.375		0.330071
175.5		0.330071
175.625		0.330071
175.75		0.330071
175.875		0.330071
176		0.330071
176.125		0.334028
176.25		0.334028
176.375		0.334028
176.5		0.334028
176.625		0.334028
176.75		0.334028
176.875		0.334028
177		0.334028
177.125		0.335996
177.25		0.335996
177.375		0.335996
177.5		0.335996
177.625		0.335996
177.75		0.335996
177.875		0.335996
178		0.335996
178.125		0.336452
178.25		0.336452
178.375		0.336452
178.5		0.336452
178.625		0.336452
178.75		0.336452
178.875		0.336452
179		0.336452
179.125		0.338051
179.25		0.338051
179.375		0.338051
179.5		0.338051
179.625		0.338051
179.75		0.338051
179.875		0.338051
180		0.338051
180.125		0.343611
180.25		0.343611
180.375		0.343611
180.5		0.343611
180.625		0.343611
180.75		0.343611
180.875		0.343611
181		0.343611
181.125		0.344783
181.25		0.344783
181.375		0.344783
181.5		0.344783
181.625		0.344783
181.75		0.344783
181.875		0.344783
182		0.344783
182.125		0.345964
182.25		0.345964
182.375		0.345964
182.5		0.345964
182.625		0.345964
182.75		0.345964
182.875		0.345964
183		0.345964
183.125		0.348333
183.25		0.348333
183.375		0.348333
183.5		0.348333
183.625		0.348333
183.75		0.348333
183.875		0.348333
184		0.348333
184.125		0.349538
184.25		0.349538
184.375		0.349538
184.5		0.349538
184.625		0.349538
184.75		0.349538
184.875		0.349538
185		0.349538
185.125		0.35508
185.25		0.35508
185.375		0.35508
185.5		0.35508
185.625		0.35508
185.75		0.35508
185.875		0.35508
186		0.35508
186.125		0.355425
186.25		0.355425
186.375		0.355425
186.5		0.355425
186.625		0.355425
186.75		0.355425
186.875		0.355425
187		0.355425
187.125		0.356343
187.25		0.356343
187.375		0.356343
187.5		0.356343
187.625		0.356343
187.75		0.356343
187.875		0.356343
188		0.356343
188.125		0.357856
188.25		0.357856
188.375		0.357856
188.5		0.357856
188.625		0.357856
188.75		0.357856
188.875		0.357856
189		0.357856
189.125		0.361458
189.25		0.361458
189.375		0.361458
189.5		0.361458
189.625		0.361458
189.75		0.361458
189.875		0.361458
190		0.361458
190.125		0.363009
190.25		0.363009
190.375		0.363009
190.5		0.363009
190.625		0.363009
190.75		0.363009
190.875		0.363009
191		0.363009
191.125		0.366509
191.25		0.366509
191.375		0.366509
191.5		0.366509
191.625		0.366509
191.75		0.366509
191.875		0.366509
192		0.366509
192.125		0.3668
192.25		0.3668
192.375		0.3668
192.5		0.3668
192.625		0.3668
192.75		0.3668
192.875		0.3668
193		0.3668
193.125		0.369063
193.25		0.369063
193.375		0.369063
193.5		0.369063
193.625		0.369063
193.75		0.369063
193.875		0.369063
194		0.369063
194.125		0.372727
194.25		0.372727
194.375		0.372727
194.5		0.372727
194.625		0.372727
194.75		0.372727
194.875		0.372727
195		0.372727
195.125		0.373024
195.25		0.373024
195.375		0.373024
195.5		0.373024
195.625		0.373024
195.75		0.373024
195.875		0.373024
196		0.373024
196.125		0.375503
196.25		0.375503
196.375		0.375503
196.5		0.375503
196.625		0.375503
196.75		0.375503
196.875		0.375503
197		0.375503
197.125		0.378494
197.25		0.378494
197.375		0.378494
197.5		0.378494
197.625		0.378494
197.75		0.378494
197.875		0.378494
198		0.378494
198.125		0.383298
198.25		0.383298
198.375		0.383298
198.5		0.383298
198.625		0.383298
198.75		0.383298
198.875		0.383298
199		0.383298
199.125		0.383782
199.25		0.383782
199.375		0.383782
199.5		0.383782
199.625		0.383782
199.75		0.383782
199.875		0.383782
200		0.383782
200.125		0.387012
200.25		0.387012
200.375		0.387012
200.5		0.387012
200.625		0.387012
200.75		0.387012
200.875		0.387012
201		0.387012
201.125		0.387558
201.25		0.387558
201.375		0.387558
201.5		0.387558
201.625		0.387558
201.75		0.387558
201.875		0.387558
202		0.387558
202.125		0.391422
202.25		0.391422
202.375		0.391422
202.5		0.391422
202.625		0.391422
202.75		0.391422
202.875		0.391422
203		0.391422
203.125		0.391812
203.25		0.391812
203.375		0.391812
203.5		0.391812
203.625		0.391812
203.75		0.391812
203.875		0.391812
204		0.391812
204.125		0.393419
204.25		0.393419
204.375		0.393419
204.5		0.393419
204.625		0.393419
204.75		0.393419
204.875		0.393419
205		0.393419
205.125		0.39545
205.25		0.39545
205.375		0.39545
205.5		0.39545
205.625		0.39545
205.75		0.39545
205.875		0.39545
206		0.39545
206.125		0.398821
206.25		0.398821
206.375		0.398821
206.5		0.398821
206.625		0.398821
206.75		0.398821
206.875		0.398821
207		0.398821
207.125		0.400745
207.25		0.400745
207.375		0.400745
207.5		0.400745
207.625		0.400745
207.75		0.400745
207.875		0.400745
208		0.400745
208.125		0.400895
208.25		0.400895
208.375		0.400895
208.5		0.400895
208.625		0.400895
208.75		0.400895
208.875		0.400895
209		0.400895
209.125		0.401278
209.25		0.401278
209.375		0.401278
209.5		0.401278
209.625		0.401278
209.75		0.401278
209.875		0.401278
210		0.401278
210.125		0.40763
210.25		0.40763
210.375		0.40763
210.5		0.40763
210.625		0.40763
210.75		0.40763
210.875		0.40763
211		0.40763
211.125		0.409837
211.25		0.409837
211.375		0.409837
211.5		0.409837
211.625		0.409837
211.75		0.409837
211.875		0.409837
212		0.409837
212.125		0.410095
212.25		0.410095
212.375		0.410095
212.5		0.410095
212.625		0.410095
212.75		0.410095
212.875		0.410095
213		0.410095
213.125		0.412514
213.25		0.412514
213.375		0.412514
213.5		0.412514
213.625		0.412514
213.75		0.412514
213.875		0.412514
214		0.412514
214.125		0.41615
214.25		0.41615
214.375		0.41615
214.5		0.41615
214.625		0.41615
214.75		0.41615
214.875		0.41615
215		0.41615
215.125		0.41834
215.25		0.41834
215.375		0.41834
215.5		0.41834
215.625		0.41834
215.75		0.41834
215.875		0.41834
216		0.41834
216.125		0.418719
216.25		0.418719
216.375		0.418719
216.5		0.418719
216.625		0.418719
216.75		0.418719
216.875		0.418719
217		0.418719
217.125		0.420223
217.25		0.420223
217.375		0.420223
217.5		0.420223
217.625		0.420223
217.75		0.420223
217.875		0.420223
218		0.420223
218.125		0.423794
218.25		0.423794
218.375		0.423794
218.5		0.423794
218.625		0.423794
218.75		0.423794
218.875		0.423794
219		0.423794
219.125		0.426974
219.25		0.426974
219.375		0.426974
219.5		0.426974
219.625		0.426974
219.75		0.426974
219.875		0.426974
220		0.426974
220.125		0.429414
220.25		0.429414
220.375		0.429414
220.5		0.429414
220.625		0.429414
220.75		0.429414
220.875		0.429414
221		0.429414
221.125		0.429758
221.25		0.429758
221.375		0.429758
221.5		0.429758
221.625		0.429758
221.75		0.429758
221.875		0.429758
222		0.429758
222.125		0.430643
222.25		0.430643
222.375		0.430643
222.5		0.430643
222.625		0.430643
222.75		0.430643
222.875		0.430643
223		0.430643
223.125		0.433814
223.25		0.433814
223.375		0.433814
223.5		0.433814
223.625		0.433814
223.75		0.433814
223.875		0.433814
224		0.433814
224.125		0.435875
224.25		0.435875
224.375		0.435875
224.5		0.435875
224.625		0.435875
224.75		0.435875
224.875		0.435875
225		0.435875
225.125		0.438449
225.25		0.438449
225.375		0.438449
225.5		0.438449
225.625		0.438449
225.75		0.438449
225.875		0.438449
226		0.438449
226.125		0.440198
226.25		0.440198
226.375		0.440198
226.5		0.440198
226.625		0.440198
226.75		0.440198
226.875		0.440198
227		0.440198
227.125		0.441235
227.25		0.441235
227.375		0.441235
227.5		0.441235
227.625		0.441235
227.75		0.441235
227.875		0.441235
228		0.441235
228.125		0.444892
228.25		0.444892
228.375		0.444892
228.5		0.444892
228.625		0.444892
228.75		0.444892
228.875		0.444892
229		0.444892
229.125		0.445988
229.25		0.445988
229.375		0.445988
229.5		0.445988
229.625		0.445988
229.75		0.445988
229.875		0.445988
230		0.445988
230.125		0.446917
230.25		0.446917
230.375		0.446917
230.5		0.446917
230.625		0.446917
230.75		0.446917
230.875		0.446917
231		0.446917
231.125		0.448214
231.25		0.448214
231.375		0.448214
231.5		0.448214
231.625		0.448214
231.75		0.448214
231.875		0.448214
232		0.448214
232.125		0.453819
232.25		0.453819
232.375		0.453819
232.5		0.453819
232.625		0.453819
232.75		0.453819
232.875		0.453819
233		0.453819
233.125		0.456029
233.25		0.456029
233.375		0.456029
233.5		0.456029
233.625		0.456029
233.75		0.456029
233.875		0.456029
234		0.456029
234.125		0.456231
234.25		0.456231
234.375		0.456231
234.5		0.456231
234.625		0.456231
234.75		0.456231
234.875		0.456231
235		0.456231
235.125		0.45641
235.25		0.45641
235.375		0.45641
235.5		0.45641
235.625		0.45641
235.75		0.45641
235.875		0.45641
236		0.45641
236.125		0.45954
236.25		0.45954
236.375		0.45954
236.5		0.45954
236.625		0.45954
236.75		0.45954
236.875		0.45954
237		0.45954
237.125		0.463178
237.25		0.463178
237.375		0.463178
237.5		0.463178
237.625		0.463178
237.75		0.463178
237.875		0.463178
238		0.463178
238.125		0.463493
238.25		0.463493
238.375		0.463493
238.5		0.463493
238.625		0.463493
238.75		0.463493
238.875		0.463493
239		0.463493
239.125		0.467064
239.25		0.467064
239.375		0.467064
239.5		0.467064
239.625		0.467064
239.75		0.467064
239.875		0.467064
240		0.467064
240.125		0.468284
240.25		0.468284
240.375		0.468284
240.5		0.468284
240.625		0.468284
240.75		0.468284
240.875		0.468284
241		0.468284
241.125		0.469859
241.25		0.469859
241.375		0.469859
241.5		0.469859
241.625		0.469859
241.75		0.469859
241.875		0.469859
242		0.469859
242.125		0.47161
242.25		0.47161
242.375		0.47161
242.5		0.47161
242.625		0.47161
242.75		0.47161
242.875		0.47161
243		0.47161
243.125		0.474552
243.25		0.474552
243.375		0.474552
243.5		0.474552
243.625		0.474552
243.75		0.474552
243.875		0.474552
244		0.474552
244.125		0.476408
244.25		0.476408
244.375		0.476408
244.5		0.476408
244.625		0.476408
244.75		0.476408
244.875		0.476408
245		0.476408
245.125		0.480279
245.25		0.480279
245.375		0.480279
245.5		0.480279
245.625		0.480279
245.75		0.480279
245.875		0.480279
246		0.480279
246.125		0.482706
246.25		0.482706
246.375		0.482706
246.5		0.482706
246.625		0.482706
246.75		0.482706
246.875		0.482706
247		0.482706
247.125		0.482966
247.25		0.482966
247.375		0.482966
247.5		0.482966
247.625		0.482966
247.75		0.482966
247.875		0.482966
248		0.482966
248.125		0.483926
248.25		0.483926
248.375		0.483926
248.5		0.483926
248.625		0.483926
248.75		0.483926
248.875		0.483926
249		0.483926
249.125		0.4864
249.25		0.4864
249.375		0.4864
249.5		0.4864
249.625		0.4864
249.75		0.4864
249.875		0.4864
250		0.4864
250.125		0.490118
250.25		0.490118
250.375		0.490118
250.5		0.490118
250.625		0.490118
250.75		0.490118
250.875		0.490118
251		0.490118
251.125		0.490707
251.25		0.490707
251.375		0.490707
251.5		0.490707
251.625		0.490707
251.75		0.490707
251.875		0.490707
252		0.490707
252.125		0.493117
252.25		0.493117
252.375		0.493117
252.5		0.493117
252.625		0.493117
252.75		0.493117
252.875		0.493117
253		0.493117
253.125		0.49395
253.25		0.49395
253.375		0.49395
253.5		0.49395
253.625		0.49395
253.75		0.49395
253.875		0.49395
254		0.49395
254.125		0.495867
254.25		0.495867
254.375		0.495867
254.5		0.495867
254.625		0.495867
254.75		0.495867
254.875		0.495867
255		0.495867
255.125		0.49773
255.25		0.49773
255.375		0.49773
255.5		0.49773
255.625		0.49773
255.75		0.49773
255.875		0.49773
256		0.49773
256.125		0.500299
256.25		0.500299
256.375		0.500299
256.5		0.500299
256.625		0.500299
256.75		0.500299
256.875		0.500299
257		0.500299
257.125		0.502332
257.25		0.502332
257.375		0.502332
257.5		0.502332
257.625		0.502332
257.75		0.502332
257.875		0.502332
258		0.502332
258.125		0.507261
258.25		0.507261
258.375		0.507261
258.5		0.507261
258.625		0.507261
258.75		0.507261
258.875		0.507261
259		0.507261
259.125		0.508374
259.25		0.508374
259.375		0.508374
259.5		0.508374
259.625		0.508374
259.75		0.508374
259.875		0.508374
260		0.508374
260.125		0.509447
260.25		0.509447
260.375		0.509447
260.5		0.509447
260.625		0.509447
260.75		0.509447
260.875		0.509447
261		0.509447
261.125		0.509549
261.25		0.509549
261.375		0.509549
261.5		0.509549
261.625		0.509549
261.75		0.509549
261.875		0.509549
262		0.509549
262.125		0.516935
262.25		0.516935
262.375		0.516935
262.5		0.516935
262.625		0.516935
262.75		0.516935
262.875		0.516935
263		0.516935
263.125		0.518878
263.25		0.518878
263.375		0.518878
263.5		0.518878
263.625		0.518878
263.75		0.518878
263.875		0.518878
264		0.518878
264.125		0.519166
264.25		0.519166
264.375		0.519166
264.5		0.519166
264.625		0.519166
264.75		0.519166
264.875		0.519166
265		0.519166
265.125		0.522178
265.25		0.522178
265.375		0.522178
265.5		0.522178
265.625		0.522178
265.75		0.522178
265.875		0.522178
266		0.522178
266.125		0.52365
266.25		0.52365
266.375		0.52365
266.5		0.52365
266.625		0.52365
266.75		0.52365
266.875		0.52365
267		0.52365
267.125		0.526782
267.25		0.526782
267.375		0.526782
267.5		0.526782
267.625		0.526782
267.75		0.526782
267.875		0.526782
268		0.526782
268.125		0.528631
268.25		0.528631
268.375		0.528631
268.5		0.528631
268.625		0.528631
268.75		0.528631
268.875		0.528631
269		0.528631
269.125		0.531604
269.25		0.531604
269.375		0.531604
269.5		0.531604
269.625		0.531604
269.75		0.531604
269.875		0.531604
270		0.531604
270.125		0.533525
270.25		0.533525
270.375		0.533525
270.5		0.533525
270.625		0.533525
270.75		0.533525
270.875		0.533525
271		0.533525
271.125		0.535352
271.25		0.535352
271.375		0.535352
271.5		0.535352
271.625		0.535352
271.75		0.535352
271.875		0.535352
272		0.535352
272.125		0.538418
272.25		0.538418
272.375		0.538418
272.5		0.538418
272.625		0.538418
272.75		0.538418
272.875		0.538418
273		0.538418
273.125		0.539604
273.25		0.539604
273.375		0.539604
273.5		0.539604
273.625		0.539604
273.75		0.539604
273.875		0.539604
274		0.539604
274.125		0.543388
274.25		0.543388
274.375		0.543388
274.5		0.543388
274.625		0.543388
274.75		0.543388
274.875		0.543388
275		0.543388
275.125		0.546512
275.25		0.546512
275.375		0.546512
275.5		0.546512
275.625		0.546512
275.75		0.546512
275.875		0.546512
276		0.546512
276.125		0.547072
276.25		0.547072
276.375		0.547072
276.5		0.547072
276.625		0.547072
276.75		0.547072
276.875		0.547072
277		0.547072
277.125		0.548821
277.25		0.548821
277.375		0.548821
277.5		0.548821
277.625		0.548821
277.75		0.548821
277.875		0.548821
278		0.548821
278.125		0.553696
278.25		0.553696
278.375		0.553696
278.5		0.553696
278.625		0.553696
278.75		0.553696
278.875		0.553696
279		0.553696
279.125		0.557085
279.25		0.557085
279.375		0.557085
279.5		0.557085
279.625		0.557085
279.75		0.557085
279.875		0.557085
280		0.557085
280.125		0.557868
280.25		0.557868
280.375		0.557868
280.5		0.557868
280.625		0.557868
280.75		0.557868
280.875		0.557868
281		0.557868
281.125		0.558238
281.25		0.558238
281.375		0.558238
281.5		0.558238
281.625		0.558238
281.75		0.558238
281.875		0.558238
282		0.558238
282.125		0.560004
282.25		0.560004
282.375		0.560004
282.5		0.560004
282.625		0.560004
282.75		0.560004
282.875		0.560004
283		0.560004
283.125		0.564049
283.25		0.564049
283.375		0.564049
283.5		0.564049
283.625		0.564049
283.75		0.564049
283.875		0.564049
284		0.564049
284.125		0.568423
284.25		0.568423
284.375		0.568423
284.5		0.568423
284.625		0.568423
284.75		0.568423
284.875		0.568423
285		0.568423
285.125		0.568951
285.25		0.568951
285.375		0.568951
285.5		0.568951
285.625		0.568951
285.75		0.568951
285.875		0.568951
286		0.568951
286.125		0.5701
286.25		0.5701
286.375		0.5701
286.5		0.5701
286.625		0.5701
286.75		0.5701
286.875		0.5701
287		0.5701
287.125		0.571378
287.25		0.571378
287.375		0.571378
287.5		0.571378
287.625		0.571378
287.75		0.571378
287.875		0.571378
288		0.571378
288.125		0.576021
288.25		0.576021
288.375		0.576021
288.5		0.576021
288.625		0.576021
288.75		0.576021
288.875		0.576021
289		0.576021
289.125		0.578297
289.25		0.578297
289.375		0.578297
289.5		0.578297
289.625		0.578297
289.75		0.578297
289.875		0.578297
290		0.578297
290.125		0.579532
290.25		0.579532
290.375		0.579532
290.5		0.579532
290.625		0.579532
290.75		0.579532
290.875		0.579532
291		0.579532
291.125		0.579842
291.25		0.579842
291.375		0.579842
291.5		0.579842
291.625		0.579842
291.75		0.579842
291.875		0.579842
292		0.579842
292.125		0.585012
292.25		0.585012
292.375		0.585012
292.5		0.585012
292.625		0.585012
292.75		0.585012
292.875		0.585012
293		0.585012
293.125		0.585277
293.25		0.585277
293.375		0.585277
293.5		0.585277
293.625		0.585277
293.75		0.585277
293.875		0.585277
294		0.585277
294.125		0.588099
294.25		0.588099
294.375		0.588099
294.5		0.588099
294.625		0.588099
294.75		0.588099
294.875		0.588099
295		0.588099
295.125		0.589302
295.25		0.589302
295.375		0.589302
295.5		0.589302
295.625		0.589302
295.75		0.589302
295.875		0.589302
296		0.589302
296.125		0.595488
296.25		0.595488
296.375		0.595488
296.5		0.595488
296.625		0.595488
296.75		0.595488
296.875		0.595488
297		0.595488
297.125		0.596843
297.25		0.596843
297.375		0.596843
297.5		0.596843
297.625		0.596843
297.75		0.596843
297.875		0.596843
298		0.596843
298.125		0.59765
298.25		0.59765
298.375		0.59765
298.5		0.59765
298.625		0.59765
298.75		0.59765
298.875		0.59765
299		0.59765
299.125		0.603225
299.25		0.603225
299.375		0.603225
299.5		0.603225
299.625		0.603225
299.75		0.603225
299.875		0.603225
300		0.603225
300.125		0.603801
300.25		0.603801
300.375		0.603801
300.5		0.603801
300.625		0.603801
300.75		0.603801
300.875		0.603801
301		0.603801
301.125		0.606721
301.25		0.606721
301.375		0.606721
301.5		0.606721
301.625		0.606721
301.75		0.606721
301.875		0.606721
302		0.606721
302.125		0.613733
302.25		0.613733
302.375		0.613733
302.5		0.613733
302.625		0.613733
302.75		0.613733
302.875		0.613733
303		0.613733
303.125		0.614396
303.25		0.614396
303.375		0.614396
303.5		0.614396
303.625		0.614396
303.75		0.614396
303.875		0.614396
304		0.614396
304.125		0.614985
304.25		0.614985
304.375		0.614985
304.5		0.614985
304.625		0.614985
304.75		0.614985
304.875		0.614985
305		0.614985
305.125		0.616147
305.25		0.616147
305.375		0.616147
305.5		0.616147
305.625		0.616147
305.75		0.616147
305.875		0.616147
306		0.616147
306.125		0.621586
306.25		0.621586
306.375		0.621586
306.5		0.621586
306.625		0.621586
306.75		0.621586
306.875		0.621586
307		0.621586
307.125		0.621909
307.25		0.621909
307.375		0.621909
307.5		0.621909
307.625		0.621909
307.75		0.621909
307.875		0.621909
308		0.621909
308.125		0.62372
308.25		0.62372
308.375		0.62372
308.5		0.62372
308.625		0.62372
308.75		0.62372
308.875		0.62372
309		0.62372
309.125		0.625211
309.25		0.625211
309.375		0.625211
309.5		0.625211
309.625		0.625211
309.75		0.625211
309.875		0.625211
310		0.625211
310.125		0.630788
310.25		0.630788
310.375		0.630788
310.5		0.630788
310.625		0.630788
310.75		0.630788
310.875		0.630788
311		0.630788
311.125		0.631173
311.25		0.631173
311.375		0.631173
311.5		0.631173
311.625		0.631173
311.75		0.631173
311.875		0.631173
312		0.631173
312.125		0.632565
312.25		0.632565
312.375		0.632565
312.5		0.632565
312.625		0.632565
312.75		0.632565
312.875		0.632565
313		0.632565
313.125		0.634158
313.25		0.634158
313.375		0.634158
313.5		0.634158
313.625		0.634158
313.75		0.634158
313.875		0.634158
314		0.634158
314.125		0.638338
314.25		0.638338
314.375		0.638338
314.5		0.638338
314.625		0.638338
314.75		0.638338
314.875		0.638338
315		0.638338
315.125		0.640124
315.25		0.640124
315.375		0.640124
315.5		0.640124
315.625		0.640124
315.75		0.640124
315.875		0.640124
316		0.640124
316.125		0.642549
316.25		0.642549
316.375		0.642549
316.5		0.642549
316.625		0.642549
316.75		0.642549
316.875		0.642549
317		0.642549
317.125		0.644537
317.25		0.644537
317.375		0.644537
317.5		0.644537
317.625		0.644537
317.75		0.644537
317.875		0.644537
318		0.644537
318.125		0.644986
318.25		0.644986
318.375		0.644986
318.5		0.644986
318.625		0.644986
318.75		0.644986
318.875		0.644986
319		0.644986
319.125		0.646049
319.25		0.646049
319.375		0.646049
319.5		0.646049
319.625		0.646049
319.75		0.646049
319.875		0.646049
320		0.646049
320.125		0.648199
320.25		0.648199
320.375		0.648199
320.5		0.648199
320.625		0.648199
320.75		0.648199
320.875		0.648199
321		0.648199
321.125		0.650851
321.25		0.650851
321.375		0.650851
321.5		0.650851
321.625		0.650851
321.75		0.650851
321.875		0.650851
322		0.650851
322.125		0.653605
322.25		0.653605
322.375		0.653605
322.5		0.653605
322.625		0.653605
322.75		0.653605
322.875		0.653605
323		0.653605
323.125		0.656073
323.25		0.656073
323.375		0.656073
323.5		0.656073
323.625		0.656073
323.75		0.656073
323.875		0.656073
324		0.656073
324.125		0.658651
324.25		0.658651
324.375		0.658651
324.5		0.658651
324.625		0.658651
324.75		0.658651
324.875		0.658651
325		0.658651
325.125		0.659847
325.25		0.659847
325.375		0.659847
325.5		0.659847
325.625		0.659847
325.75		0.659847
325.875		0.659847
326		0.659847
326.125		0.66199
326.25		0.66199
326.375		0.66199
326.5		0.66199
326.625		0.66199
326.75		0.66199
326.875		0.66199
327		0.66199
327.125		0.664742
327.25		0.664742
327.375		0.664742
327.5		0.664742
327.625		0.664742
327.75		0.664742
327.875		0.664742
328		0.664742
328.125		0.665553
328.25		0.665553
328.375		0.665553
328.5		0.665553
328.625		0.665553
328.75		0.665553
328.875		0.665553
329		0.665553
329.125		0.670237
329.25		0.670237
329.375		0.670237
329.5		0.670237
329.625		0.670237
329.75		0.670237
329.875		0.670237
330		0.670237
330.125		0.671018
330.25		0.671018
330.375		0.671018
330.5		0.671018
330.625		0.671018
330.75		0.671018
330.875		0.671018
331		0.671018
331.125		0.671407
331.25		0.671407
331.375		0.671407
331.5		0.671407
331.625		0.671407
331.75		0.671407
331.875		0.671407
332		0.671407
332.125		0.676818
332.25		0.676818
332.375		0.676818
332.5		0.676818
332.625		0.676818
332.75		0.676818
332.875		0.676818
333		0.676818
333.125		0.677847
333.25		0.677847
333.375		0.677847
333.5		0.677847
333.625		0.677847
333.75		0.677847
333.875		0.677847
334		0.677847
334.125		0.678167
334.25		0.678167
334.375		0.678167
334.5		0.678167
334.625		0.678167
334.75		0.678167
334.875		0.678167
335		0.678167
335.125		0.681175
335.25		0.681175
335.375		0.681175
335.5		0.681175
335.625		0.681175
335.75		0.681175
335.875		0.681175
336		0.681175
336.125		0.687021
336.25		0.687021
336.375		0.687021
336.5		0.687021
336.625		0.687021
336.75		0.687021
336.875		0.687021
337		0.687021
337.125		0.688191
337.25		0.688191
337.375		0.688191
337.5		0.688191
337.625		0.688191
337.75		0.688191
337.875		0.688191
338		0.688191
338.125		0.688458
338.25		0.688458
338.375		0.688458
338.5		0.688458
338.625		0.688458
338.75		0.688458
338.875		0.688458
339		0.688458
339.125		0.689756
339.25		0.689756
339.375		0.689756
339.5		0.689756
339.625		0.689756
339.75		0.689756
339.875		0.689756
340		0.689756
340.125		0.695147
340.25		0.695147
340.375		0.695147
340.5		0.695147
340.625		0.695147
340.75		0.695147
340.875		0.695147
341		0.695147
341.125		0.697032
341.25		0.697032
341.375		0.697032
341.5		0.697032
341.625		0.697032
341.75		0.697032
341.875		0.697032
342		0.697032
342.125		0.698469
342.25		0.698469
342.375		0.698469
342.5		0.698469
342.625		0.698469
342.75		0.698469
342.875		0.698469
343		0.698469
343.125		0.699324
343.25		0.699324
343.375		0.699324
343.5		0.699324
343.625		0.699324
343.75		0.699324
343.875		0.699324
344		0.699324
344.125		0.700509
344.25		0.700509
344.375		0.700509
344.5		0.700509
344.625		0.700509
344.75		0.700509
344.875		0.700509
345		0.700509
345.125		0.704619
345.25		0.704619
345.375		0.704619
345.5		0.704619
345.625		0.704619
345.75		0.704619
345.875		0.704619
346		0.704619
346.125		0.70552
346.25		0.70552
346.375		0.70552
346.5		0.70552
346.625		0.70552
346.75		0.70552
346.875		0.70552
347		0.70552
347.125		0.706873
347.25		0.706873
347.375		0.706873
347.5		0.706873
347.625		0.706873
347.75		0.706873
347.875		0.706873
348		0.706873
348.125		0.707366
348.25		0.707366
348.375		0.707366
348.5		0.707366
348.625		0.707366
348.75		0.707366
348.875		0.707366
349		0.707366
349.125		0.709139
349.25		0.709139
349.375		0.709139
349.5		0.709139
349.625		0.709139
349.75		0.709139
349.875		0.709139
350		0.709139
350.125		0.716366
350.25		0.716366
350.375		0.716366
350.5		0.716366
350.625		0.716366
350.75		0.716366
350.875		0.716366
351		0.716366
351.125		0.71671
351.25		0.71671
351.375		0.71671
351.5		0.71671
351.625		0.71671
351.75		0.71671
351.875		0.71671
352		0.71671
352.125		0.717474
352.25		0.717474
352.375		0.717474
352.5		0.717474
352.625		0.717474
352.75		0.717474
352.875		0.717474
353		0.717474
353.125		0.723244
353.25		0.723244
353.375		0.723244
353.5		0.723244
353.625		0.723244
353.75		0.723244
353.875		0.723244
354		0.723244
354.125		0.724961
354.25		0.724961
354.375		0.724961
354.5		0.724961
354.625		0.724961
354.75		0.724961
354.875		0.724961
355		0.724961
355.125		0.728767
355.25		0.728767
355.375		0.728767
355.5		0.728767
355.625		0.728767
355.75		0.728767
355.875		0.728767
356		0.728767
356.125		0.733714
356.25		0.733714
356.375		0.733714
356.5		0.733714
356.625		0.733714
356.75		0.733714
356.875		0.733714
357		0.733714
357.125		0.734123
357.25		0.734123
357.375		0.734123
357.5		0.734123
357.625		0.734123
357.75		0.734123
357.875		0.734123
358		0.734123
358.125		0.734768
358.25		0.734768
358.375		0.734768
358.5		0.734768
358.625		0.734768
358.75		0.734768
358.875		0.734768
359		0.734768
359.125		0.738576
359.25		0.738576
359.375		0.738576
359.5		0.738576
359.625		0.738576
359.75		0.738576
359.875		0.738576
360		0.738576
360.125		0.738609
360.25		0.738609
360.375		0.738609
360.5		0.738609
360.625		0.738609
360.75		0.738609
360.875		0.738609
361		0.738609
361.125		0.742251
361.25		0.742251
361.375		0.742251
361.5		0.742251
361.625		0.742251
361.75		0.742251
361.875		0.742251
362		0.742251
362.125		0.742677
362.25		0.742677
362.375		0.742677
362.5		0.742677
362.625		0.742677
362.75		0.742677
362.875		0.742677
363		0.742677
363.125		0.743936
363.25		0.743936
363.375		0.743936
363.5		0.743936
363.625		0.743936
363.75		0.743936
363.875		0.743936
364		0.743936
364.125		0.747826
364.25		0.747826
364.375		0.747826
364.5		0.747826
364.625		0.747826
364.75		0.747826
364.875		0.747826
365		0.747826
365.125		0.749248
365.25		0.749248
365.375		0.749248
365.5		0.749248
365.625		0.749248
365.75		0.749248
365.875		0.749248
366		0.749248
366.125		0.751929
366.25		0.751929
366.375		0.751929
366.5		0.751929
366.625		0.751929
366.75		0.751929
366.875		0.751929
367		0.751929
367.125		0.752256
367.25		0.752256
367.375		0.752256
367.5		0.752256
367.625		0.752256
367.75		0.752256
367.875		0.752256
368		0.752256
368.125		0.754332
368.25		0.754332
368.375		0.754332
368.5		0.754332
368.625		0.754332
368.75		0.754332
368.875		0.754332
369		0.754332
369.125		0.759685
369.25		0.759685
369.375		0.759685
369.5		0.759685
369.625		0.759685
369.75		0.759685
369.875		0.759685
370		0.759685
370.125		0.760103
370.25		0.760103
370.375		0.760103
370.5		0.760103
370.625		0.760103
370.75		0.760103
370.875		0.760103
371		0.760103
371.125		0.761742
371.25		0.761742
371.375		0.761742
371.5		0.761742
371.625		0.761742
371.75		0.761742
371.875		0.761742
372		0.761742
372.125		0.763978
372.25		0.763978
372.375		0.763978
372.5		0.763978
372.625		0.763978
372.75		0.763978
372.875		0.763978
373		0.763978
373.125		0.765725
373.25		0.765725
373.375		0.765725
373.5		0.765725
373.625		0.765725
373.75		0.765725
373.875		0.765725
374		0.765725
374.125		0.770163
374.25		0.770163
374.375		0.770163
374.5		0.770163
374.625		0.770163
374.75		0.770163
374.875		0.770163
375		0.770163
375.125		0.770523
375.25		0.770523
375.375		0.770523
375.5		0.770523
375.625		0.770523
375.75		0.770523
375.875		0.770523
376		0.770523
376.125		0.771628
376.25		0.771628
376.375		0.771628
376.5		0.771628
376.625		0.771628
376.75		0.771628
376.875		0.771628
377		0.771628
377.125		0.776325
377.25		0.776325
377.375		0.776325
377.5		0.776325
377.625		0.776325
377.75		0.776325
377.875		0.776325
378		0.776325
378.125		0.778625
378.25		0.778625
378.375		0.778625
378.5		0.778625
378.625		0.778625
378.75		0.778625
378.875		0.778625
379		0.778625
379.125		0.78273
379.25		0.78273
379.375		0.78273
379.5		0.78273
379.625		0.78273
379.75		0.78273
379.875		0.78273
380		0.78273
380.125		0.783242
380.25		0.783242
380.375		0.783242
380.5		0.783242
380.625		0.783242
380.75		0.783242
380.875		0.783242
381		0.783242
381.125		0.790388
381.25		0.790388
381.375		0.790388
381.5		0.790388
381.625		0.790388
381.75		0.790388
381.875		0.790388
382		0.790388
382.125		0.790508
382.25		0.790508
382.375		0.790508
382.5		0.790508
382.625		0.790508
382.75		0.790508
382.875		0.790508
383		0.790508
383.125		0.791109
383.25		0.791109
383.375		0.791109
383.5		0.791109
383.625		0.791109
383.75		0.791109
383.875		0.791109
384		0.791109
384.125		0.796556
384.25		0.796556
384.375		0.796556
384.5		0.796556
384.625		0.796556
384.75		0.796556
384.875		0.796556
385		0.796556
385.125		0.801746
385.25		0.801746
385.375		0.801746
385.5		0.801746
385.625		0.801746
385.75		0.801746
385.875		0.801746
386		0.801746
386.125		0.801957
386.25		0.801957
386.375		0.801957
386.5		0.801957
386.625		0.801957
386.75		0.801957
386.875		0.801957
387		0.801957
387.125		0.802155
387.25		0.802155
387.375		0.802155
387.5		0.802155
387.625		0.802155
387.75		0.802155
387.875		0.802155
388		0.802155
388.125		0.804921
388.25		0.804921
388.375		0.804921
388.5		0.804921
388.625		0.804921
388.75		0.804921
388.875		0.804921
389		0.804921
389.125		0.807202
389.25		0.807202
389.375		0.807202
389.5		0.807202
389.625		0.807202
389.75		0.807202
389.875		0.807202
390		0.807202
390.125		0.811813
390.25		0.811813
390.375		0.811813
390.5		0.811813
390.625		0.811813
390.75		0.811813
390.875		0.811813
391		0.811813
391.125		0.812714
391.25		0.812714
391.375		0.812714
391.5		0.812714
391.625		0.812714
391.75		0.812714
391.875		0.812714
392		0.812714
392.125		0.814244
392.25		0.814244
392.375		0.814244
392.5		0.814244
392.625		0.814244
392.75		0.814244
392.875		0.814244
393		0.814244
393.125		0.815724
393.25		0.815724
393.375		0.815724
393.5		0.815724
393.625		0.815724
393.75		0.815724
393.875		0.815724
394		0.815724
394.125		0.821108
394.25		0.821108
394.375		0.821108
394.5		0.821108
394.625		0.821108
394.75		0.821108
394.875		0.821108
395		0.821108
395.125		0.82256
395.25		0.82256
395.375		0.82256
395.5		0.82256
395.625		0.82256
395.75		0.82256
395.875		0.82256
396		0.82256
396.125		0.823537
396.25		0.823537
396.375		0.823537
396.5		0.823537
396.625		0.823537
396.75		0.823537
396.875		0.823537
397		0.823537
397.125		0.823644
397.25		0.823644
397.375		0.823644
397.5		0.823644
397.625		0.823644
397.75		0.823644
397.875		0.823644
398		0.823644
398.125		0.829161
398.25		0.829161
398.375		0.829161
398.5		0.829161
398.625		0.829161
398.75		0.829161
398.875		0.829161
399		0.829161
399.125		0.829466
399.25		0.829466
399.375		0.829466
399.5		0.829466
399.625		0.829466
399.75		0.829466
399.875		0.829466
400		0.829466
400.125		0.831611
400.25		0.831611
400.375		0.831611
400.5		0.831611
400.625		0.831611
400.75		0.831611
400.875		0.831611
401		0.831611
401.125		0.836076
401.25		0.836076
401.375		0.836076
401.5		0.836076
401.625		0.836076
401.75		0.836076
401.875		0.836076
402		0.836076
402.125		0.839544
402.25		0.839544
402.375		0.839544
402.5		0.839544
402.625		0.839544
402.75		0.839544
402.875		0.839544
403		0.839544
403.125		0.839813
403.25		0.839813
403.375		0.839813
403.5		0.839813
403.625		0.839813
403.75		0.839813
403.875		0.839813
404		0.839813
404.125		0.840437
404.25		0.840437
404.375		0.840437
404.5		0.840437
404.625		0.840437
404.75		0.840437
404.875		0.840437
405		0.840437
405.125		0.841999
405.25		0.841999
405.375		0.841999
405.5		0.841999
405.625		0.841999
405.75		0.841999
405.875		0.841999
406		0.841999
406.125		0.846281
406.25		0.846281
406.375		0.846281
406.5		0.846281
406.625		0.846281
406.75		0.846281
406.875		0.846281
407		0.846281
407.125		0.848671
407.25		0.848671
407.375		0.848671
407.5		0.848671
407.625		0.848671
407.75		0.848671
407.875		0.848671
408		0.848671
408.125		0.850009
408.25		0.850009
408.375		0.850009
408.5		0.850009
408.625		0.850009
408.75		0.850009
408.875		0.850009
409		0.850009
409.125		0.852436
409.25		0.852436
409.375		0.852436
409.5		0.852436
409.625		0.852436
409.75		0.852436
409.875		0.852436
410		0.852436
410.125		0.85272
410.25		0.85272
410.375		0.85272
410.5		0.85272
410.625		0.85272
410.75		0.85272
410.875		0.85272
411		0.85272
411.125		0.857839
411.25		0.857839
411.375		0.857839
411.5		0.857839
411.625		0.857839
411.75		0.857839
411.875		0.857839
412		0.857839
412.125		0.858149
412.25		0.858149
412.375		0.858149
412.5		0.858149
412.625		0.858149
412.75		0.858149
412.875		0.858149
413		0.858149
413.125		0.860464
413.25		0.860464
413.375		0.860464
413.5		0.860464
413.625		0.860464
413.75		0.860464
413.875		0.860464
414		0.860464
414.125		0.860907
414.25		0.860907
414.375		0.860907
414.5		0.860907
414.625		0.860907
414.75		0.860907
414.875		0.860907
415		0.860907
415.125		0.863295
415.25		0.863295
415.375		0.863295
415.5		0.863295
415.625		0.863295
415.75		0.863295
415.875		0.863295
416		0.863295
416.125		0.867389
416.25		0.867389
416.375		0.867389
416.5		0.867389
416.625		0.867389
416.75		0.867389
416.875		0.867389
417		0.867389
417.125		0.868136
417.25		0.868136
417.375		0.868136
417.5		0.868136
417.625		0.868136
417.75		0.868136
417.875		0.868136
418		0.868136
418.125		0.868986
418.25		0.868986
418.375		0.868986
418.5		0.868986
418.625		0.868986
418.75		0.868986
418.875		0.868986
419		0.868986
419.125		0.872106
419.25		0.872106
419.375		0.872106
419.5		0.872106
419.625		0.872106
419.75		0.872106
419.875		0.872106
420		0.872106
420.125		0.876243
420.25		0.876243
420.375		0.876243
420.5		0.876243
420.625		0.876243
420.75		0.876243
420.875		0.876243
421		0.876243
421.125		0.877114
421.25		0.877114
421.375		0.877114
421.5		0.877114
421.625		0.877114
421.75		0.877114
421.875		0.877114
422		0.877114
422.125		0.879429
422.25		0.879429
422.375		0.879429
422.5		0.879429
422.625		0.879429
422.75		0.879429
422.875		0.879429
423		0.879429
423.125		0.879789
423.25		0.879789
423.375		0.879789
423.5		0.879789
423.625		0.879789
423.75		0.879789
423.875		0.879789
424		0.879789
424.125		0.884703
424.25		0.884703
424.375		0.884703
424.5		0.884703
424.625		0.884703
424.75		0.884703
424.875		0.884703
425		0.884703
425.125		0.886646
425.25		0.886646
425.375		0.886646
425.5		0.886646
425.625		0.886646
425.75		0.886646
425.875		0.886646
426		0.886646
426.125		0.887367
426.25		0.887367
426.375		0.887367
426.5		0.887367
426.625		0.887367
426.75		0.887367
426.875		0.887367
427		0.887367
427.125		0.889176
427.25		0.889176
427.375		0.889176
427.5		0.889176
427.625		0.889176
427.75		0.889176
427.875		0.889176
428		0.889176
428.125		0.891997
428.25		0.891997
428.375		0.891997
428.5		0.891997
428.625		0.891997
428.75		0.891997
428.875		0.891997
429		0.891997
429.125		0.895962
429.25		0.895962
429.375		0.895962
429.5		0.895962
429.625		0.895962
429.75		0.895962
429.875		0.895962
430		0.895962
430.125		0.897763
430.25		0.897763
430.375		0.897763
430.5		0.897763
430.625		0.897763
430.75		0.897763
430.875		0.897763
431		0.897763
431.125		0.898628
431.25		0.898628
431.375		0.898628
431.5		0.898628
431.625		0.898628
431.75		0.898628
431.875		0.898628
432		0.898628
432.125		0.899643
432.25		0.899643
432.375		0.899643
432.5		0.899643
432.625		0.899643
432.75		0.899643
432.875		0.899643
433		0.899643
433.125		0.900327
433.25		0.900327
433.375		0.900327
433.5		0.900327
433.625		0.900327
433.75		0.900327
433.875		0.900327
434		0.900327
434.125		0.902279
434.25		0.902279
434.375		0.902279
434.5		0.902279
434.625		0.902279
434.75		0.902279
434.875		0.902279
435		0.902279
435.125		0.906569
435.25		0.906569
435.375		0.906569
435.5		0.906569
435.625		0.906569
435.75		0.906569
435.875		0.906569
436		0.906569
436.125		0.908514
436.25		0.908514
436.375		0.908514
436.5		0.908514
436.625		0.908514
436.75		0.908514
436.875		0.908514
437		0.908514
437.125		0.909237
437.25		0.909237
437.375		0.909237
437.5		0.909237
437.625		0.909237
437.75		0.909237
437.875		0.909237
438		0.909237
438.125		0.909523
438.25		0.909523
438.375		0.909523
438.5		0.909523
438.625		0.909523
438.75		0.909523
438.875		0.909523
439		0.909523
439.125		0.913975
439.25		0.913975
439.375		0.913975
439.5		0.913975
439.625		0.913975
439.75		0.913975
439.875		0.913975
440		0.913975
440.125		0.914932
440.25		0.914932
440.375		0.914932
440.5		0.914932
440.625		0.914932
440.75		0.914932
440.875		0.914932
441		0.914932
441.125		0.918142
441.25		0.918142
441.375		0.918142
441.5		0.918142
441.625		0.918142
441.75		0.918142
441.875		0.918142
442		0.918142
442.125		0.920782
442.25		0.920782
442.375		0.920782
442.5		0.920782
442.625		0.920782
442.75		0.920782
442.875		0.920782
443		0.920782
443.125		0.921107
443.25		0.921107
443.375		0.921107
443.5		0.921107
443.625		0.921107
443.75		0.921107
443.875		0.921107
444		0.921107
444.125		0.922331
444.25		0.922331
444.375		0.922331
444.5		0.922331
444.625		0.922331
444.75		0.922331
444.875		0.922331
445		0.922331
445.125		0.926135
445.25		0.926135
445.375		0.926135
445.5		0.926135
445.625		0.926135
445.75		0.926135
445.875		0.926135
446		0.926135
446.125		0.929453
446.25		0.929453
446.375		0.929453
446.5		0.929453
446.625		0.929453
446.75		0.929453
446.875		0.929453
447		0.929453
447.125		0.929868
447.25		0.929868
447.375		0.929868
447.5		0.929868
447.625		0.929868
447.75		0.929868
447.875		0.929868
448		0.929868
448.125		0.932525
448.25		0.932525
448.375		0.932525
448.5		0.932525
448.625		0.932525
448.75		0.932525
448.875		0.932525
449		0.932525
449.125		0.936108
449.25		0.936108
449.375		0.936108
449.5		0.936108
449.625		0.936108
449.75		0.936108
449.875		0.936108
450		0.936108
450.125		0.937747
450.25		0.937747
450.375		0.937747
450.5		0.937747
450.625		0.937747
450.75		0.937747
450.875		0.937747
451		0.937747
451.125		0.939572
451.25		0.939572
451.375		0.939572
451.5		0.939572
451.625		0.939572
451.75		0.939572
451.875		0.939572
452		0.939572
452.125		0.939965
452.25		0.939965
452.375		0.939965
452.5		0.939965
452.625		0.939965
452.75		0.939965
452.875		0.939965
453		0.939965
453.125		0.941396
453.25		0.941396
453.375		0.941396
453.5		0.941396
453.625		0.941396
453.75		0.941396
453.875		0.941396
454		0.941396
454.125		0.946924
454.25		0.946924
454.375		0.946924
454.5		0.946924
454.625		0.946924
454.75		0.946924
454.875		0.946924
455		0.946924
455.125		0.948522
455.25		0.948522
455.375		0.948522
455.5		0.948522
455.625		0.948522
455.75		0.948522
455.875		0.948522
456		0.948522
456.125		0.949843
456.25		0.949843
456.375		0.949843
456.5		0.949843
456.625		0.949843
456.75		0.949843
456.875		0.949843
457		0.949843
457.125		0.951291
457.25		0.951291
457.375		0.951291
457.5		0.951291
457.625		0.951291
457.75		0.951291
457.875		0.951291
458		0.951291
458.125		0.954779
458.25		0.954779
458.375		0.954779
458.5		0.954779
458.625		0.954779
458.75		0.954779
458.875		0.954779
459		0.954779
459.125		0.956905
459.25		0.956905
459.375		0.956905
459.5		0.956905
459.625		0.956905
459.75		0.956905
459.875		0.956905
460		0.956905
460.125		0.957296
460.25		0.957296
460.375		0.957296
460.5		0.957296
460.625		0.957296
460.75		0.957296
460.875		0.957296
461		0.957296
461.125		0.959803
461.25		0.959803
461.375		0.959803
461.5		0.959803
461.625		0.959803
461.75		0.959803
461.875		0.959803
462		0.959803
462.125		0.961685
462.25		0.961685
462.375		0.961685
462.5		0.961685
462.625		0.961685
462.75		0.961685
462.875		0.961685
463		0.961685
463.125		0.965104
463.25		0.965104
463.375		0.965104
463.5		0.965104
463.625		0.965104
463.75		0.965104
463.875		0.965104
464		0.965104
464.125		0.966012
464.25		0.966012
464.375		0.966012
464.5		0.966012
464.625		0.966012
464.75		0.966012
464.875		0.966012
465		0.966012
465.125		0.968491
465.25		0.968491
465.375		0.968491
465.5		0.968491
465.625		0.968491
465.75		0.968491
465.875		0.968491
466		0.968491
466.125		0.970804
466.25		0.970804
466.375		0.970804
466.5		0.970804
466.625		0.970804
466.75		0.970804
466.875		0.970804
467		0.970804
467.125		0.97319
467.25		0.97319
467.375		0.97319
467.5		0.97319
467.625		0.97319
467.75		0.97319
467.875		0.97319
468		0.97319
468.125		0.977217
468.25		0.977217
468.375		0.977217
468.5		0.977217
468.625		0.977217
468.75		0.977217
468.875		0.977217
469		0.977217
469.125		0.978033
469.25		0.978033
469.375		0.978033
469.5		0.978033
469.625		0.978033
469.75		0.978033
469.875		0.978033
470		0.978033
470.125		0.98004
470.25		0.98004
470.375		0.98004
470.5		0.98004
470.625		0.98004
470.75		0.98004
470.875		0.98004
471		0.98004
471.125		0.980933
471.25		0.980933
471.375		0.980933
471.5		0.980933
471.625		0.980933
471.75		0.980933
471.875		0.980933
472		0.980933
472.125		0.986211
472.25		0.986211
472.375		0.986211
472.5		0.986211
472.625		0.986211
472.75		0.986211
472.875		0.986211
473		0.986211
473.125		0.986549
473.25		0.986549
473.375		0.986549
473.5		0.986549
473.625		0.986549
473.75		0.986549
473.875		0.986549
474		0.986549
474.125		0.989763
474.25		0.989763
474.375		0.989763
474.5		0.989763
474.625		0.989763
474.75		0.989763
474.875		0.989763
475		0.989763
475.125		0.991514
475.25		0.991514
475.375		0.991514
475.5		0.991514
475.625		0.991514
475.75		0.991514
475.875		0.991514
476		0.991514
476.125		0.991951
476.25		0.991951
476.375		0.991951
476.5		0.991951
476.625		0.991951
476.75		0.991951
476.875		0.991951
477		0.991951
477.125		0.993864
477.25		0.993864
477.375		0.993864
477.5		0.993864
477.625		0.993864
477.75		0.993864
477.875		0.993864
478		0.993864
478.125		0.99543
478.25		0.99543
478.375		0.99543
478.5		0.99543
478.625		0.99543
478.75		0.99543
478.875		0.99543
479		0.99543
479.125		0.997857
479.25		0.997857
479.375		0.997857
479.5		0.997857
479.625		0.997857
479.75		0.997857
479.875		0.997857
480		0.997857
480.125		0.999914
480.25		0.999914
480.375		0.999914
480.5		0.999914
480.625		0.999914
480.75		0.999914
480.875		0.999914
481		0.999914
481.125		0.999996
481.25		0.999996
481.375		0.999996
481.5		0.999996
481.625		0.999996
481.75		0.999996
481.875		0.999996
482		0.999996
482.125		1
482.25		1
482.375		1
482.5		1
482.625		1
482.75		1
482.875		1
483		1
483.125		1
483.25		1
483.375		1
483.5		1
483.625		1
483.75		1
483.875		1
484		1
484.125		1
484.25		1
484.375		1
484.5		1
484.625		1
484.75		1
484.875		1
485		1
485.125		1
485.25		1
485.375		1
485.5		1
485.625		1
485.75		1
485.875		1
486		1
486.125		1
486.25		1
486.375		1
486.5		1
486.625		1
486.75		1
486.875		1
487		1
487.125		1
487.25		1
487.375		1
487.5		1
487.625		1
487.75		1
487.875		1
488		1
488.125		1
488.25		1
488.375		1
488.5		1
488.625		1
488.75		1
488.875		1
489		1
489.125		1
489.25		1
489.375		1
489.5		1
489.625		1
489.75		1
489.875		1
490		1
490.125		1
490.25		1
490.375		1
490.5		1
490.625		1
490.75		1
490.875		1
491		1
491.125		1
491.25		1
491.375		1
491.5		1
491.625		1
491.75		1
491.875		1
492		1
492.125		1
492.25		1
492.375		1
492.5		1
492.625		1
492.75		1
492.875		1
493		1
493.125		1
493.25		1
493.375		1
493.5		1
493.625		1
493.75		1
493.875		1
494		1
494.125		1
494.25		1
494.375		1
494.5		1
494.625		1
494.75		1
494.875		1
495		1
495.125		1
495.25		1
495.375		1
495.5		1
495.625		1
495.75		1
495.875		1
496		1
496.125		1
496.25		1
496.375		1
496.5		1
496.625		1
496.75		1
496.875		1
497		1
497.125		1
497.25		1
497.375		1
497.5		1
497.625		1
497.75		1
497.875		1
498		1
498.125		1
498.25		1
498.375		1
498.5		1
498.625		1
498.75		1
498.875		1
499		1
499.125		1
499.25		1
499.375		1
499.5		1
499.625		1
499.75		1
499.875		1
500		1
