# Calibration file of tamex_id 0 @ channel 8
# fine_T bin		 Calibration value
0.125		0
0.25		0
0.375		0
0.5		0
0.625		0
0.75		0
0.875		0
1		0
1.125		0
1.25		0
1.375		0
1.5		0
1.625		0
1.75		0
1.875		0
2		0
2.125		0
2.25		0
2.375		0
2.5		0
2.625		0
2.75		0
2.875		0
3		0
3.125		0
3.25		0
3.375		0
3.5		0
3.625		0
3.75		0
3.875		0
4		0
4.125		0
4.25		0
4.375		0
4.5		0
4.625		0
4.75		0
4.875		0
5		0
5.125		0
5.25		0
5.375		0
5.5		0
5.625		0
5.75		0
5.875		0
6		0
6.125		0
6.25		0
6.375		0
6.5		0
6.625		0
6.75		0
6.875		0
7		0
7.125		0
7.25		0
7.375		0
7.5		0
7.625		0
7.75		0
7.875		0
8		0
8.125		0
8.25		0
8.375		0
8.5		0
8.625		0
8.75		0
8.875		0
9		0
9.125		0
9.25		0
9.375		0
9.5		0
9.625		0
9.75		0
9.875		0
10		0
10.125		0
10.25		0
10.375		0
10.5		0
10.625		0
10.75		0
10.875		0
11		0
11.125		0
11.25		0
11.375		0
11.5		0
11.625		0
11.75		0
11.875		0
12		0
12.125		0
12.25		0
12.375		0
12.5		0
12.625		0
12.75		0
12.875		0
13		0
13.125		0
13.25		0
13.375		0
13.5		0
13.625		0
13.75		0
13.875		0
14		0
14.125		0
14.25		0
14.375		0
14.5		0
14.625		0
14.75		0
14.875		0
15		0
15.125		0
15.25		0
15.375		0
15.5		0
15.625		0
15.75		0
15.875		0
16		0
16.125		0
16.25		0
16.375		0
16.5		0
16.625		0
16.75		0
16.875		0
17		0
17.125		0
17.25		0
17.375		0
17.5		0
17.625		0
17.75		0
17.875		0
18		0
18.125		0
18.25		0
18.375		0
18.5		0
18.625		0
18.75		0
18.875		0
19		0
19.125		0
19.25		0
19.375		0
19.5		0
19.625		0
19.75		0
19.875		0
20		0
20.125		0
20.25		0
20.375		0
20.5		0
20.625		0
20.75		0
20.875		0
21		0
21.125		0
21.25		0
21.375		0
21.5		0
21.625		0
21.75		0
21.875		0
22		0
22.125		0
22.25		0
22.375		0
22.5		0
22.625		0
22.75		0
22.875		0
23		0
23.125		0
23.25		0
23.375		0
23.5		0
23.625		0
23.75		0
23.875		0
24		0
24.125		0.00574452
24.25		0.00574452
24.375		0.00574452
24.5		0.00574452
24.625		0.00574452
24.75		0.00574452
24.875		0.00574452
25		0.00574452
25.125		0.00589141
25.25		0.00589141
25.375		0.00589141
25.5		0.00589141
25.625		0.00589141
25.75		0.00589141
25.875		0.00589141
26		0.00589141
26.125		0.00609664
26.25		0.00609664
26.375		0.00609664
26.5		0.00609664
26.625		0.00609664
26.75		0.00609664
26.875		0.00609664
27		0.00609664
27.125		0.0109458
27.25		0.0109458
27.375		0.0109458
27.5		0.0109458
27.625		0.0109458
27.75		0.0109458
27.875		0.0109458
28		0.0109458
28.125		0.0122255
28.25		0.0122255
28.375		0.0122255
28.5		0.0122255
28.625		0.0122255
28.75		0.0122255
28.875		0.0122255
29		0.0122255
29.125		0.0172497
29.25		0.0172497
29.375		0.0172497
29.5		0.0172497
29.625		0.0172497
29.75		0.0172497
29.875		0.0172497
30		0.0172497
30.125		0.0179116
30.25		0.0179116
30.375		0.0179116
30.5		0.0179116
30.625		0.0179116
30.75		0.0179116
30.875		0.0179116
31		0.0179116
31.125		0.0181833
31.25		0.0181833
31.375		0.0181833
31.5		0.0181833
31.625		0.0181833
31.75		0.0181833
31.875		0.0181833
32		0.0181833
32.125		0.018809
32.25		0.018809
32.375		0.018809
32.5		0.018809
32.625		0.018809
32.75		0.018809
32.875		0.018809
33		0.018809
33.125		0.024129
33.25		0.024129
33.375		0.024129
33.5		0.024129
33.625		0.024129
33.75		0.024129
33.875		0.024129
34		0.024129
34.125		0.0260244
34.25		0.0260244
34.375		0.0260244
34.5		0.0260244
34.625		0.0260244
34.75		0.0260244
34.875		0.0260244
35		0.0260244
35.125		0.0282015
35.25		0.0282015
35.375		0.0282015
35.5		0.0282015
35.625		0.0282015
35.75		0.0282015
35.875		0.0282015
36		0.0282015
36.125		0.0298152
36.25		0.0298152
36.375		0.0298152
36.5		0.0298152
36.625		0.0298152
36.75		0.0298152
36.875		0.0298152
37		0.0298152
37.125		0.030457
37.25		0.030457
37.375		0.030457
37.5		0.030457
37.625		0.030457
37.75		0.030457
37.875		0.030457
38		0.030457
38.125		0.0352197
38.25		0.0352197
38.375		0.0352197
38.5		0.0352197
38.625		0.0352197
38.75		0.0352197
38.875		0.0352197
39		0.0352197
39.125		0.0372438
39.25		0.0372438
39.375		0.0372438
39.5		0.0372438
39.625		0.0372438
39.75		0.0372438
39.875		0.0372438
40		0.0372438
40.125		0.0377569
40.25		0.0377569
40.375		0.0377569
40.5		0.0377569
40.625		0.0377569
40.75		0.0377569
40.875		0.0377569
41		0.0377569
41.125		0.0384994
41.25		0.0384994
41.375		0.0384994
41.5		0.0384994
41.625		0.0384994
41.75		0.0384994
41.875		0.0384994
42		0.0384994
42.125		0.0444391
42.25		0.0444391
42.375		0.0444391
42.5		0.0444391
42.625		0.0444391
42.75		0.0444391
42.875		0.0444391
43		0.0444391
43.125		0.0448314
43.25		0.0448314
43.375		0.0448314
43.5		0.0448314
43.625		0.0448314
43.75		0.0448314
43.875		0.0448314
44		0.0448314
44.125		0.0476383
44.25		0.0476383
44.375		0.0476383
44.5		0.0476383
44.625		0.0476383
44.75		0.0476383
44.875		0.0476383
45		0.0476383
45.125		0.0492601
45.25		0.0492601
45.375		0.0492601
45.5		0.0492601
45.625		0.0492601
45.75		0.0492601
45.875		0.0492601
46		0.0492601
46.125		0.0521977
46.25		0.0521977
46.375		0.0521977
46.5		0.0521977
46.625		0.0521977
46.75		0.0521977
46.875		0.0521977
47		0.0521977
47.125		0.0524734
47.25		0.0524734
47.375		0.0524734
47.5		0.0524734
47.625		0.0524734
47.75		0.0524734
47.875		0.0524734
48		0.0524734
48.125		0.0544774
48.25		0.0544774
48.375		0.0544774
48.5		0.0544774
48.625		0.0544774
48.75		0.0544774
48.875		0.0544774
49		0.0544774
49.125		0.0567692
49.25		0.0567692
49.375		0.0567692
49.5		0.0567692
49.625		0.0567692
49.75		0.0567692
49.875		0.0567692
50		0.0567692
50.125		0.0623105
50.25		0.0623105
50.375		0.0623105
50.5		0.0623105
50.625		0.0623105
50.75		0.0623105
50.875		0.0623105
51		0.0623105
51.125		0.0635781
51.25		0.0635781
51.375		0.0635781
51.5		0.0635781
51.625		0.0635781
51.75		0.0635781
51.875		0.0635781
52		0.0635781
52.125		0.0639
52.25		0.0639
52.375		0.0639
52.5		0.0639
52.625		0.0639
52.75		0.0639
52.875		0.0639
53		0.0639
53.125		0.0650268
53.25		0.0650268
53.375		0.0650268
53.5		0.0650268
53.625		0.0650268
53.75		0.0650268
53.875		0.0650268
54		0.0650268
54.125		0.0685419
54.25		0.0685419
54.375		0.0685419
54.5		0.0685419
54.625		0.0685419
54.75		0.0685419
54.875		0.0685419
55		0.0685419
55.125		0.0706124
55.25		0.0706124
55.375		0.0706124
55.5		0.0706124
55.625		0.0706124
55.75		0.0706124
55.875		0.0706124
56		0.0706124
56.125		0.0726708
56.25		0.0726708
56.375		0.0726708
56.5		0.0726708
56.625		0.0726708
56.75		0.0726708
56.875		0.0726708
57		0.0726708
57.125		0.0761617
57.25		0.0761617
57.375		0.0761617
57.5		0.0761617
57.625		0.0761617
57.75		0.0761617
57.875		0.0761617
58		0.0761617
58.125		0.0779746
58.25		0.0779746
58.375		0.0779746
58.5		0.0779746
58.625		0.0779746
58.75		0.0779746
58.875		0.0779746
59		0.0779746
59.125		0.0792885
59.25		0.0792885
59.375		0.0792885
59.5		0.0792885
59.625		0.0792885
59.75		0.0792885
59.875		0.0792885
60		0.0792885
60.125		0.0802402
60.25		0.0802402
60.375		0.0802402
60.5		0.0802402
60.625		0.0802402
60.75		0.0802402
60.875		0.0802402
61		0.0802402
61.125		0.0822061
61.25		0.0822061
61.375		0.0822061
61.5		0.0822061
61.625		0.0822061
61.75		0.0822061
61.875		0.0822061
62		0.0822061
62.125		0.0862423
62.25		0.0862423
62.375		0.0862423
62.5		0.0862423
62.625		0.0862423
62.75		0.0862423
62.875		0.0862423
63		0.0862423
63.125		0.0890572
63.25		0.0890572
63.375		0.0890572
63.5		0.0890572
63.625		0.0890572
63.75		0.0890572
63.875		0.0890572
64		0.0890572
64.125		0.0920009
64.25		0.0920009
64.375		0.0920009
64.5		0.0920009
64.625		0.0920009
64.75		0.0920009
64.875		0.0920009
65		0.0920009
65.125		0.0923088
65.25		0.0923088
65.375		0.0923088
65.5		0.0923088
65.625		0.0923088
65.75		0.0923088
65.875		0.0923088
66		0.0923088
66.125		0.0944557
66.25		0.0944557
66.375		0.0944557
66.5		0.0944557
66.625		0.0944557
66.75		0.0944557
66.875		0.0944557
67		0.0944557
67.125		0.0966891
67.25		0.0966891
67.375		0.0966891
67.5		0.0966891
67.625		0.0966891
67.75		0.0966891
67.875		0.0966891
68		0.0966891
68.125		0.100679
68.25		0.100679
68.375		0.100679
68.5		0.100679
68.625		0.100679
68.75		0.100679
68.875		0.100679
69		0.100679
69.125		0.102629
69.25		0.102629
69.375		0.102629
69.5		0.102629
69.625		0.102629
69.75		0.102629
69.875		0.102629
70		0.102629
70.125		0.103464
70.25		0.103464
70.375		0.103464
70.5		0.103464
70.625		0.103464
70.75		0.103464
70.875		0.103464
71		0.103464
71.125		0.105331
71.25		0.105331
71.375		0.105331
71.5		0.105331
71.625		0.105331
71.75		0.105331
71.875		0.105331
72		0.105331
72.125		0.105842
72.25		0.105842
72.375		0.105842
72.5		0.105842
72.625		0.105842
72.75		0.105842
72.875		0.105842
73		0.105842
73.125		0.108422
73.25		0.108422
73.375		0.108422
73.5		0.108422
73.625		0.108422
73.75		0.108422
73.875		0.108422
74		0.108422
74.125		0.111669
74.25		0.111669
74.375		0.111669
74.5		0.111669
74.625		0.111669
74.75		0.111669
74.875		0.111669
75		0.111669
75.125		0.113595
75.25		0.113595
75.375		0.113595
75.5		0.113595
75.625		0.113595
75.75		0.113595
75.875		0.113595
76		0.113595
76.125		0.115546
76.25		0.115546
76.375		0.115546
76.5		0.115546
76.625		0.115546
76.75		0.115546
76.875		0.115546
77		0.115546
77.125		0.117208
77.25		0.117208
77.375		0.117208
77.5		0.117208
77.625		0.117208
77.75		0.117208
77.875		0.117208
78		0.117208
78.125		0.117561
78.25		0.117561
78.375		0.117561
78.5		0.117561
78.625		0.117561
78.75		0.117561
78.875		0.117561
79		0.117561
79.125		0.120524
79.25		0.120524
79.375		0.120524
79.5		0.120524
79.625		0.120524
79.75		0.120524
79.875		0.120524
80		0.120524
80.125		0.124995
80.25		0.124995
80.375		0.124995
80.5		0.124995
80.625		0.124995
80.75		0.124995
80.875		0.124995
81		0.124995
81.125		0.125158
81.25		0.125158
81.375		0.125158
81.5		0.125158
81.625		0.125158
81.75		0.125158
81.875		0.125158
82		0.125158
82.125		0.127941
82.25		0.127941
82.375		0.127941
82.5		0.127941
82.625		0.127941
82.75		0.127941
82.875		0.127941
83		0.127941
83.125		0.128987
83.25		0.128987
83.375		0.128987
83.5		0.128987
83.625		0.128987
83.75		0.128987
83.875		0.128987
84		0.128987
84.125		0.134714
84.25		0.134714
84.375		0.134714
84.5		0.134714
84.625		0.134714
84.75		0.134714
84.875		0.134714
85		0.134714
85.125		0.136527
85.25		0.136527
85.375		0.136527
85.5		0.136527
85.625		0.136527
85.75		0.136527
85.875		0.136527
86		0.136527
86.125		0.137349
86.25		0.137349
86.375		0.137349
86.5		0.137349
86.625		0.137349
86.75		0.137349
86.875		0.137349
87		0.137349
87.125		0.13881
87.25		0.13881
87.375		0.13881
87.5		0.13881
87.625		0.13881
87.75		0.13881
87.875		0.13881
88		0.13881
88.125		0.141599
88.25		0.141599
88.375		0.141599
88.5		0.141599
88.625		0.141599
88.75		0.141599
88.875		0.141599
89		0.141599
89.125		0.145197
89.25		0.145197
89.375		0.145197
89.5		0.145197
89.625		0.145197
89.75		0.145197
89.875		0.145197
90		0.145197
90.125		0.14576
90.25		0.14576
90.375		0.14576
90.5		0.14576
90.625		0.14576
90.75		0.14576
90.875		0.14576
91		0.14576
91.125		0.147975
91.25		0.147975
91.375		0.147975
91.5		0.147975
91.625		0.147975
91.75		0.147975
91.875		0.147975
92		0.147975
92.125		0.151112
92.25		0.151112
92.375		0.151112
92.5		0.151112
92.625		0.151112
92.75		0.151112
92.875		0.151112
93		0.151112
93.125		0.151354
93.25		0.151354
93.375		0.151354
93.5		0.151354
93.625		0.151354
93.75		0.151354
93.875		0.151354
94		0.151354
94.125		0.156503
94.25		0.156503
94.375		0.156503
94.5		0.156503
94.625		0.156503
94.75		0.156503
94.875		0.156503
95		0.156503
95.125		0.157416
95.25		0.157416
95.375		0.157416
95.5		0.157416
95.625		0.157416
95.75		0.157416
95.875		0.157416
96		0.157416
96.125		0.15777
96.25		0.15777
96.375		0.15777
96.5		0.15777
96.625		0.15777
96.75		0.15777
96.875		0.15777
97		0.15777
97.125		0.163279
97.25		0.163279
97.375		0.163279
97.5		0.163279
97.625		0.163279
97.75		0.163279
97.875		0.163279
98		0.163279
98.125		0.165714
98.25		0.165714
98.375		0.165714
98.5		0.165714
98.625		0.165714
98.75		0.165714
98.875		0.165714
99		0.165714
99.125		0.166008
99.25		0.166008
99.375		0.166008
99.5		0.166008
99.625		0.166008
99.75		0.166008
99.875		0.166008
100		0.166008
100.125		0.168678
100.25		0.168678
100.375		0.168678
100.5		0.168678
100.625		0.168678
100.75		0.168678
100.875		0.168678
101		0.168678
101.125		0.169541
101.25		0.169541
101.375		0.169541
101.5		0.169541
101.625		0.169541
101.75		0.169541
101.875		0.169541
102		0.169541
102.125		0.174509
102.25		0.174509
102.375		0.174509
102.5		0.174509
102.625		0.174509
102.75		0.174509
102.875		0.174509
103		0.174509
103.125		0.175752
103.25		0.175752
103.375		0.175752
103.5		0.175752
103.625		0.175752
103.75		0.175752
103.875		0.175752
104		0.175752
104.125		0.176364
104.25		0.176364
104.375		0.176364
104.5		0.176364
104.625		0.176364
104.75		0.176364
104.875		0.176364
105		0.176364
105.125		0.176682
105.25		0.176682
105.375		0.176682
105.5		0.176682
105.625		0.176682
105.75		0.176682
105.875		0.176682
106		0.176682
106.125		0.183108
106.25		0.183108
106.375		0.183108
106.5		0.183108
106.625		0.183108
106.75		0.183108
106.875		0.183108
107		0.183108
107.125		0.183841
107.25		0.183841
107.375		0.183841
107.5		0.183841
107.625		0.183841
107.75		0.183841
107.875		0.183841
108		0.183841
108.125		0.18499
108.25		0.18499
108.375		0.18499
108.5		0.18499
108.625		0.18499
108.75		0.18499
108.875		0.18499
109		0.18499
109.125		0.187843
109.25		0.187843
109.375		0.187843
109.5		0.187843
109.625		0.187843
109.75		0.187843
109.875		0.187843
110		0.187843
110.125		0.191058
110.25		0.191058
110.375		0.191058
110.5		0.191058
110.625		0.191058
110.75		0.191058
110.875		0.191058
111		0.191058
111.125		0.193088
111.25		0.193088
111.375		0.193088
111.5		0.193088
111.625		0.193088
111.75		0.193088
111.875		0.193088
112		0.193088
112.125		0.193682
112.25		0.193682
112.375		0.193682
112.5		0.193682
112.625		0.193682
112.75		0.193682
112.875		0.193682
113		0.193682
113.125		0.194042
113.25		0.194042
113.375		0.194042
113.5		0.194042
113.625		0.194042
113.75		0.194042
113.875		0.194042
114		0.194042
114.125		0.197312
114.25		0.197312
114.375		0.197312
114.5		0.197312
114.625		0.197312
114.75		0.197312
114.875		0.197312
115		0.197312
115.125		0.201221
115.25		0.201221
115.375		0.201221
115.5		0.201221
115.625		0.201221
115.75		0.201221
115.875		0.201221
116		0.201221
116.125		0.20232
116.25		0.20232
116.375		0.20232
116.5		0.20232
116.625		0.20232
116.75		0.20232
116.875		0.20232
117		0.20232
117.125		0.204793
117.25		0.204793
117.375		0.204793
117.5		0.204793
117.625		0.204793
117.75		0.204793
117.875		0.204793
118		0.204793
118.125		0.20592
118.25		0.20592
118.375		0.20592
118.5		0.20592
118.625		0.20592
118.75		0.20592
118.875		0.20592
119		0.20592
119.125		0.208716
119.25		0.208716
119.375		0.208716
119.5		0.208716
119.625		0.208716
119.75		0.208716
119.875		0.208716
120		0.208716
120.125		0.211563
120.25		0.211563
120.375		0.211563
120.5		0.211563
120.625		0.211563
120.75		0.211563
120.875		0.211563
121		0.211563
121.125		0.213555
121.25		0.213555
121.375		0.213555
121.5		0.213555
121.625		0.213555
121.75		0.213555
121.875		0.213555
122		0.213555
122.125		0.214056
122.25		0.214056
122.375		0.214056
122.5		0.214056
122.625		0.214056
122.75		0.214056
122.875		0.214056
123		0.214056
123.125		0.216302
123.25		0.216302
123.375		0.216302
123.5		0.216302
123.625		0.216302
123.75		0.216302
123.875		0.216302
124		0.216302
124.125		0.216926
124.25		0.216926
124.375		0.216926
124.5		0.216926
124.625		0.216926
124.75		0.216926
124.875		0.216926
125		0.216926
125.125		0.222342
125.25		0.222342
125.375		0.222342
125.5		0.222342
125.625		0.222342
125.75		0.222342
125.875		0.222342
126		0.222342
126.125		0.222576
126.25		0.222576
126.375		0.222576
126.5		0.222576
126.625		0.222576
126.75		0.222576
126.875		0.222576
127		0.222576
127.125		0.224803
127.25		0.224803
127.375		0.224803
127.5		0.224803
127.625		0.224803
127.75		0.224803
127.875		0.224803
128		0.224803
128.125		0.228849
128.25		0.228849
128.375		0.228849
128.5		0.228849
128.625		0.228849
128.75		0.228849
128.875		0.228849
129		0.228849
129.125		0.22899
129.25		0.22899
129.375		0.22899
129.5		0.22899
129.625		0.22899
129.75		0.22899
129.875		0.22899
130		0.22899
130.125		0.229781
130.25		0.229781
130.375		0.229781
130.5		0.229781
130.625		0.229781
130.75		0.229781
130.875		0.229781
131		0.229781
131.125		0.233521
131.25		0.233521
131.375		0.233521
131.5		0.233521
131.625		0.233521
131.75		0.233521
131.875		0.233521
132		0.233521
132.125		0.236004
132.25		0.236004
132.375		0.236004
132.5		0.236004
132.625		0.236004
132.75		0.236004
132.875		0.236004
133		0.236004
133.125		0.239357
133.25		0.239357
133.375		0.239357
133.5		0.239357
133.625		0.239357
133.75		0.239357
133.875		0.239357
134		0.239357
134.125		0.241602
134.25		0.241602
134.375		0.241602
134.5		0.241602
134.625		0.241602
134.75		0.241602
134.875		0.241602
135		0.241602
135.125		0.242167
135.25		0.242167
135.375		0.242167
135.5		0.242167
135.625		0.242167
135.75		0.242167
135.875		0.242167
136		0.242167
136.125		0.246526
136.25		0.246526
136.375		0.246526
136.5		0.246526
136.625		0.246526
136.75		0.246526
136.875		0.246526
137		0.246526
137.125		0.246811
137.25		0.246811
137.375		0.246811
137.5		0.246811
137.625		0.246811
137.75		0.246811
137.875		0.246811
138		0.246811
138.125		0.247163
138.25		0.247163
138.375		0.247163
138.5		0.247163
138.625		0.247163
138.75		0.247163
138.875		0.247163
139		0.247163
139.125		0.250023
139.25		0.250023
139.375		0.250023
139.5		0.250023
139.625		0.250023
139.75		0.250023
139.875		0.250023
140		0.250023
140.125		0.253761
140.25		0.253761
140.375		0.253761
140.5		0.253761
140.625		0.253761
140.75		0.253761
140.875		0.253761
141		0.253761
141.125		0.258149
141.25		0.258149
141.375		0.258149
141.5		0.258149
141.625		0.258149
141.75		0.258149
141.875		0.258149
142		0.258149
142.125		0.259174
142.25		0.259174
142.375		0.259174
142.5		0.259174
142.625		0.259174
142.75		0.259174
142.875		0.259174
143		0.259174
143.125		0.259508
143.25		0.259508
143.375		0.259508
143.5		0.259508
143.625		0.259508
143.75		0.259508
143.875		0.259508
144		0.259508
144.125		0.260914
144.25		0.260914
144.375		0.260914
144.5		0.260914
144.625		0.260914
144.75		0.260914
144.875		0.260914
145		0.260914
145.125		0.264775
145.25		0.264775
145.375		0.264775
145.5		0.264775
145.625		0.264775
145.75		0.264775
145.875		0.264775
146		0.264775
146.125		0.266254
146.25		0.266254
146.375		0.266254
146.5		0.266254
146.625		0.266254
146.75		0.266254
146.875		0.266254
147		0.266254
147.125		0.270641
147.25		0.270641
147.375		0.270641
147.5		0.270641
147.625		0.270641
147.75		0.270641
147.875		0.270641
148		0.270641
148.125		0.270902
148.25		0.270902
148.375		0.270902
148.5		0.270902
148.625		0.270902
148.75		0.270902
148.875		0.270902
149		0.270902
149.125		0.271967
149.25		0.271967
149.375		0.271967
149.5		0.271967
149.625		0.271967
149.75		0.271967
149.875		0.271967
150		0.271967
150.125		0.276011
150.25		0.276011
150.375		0.276011
150.5		0.276011
150.625		0.276011
150.75		0.276011
150.875		0.276011
151		0.276011
151.125		0.276166
151.25		0.276166
151.375		0.276166
151.5		0.276166
151.625		0.276166
151.75		0.276166
151.875		0.276166
152		0.276166
152.125		0.280689
152.25		0.280689
152.375		0.280689
152.5		0.280689
152.625		0.280689
152.75		0.280689
152.875		0.280689
153		0.280689
153.125		0.281701
153.25		0.281701
153.375		0.281701
153.5		0.281701
153.625		0.281701
153.75		0.281701
153.875		0.281701
154		0.281701
154.125		0.28755
154.25		0.28755
154.375		0.28755
154.5		0.28755
154.625		0.28755
154.75		0.28755
154.875		0.28755
155		0.28755
155.125		0.288928
155.25		0.288928
155.375		0.288928
155.5		0.288928
155.625		0.288928
155.75		0.288928
155.875		0.288928
156		0.288928
156.125		0.290411
156.25		0.290411
156.375		0.290411
156.5		0.290411
156.625		0.290411
156.75		0.290411
156.875		0.290411
157		0.290411
157.125		0.292037
157.25		0.292037
157.375		0.292037
157.5		0.292037
157.625		0.292037
157.75		0.292037
157.875		0.292037
158		0.292037
158.125		0.296756
158.25		0.296756
158.375		0.296756
158.5		0.296756
158.625		0.296756
158.75		0.296756
158.875		0.296756
159		0.296756
159.125		0.297293
159.25		0.297293
159.375		0.297293
159.5		0.297293
159.625		0.297293
159.75		0.297293
159.875		0.297293
160		0.297293
160.125		0.298403
160.25		0.298403
160.375		0.298403
160.5		0.298403
160.625		0.298403
160.75		0.298403
160.875		0.298403
161		0.298403
161.125		0.300546
161.25		0.300546
161.375		0.300546
161.5		0.300546
161.625		0.300546
161.75		0.300546
161.875		0.300546
162		0.300546
162.125		0.305657
162.25		0.305657
162.375		0.305657
162.5		0.305657
162.625		0.305657
162.75		0.305657
162.875		0.305657
163		0.305657
163.125		0.306611
163.25		0.306611
163.375		0.306611
163.5		0.306611
163.625		0.306611
163.75		0.306611
163.875		0.306611
164		0.306611
164.125		0.308389
164.25		0.308389
164.375		0.308389
164.5		0.308389
164.625		0.308389
164.75		0.308389
164.875		0.308389
165		0.308389
165.125		0.308633
165.25		0.308633
165.375		0.308633
165.5		0.308633
165.625		0.308633
165.75		0.308633
165.875		0.308633
166		0.308633
166.125		0.3142
166.25		0.3142
166.375		0.3142
166.5		0.3142
166.625		0.3142
166.75		0.3142
166.875		0.3142
167		0.3142
167.125		0.314599
167.25		0.314599
167.375		0.314599
167.5		0.314599
167.625		0.314599
167.75		0.314599
167.875		0.314599
168		0.314599
168.125		0.316454
168.25		0.316454
168.375		0.316454
168.5		0.316454
168.625		0.316454
168.75		0.316454
168.875		0.316454
169		0.316454
169.125		0.318035
169.25		0.318035
169.375		0.318035
169.5		0.318035
169.625		0.318035
169.75		0.318035
169.875		0.318035
170		0.318035
170.125		0.320188
170.25		0.320188
170.375		0.320188
170.5		0.320188
170.625		0.320188
170.75		0.320188
170.875		0.320188
171		0.320188
171.125		0.326104
171.25		0.326104
171.375		0.326104
171.5		0.326104
171.625		0.326104
171.75		0.326104
171.875		0.326104
172		0.326104
172.125		0.326675
172.25		0.326675
172.375		0.326675
172.5		0.326675
172.625		0.326675
172.75		0.326675
172.875		0.326675
173		0.326675
173.125		0.326834
173.25		0.326834
173.375		0.326834
173.5		0.326834
173.625		0.326834
173.75		0.326834
173.875		0.326834
174		0.326834
174.125		0.329931
174.25		0.329931
174.375		0.329931
174.5		0.329931
174.625		0.329931
174.75		0.329931
174.875		0.329931
175		0.329931
175.125		0.330394
175.25		0.330394
175.375		0.330394
175.5		0.330394
175.625		0.330394
175.75		0.330394
175.875		0.330394
176		0.330394
176.125		0.333146
176.25		0.333146
176.375		0.333146
176.5		0.333146
176.625		0.333146
176.75		0.333146
176.875		0.333146
177		0.333146
177.125		0.336056
177.25		0.336056
177.375		0.336056
177.5		0.336056
177.625		0.336056
177.75		0.336056
177.875		0.336056
178		0.336056
178.125		0.338329
178.25		0.338329
178.375		0.338329
178.5		0.338329
178.625		0.338329
178.75		0.338329
178.875		0.338329
179		0.338329
179.125		0.341364
179.25		0.341364
179.375		0.341364
179.5		0.341364
179.625		0.341364
179.75		0.341364
179.875		0.341364
180		0.341364
180.125		0.343704
180.25		0.343704
180.375		0.343704
180.5		0.343704
180.625		0.343704
180.75		0.343704
180.875		0.343704
181		0.343704
181.125		0.345253
181.25		0.345253
181.375		0.345253
181.5		0.345253
181.625		0.345253
181.75		0.345253
181.875		0.345253
182		0.345253
182.125		0.3455
182.25		0.3455
182.375		0.3455
182.5		0.3455
182.625		0.3455
182.75		0.3455
182.875		0.3455
183		0.3455
183.125		0.347931
183.25		0.347931
183.375		0.347931
183.5		0.347931
183.625		0.347931
183.75		0.347931
183.875		0.347931
184		0.347931
184.125		0.352746
184.25		0.352746
184.375		0.352746
184.5		0.352746
184.625		0.352746
184.75		0.352746
184.875		0.352746
185		0.352746
185.125		0.353201
185.25		0.353201
185.375		0.353201
185.5		0.353201
185.625		0.353201
185.75		0.353201
185.875		0.353201
186		0.353201
186.125		0.355674
186.25		0.355674
186.375		0.355674
186.5		0.355674
186.625		0.355674
186.75		0.355674
186.875		0.355674
187		0.355674
187.125		0.357157
187.25		0.357157
187.375		0.357157
187.5		0.357157
187.625		0.357157
187.75		0.357157
187.875		0.357157
188		0.357157
188.125		0.359696
188.25		0.359696
188.375		0.359696
188.5		0.359696
188.625		0.359696
188.75		0.359696
188.875		0.359696
189		0.359696
189.125		0.361281
189.25		0.361281
189.375		0.361281
189.5		0.361281
189.625		0.361281
189.75		0.361281
189.875		0.361281
190		0.361281
190.125		0.365658
190.25		0.365658
190.375		0.365658
190.5		0.365658
190.625		0.365658
190.75		0.365658
190.875		0.365658
191		0.365658
191.125		0.366018
191.25		0.366018
191.375		0.366018
191.5		0.366018
191.625		0.366018
191.75		0.366018
191.875		0.366018
192		0.366018
192.125		0.367891
192.25		0.367891
192.375		0.367891
192.5		0.367891
192.625		0.367891
192.75		0.367891
192.875		0.367891
193		0.367891
193.125		0.370953
193.25		0.370953
193.375		0.370953
193.5		0.370953
193.625		0.370953
193.75		0.370953
193.875		0.370953
194		0.370953
194.125		0.371332
194.25		0.371332
194.375		0.371332
194.5		0.371332
194.625		0.371332
194.75		0.371332
194.875		0.371332
195		0.371332
195.125		0.372495
195.25		0.372495
195.375		0.372495
195.5		0.372495
195.625		0.372495
195.75		0.372495
195.875		0.372495
196		0.372495
196.125		0.377493
196.25		0.377493
196.375		0.377493
196.5		0.377493
196.625		0.377493
196.75		0.377493
196.875		0.377493
197		0.377493
197.125		0.378895
197.25		0.378895
197.375		0.378895
197.5		0.378895
197.625		0.378895
197.75		0.378895
197.875		0.378895
198		0.378895
198.125		0.379223
198.25		0.379223
198.375		0.379223
198.5		0.379223
198.625		0.379223
198.75		0.379223
198.875		0.379223
199		0.379223
199.125		0.384847
199.25		0.384847
199.375		0.384847
199.5		0.384847
199.625		0.384847
199.75		0.384847
199.875		0.384847
200		0.384847
200.125		0.385841
200.25		0.385841
200.375		0.385841
200.5		0.385841
200.625		0.385841
200.75		0.385841
200.875		0.385841
201		0.385841
201.125		0.387833
201.25		0.387833
201.375		0.387833
201.5		0.387833
201.625		0.387833
201.75		0.387833
201.875		0.387833
202		0.387833
202.125		0.38838
202.25		0.38838
202.375		0.38838
202.5		0.38838
202.625		0.38838
202.75		0.38838
202.875		0.38838
203		0.38838
203.125		0.39096
203.25		0.39096
203.375		0.39096
203.5		0.39096
203.625		0.39096
203.75		0.39096
203.875		0.39096
204		0.39096
204.125		0.395201
204.25		0.395201
204.375		0.395201
204.5		0.395201
204.625		0.395201
204.75		0.395201
204.875		0.395201
205		0.395201
205.125		0.395571
205.25		0.395571
205.375		0.395571
205.5		0.395571
205.625		0.395571
205.75		0.395571
205.875		0.395571
206		0.395571
206.125		0.397581
206.25		0.397581
206.375		0.397581
206.5		0.397581
206.625		0.397581
206.75		0.397581
206.875		0.397581
207		0.397581
207.125		0.399551
207.25		0.399551
207.375		0.399551
207.5		0.399551
207.625		0.399551
207.75		0.399551
207.875		0.399551
208		0.399551
208.125		0.403068
208.25		0.403068
208.375		0.403068
208.5		0.403068
208.625		0.403068
208.75		0.403068
208.875		0.403068
209		0.403068
209.125		0.405394
209.25		0.405394
209.375		0.405394
209.5		0.405394
209.625		0.405394
209.75		0.405394
209.875		0.405394
210		0.405394
210.125		0.409368
210.25		0.409368
210.375		0.409368
210.5		0.409368
210.625		0.409368
210.75		0.409368
210.875		0.409368
211		0.409368
211.125		0.409634
211.25		0.409634
211.375		0.409634
211.5		0.409634
211.625		0.409634
211.75		0.409634
211.875		0.409634
212		0.409634
212.125		0.410149
212.25		0.410149
212.375		0.410149
212.5		0.410149
212.625		0.410149
212.75		0.410149
212.875		0.410149
213		0.410149
213.125		0.410415
213.25		0.410415
213.375		0.410415
213.5		0.410415
213.625		0.410415
213.75		0.410415
213.875		0.410415
214		0.410415
214.125		0.417324
214.25		0.417324
214.375		0.417324
214.5		0.417324
214.625		0.417324
214.75		0.417324
214.875		0.417324
215		0.417324
215.125		0.417721
215.25		0.417721
215.375		0.417721
215.5		0.417721
215.625		0.417721
215.75		0.417721
215.875		0.417721
216		0.417721
216.125		0.41828
216.25		0.41828
216.375		0.41828
216.5		0.41828
216.625		0.41828
216.75		0.41828
216.875		0.41828
217		0.41828
217.125		0.421328
217.25		0.421328
217.375		0.421328
217.5		0.421328
217.625		0.421328
217.75		0.421328
217.875		0.421328
218		0.421328
218.125		0.423994
218.25		0.423994
218.375		0.423994
218.5		0.423994
218.625		0.423994
218.75		0.423994
218.875		0.423994
219		0.423994
219.125		0.427034
219.25		0.427034
219.375		0.427034
219.5		0.427034
219.625		0.427034
219.75		0.427034
219.875		0.427034
220		0.427034
220.125		0.42892
220.25		0.42892
220.375		0.42892
220.5		0.42892
220.625		0.42892
220.75		0.42892
220.875		0.42892
221		0.42892
221.125		0.429177
221.25		0.429177
221.375		0.429177
221.5		0.429177
221.625		0.429177
221.75		0.429177
221.875		0.429177
222		0.429177
222.125		0.435014
222.25		0.435014
222.375		0.435014
222.5		0.435014
222.625		0.435014
222.75		0.435014
222.875		0.435014
223		0.435014
223.125		0.435123
223.25		0.435123
223.375		0.435123
223.5		0.435123
223.625		0.435123
223.75		0.435123
223.875		0.435123
224		0.435123
224.125		0.437469
224.25		0.437469
224.375		0.437469
224.5		0.437469
224.625		0.437469
224.75		0.437469
224.875		0.437469
225		0.437469
225.125		0.438049
225.25		0.438049
225.375		0.438049
225.5		0.438049
225.625		0.438049
225.75		0.438049
225.875		0.438049
226		0.438049
226.125		0.441373
226.25		0.441373
226.375		0.441373
226.5		0.441373
226.625		0.441373
226.75		0.441373
226.875		0.441373
227		0.441373
227.125		0.444562
227.25		0.444562
227.375		0.444562
227.5		0.444562
227.625		0.444562
227.75		0.444562
227.875		0.444562
228		0.444562
228.125		0.446546
228.25		0.446546
228.375		0.446546
228.5		0.446546
228.625		0.446546
228.75		0.446546
228.875		0.446546
229		0.446546
229.125		0.44858
229.25		0.44858
229.375		0.44858
229.5		0.44858
229.625		0.44858
229.75		0.44858
229.875		0.44858
230		0.44858
230.125		0.450524
230.25		0.450524
230.375		0.450524
230.5		0.450524
230.625		0.450524
230.75		0.450524
230.875		0.450524
231		0.450524
231.125		0.451687
231.25		0.451687
231.375		0.451687
231.5		0.451687
231.625		0.451687
231.75		0.451687
231.875		0.451687
232		0.451687
232.125		0.454349
232.25		0.454349
232.375		0.454349
232.5		0.454349
232.625		0.454349
232.75		0.454349
232.875		0.454349
233		0.454349
233.125		0.457912
233.25		0.457912
233.375		0.457912
233.5		0.457912
233.625		0.457912
233.75		0.457912
233.875		0.457912
234		0.457912
234.125		0.45861
234.25		0.45861
234.375		0.45861
234.5		0.45861
234.625		0.45861
234.75		0.45861
234.875		0.45861
235		0.45861
235.125		0.463051
235.25		0.463051
235.375		0.463051
235.5		0.463051
235.625		0.463051
235.75		0.463051
235.875		0.463051
236		0.463051
236.125		0.46481
236.25		0.46481
236.375		0.46481
236.5		0.46481
236.625		0.46481
236.75		0.46481
236.875		0.46481
237		0.46481
237.125		0.465785
237.25		0.465785
237.375		0.465785
237.5		0.465785
237.625		0.465785
237.75		0.465785
237.875		0.465785
238		0.465785
238.125		0.467254
238.25		0.467254
238.375		0.467254
238.5		0.467254
238.625		0.467254
238.75		0.467254
238.875		0.467254
239		0.467254
239.125		0.467399
239.25		0.467399
239.375		0.467399
239.5		0.467399
239.625		0.467399
239.75		0.467399
239.875		0.467399
240		0.467399
240.125		0.471075
240.25		0.471075
240.375		0.471075
240.5		0.471075
240.625		0.471075
240.75		0.471075
240.875		0.471075
241		0.471075
241.125		0.475478
241.25		0.475478
241.375		0.475478
241.5		0.475478
241.625		0.475478
241.75		0.475478
241.875		0.475478
242		0.475478
242.125		0.476148
242.25		0.476148
242.375		0.476148
242.5		0.476148
242.625		0.476148
242.75		0.476148
242.875		0.476148
243		0.476148
243.125		0.476359
243.25		0.476359
243.375		0.476359
243.5		0.476359
243.625		0.476359
243.75		0.476359
243.875		0.476359
244		0.476359
244.125		0.479655
244.25		0.479655
244.375		0.479655
244.5		0.479655
244.625		0.479655
244.75		0.479655
244.875		0.479655
245		0.479655
245.125		0.482274
245.25		0.482274
245.375		0.482274
245.5		0.482274
245.625		0.482274
245.75		0.482274
245.875		0.482274
246		0.482274
246.125		0.483401
246.25		0.483401
246.375		0.483401
246.5		0.483401
246.625		0.483401
246.75		0.483401
246.875		0.483401
247		0.483401
247.125		0.485576
247.25		0.485576
247.375		0.485576
247.5		0.485576
247.625		0.485576
247.75		0.485576
247.875		0.485576
248		0.485576
248.125		0.488745
248.25		0.488745
248.375		0.488745
248.5		0.488745
248.625		0.488745
248.75		0.488745
248.875		0.488745
249		0.488745
249.125		0.489866
249.25		0.489866
249.375		0.489866
249.5		0.489866
249.625		0.489866
249.75		0.489866
249.875		0.489866
250		0.489866
250.125		0.49254
250.25		0.49254
250.375		0.49254
250.5		0.49254
250.625		0.49254
250.75		0.49254
250.875		0.49254
251		0.49254
251.125		0.494337
251.25		0.494337
251.375		0.494337
251.5		0.494337
251.625		0.494337
251.75		0.494337
251.875		0.494337
252		0.494337
252.125		0.499701
252.25		0.499701
252.375		0.499701
252.5		0.499701
252.625		0.499701
252.75		0.499701
252.875		0.499701
253		0.499701
253.125		0.500051
253.25		0.500051
253.375		0.500051
253.5		0.500051
253.625		0.500051
253.75		0.500051
253.875		0.500051
254		0.500051
254.125		0.500611
254.25		0.500611
254.375		0.500611
254.5		0.500611
254.625		0.500611
254.75		0.500611
254.875		0.500611
255		0.500611
255.125		0.502438
255.25		0.502438
255.375		0.502438
255.5		0.502438
255.625		0.502438
255.75		0.502438
255.875		0.502438
256		0.502438
256.125		0.50656
256.25		0.50656
256.375		0.50656
256.5		0.50656
256.625		0.50656
256.75		0.50656
256.875		0.50656
257		0.50656
257.125		0.509504
257.25		0.509504
257.375		0.509504
257.5		0.509504
257.625		0.509504
257.75		0.509504
257.875		0.509504
258		0.509504
258.125		0.511567
258.25		0.511567
258.375		0.511567
258.5		0.511567
258.625		0.511567
258.75		0.511567
258.875		0.511567
259		0.511567
259.125		0.512112
259.25		0.512112
259.375		0.512112
259.5		0.512112
259.625		0.512112
259.75		0.512112
259.875		0.512112
260		0.512112
260.125		0.513736
260.25		0.513736
260.375		0.513736
260.5		0.513736
260.625		0.513736
260.75		0.513736
260.875		0.513736
261		0.513736
261.125		0.516522
261.25		0.516522
261.375		0.516522
261.5		0.516522
261.625		0.516522
261.75		0.516522
261.875		0.516522
262		0.516522
262.125		0.520697
262.25		0.520697
262.375		0.520697
262.5		0.520697
262.625		0.520697
262.75		0.520697
262.875		0.520697
263		0.520697
263.125		0.521722
263.25		0.521722
263.375		0.521722
263.5		0.521722
263.625		0.521722
263.75		0.521722
263.875		0.521722
264		0.521722
264.125		0.524347
264.25		0.524347
264.375		0.524347
264.5		0.524347
264.625		0.524347
264.75		0.524347
264.875		0.524347
265		0.524347
265.125		0.524732
265.25		0.524732
265.375		0.524732
265.5		0.524732
265.625		0.524732
265.75		0.524732
265.875		0.524732
266		0.524732
266.125		0.528013
266.25		0.528013
266.375		0.528013
266.5		0.528013
266.625		0.528013
266.75		0.528013
266.875		0.528013
267		0.528013
267.125		0.530164
267.25		0.530164
267.375		0.530164
267.5		0.530164
267.625		0.530164
267.75		0.530164
267.875		0.530164
268		0.530164
268.125		0.532502
268.25		0.532502
268.375		0.532502
268.5		0.532502
268.625		0.532502
268.75		0.532502
268.875		0.532502
269		0.532502
269.125		0.535229
269.25		0.535229
269.375		0.535229
269.5		0.535229
269.625		0.535229
269.75		0.535229
269.875		0.535229
270		0.535229
270.125		0.53837
270.25		0.53837
270.375		0.53837
270.5		0.53837
270.625		0.53837
270.75		0.53837
270.875		0.53837
271		0.53837
271.125		0.5391
271.25		0.5391
271.375		0.5391
271.5		0.5391
271.625		0.5391
271.75		0.5391
271.875		0.5391
272		0.5391
272.125		0.539329
272.25		0.539329
272.375		0.539329
272.5		0.539329
272.625		0.539329
272.75		0.539329
272.875		0.539329
273		0.539329
273.125		0.541146
273.25		0.541146
273.375		0.541146
273.5		0.541146
273.625		0.541146
273.75		0.541146
273.875		0.541146
274		0.541146
274.125		0.547887
274.25		0.547887
274.375		0.547887
274.5		0.547887
274.625		0.547887
274.75		0.547887
274.875		0.547887
275		0.547887
275.125		0.550557
275.25		0.550557
275.375		0.550557
275.5		0.550557
275.625		0.550557
275.75		0.550557
275.875		0.550557
276		0.550557
276.125		0.551545
276.25		0.551545
276.375		0.551545
276.5		0.551545
276.625		0.551545
276.75		0.551545
276.875		0.551545
277		0.551545
277.125		0.555883
277.25		0.555883
277.375		0.555883
277.5		0.555883
277.625		0.555883
277.75		0.555883
277.875		0.555883
278		0.555883
278.125		0.55745
278.25		0.55745
278.375		0.55745
278.5		0.55745
278.625		0.55745
278.75		0.55745
278.875		0.55745
279		0.55745
279.125		0.56071
279.25		0.56071
279.375		0.56071
279.5		0.56071
279.625		0.56071
279.75		0.56071
279.875		0.56071
280		0.56071
280.125		0.561509
280.25		0.561509
280.375		0.561509
280.5		0.561509
280.625		0.561509
280.75		0.561509
280.875		0.561509
281		0.561509
281.125		0.56639
281.25		0.56639
281.375		0.56639
281.5		0.56639
281.625		0.56639
281.75		0.56639
281.875		0.56639
282		0.56639
282.125		0.567805
282.25		0.567805
282.375		0.567805
282.5		0.567805
282.625		0.567805
282.75		0.567805
282.875		0.567805
283		0.567805
283.125		0.568481
283.25		0.568481
283.375		0.568481
283.5		0.568481
283.625		0.568481
283.75		0.568481
283.875		0.568481
284		0.568481
284.125		0.568483
284.25		0.568483
284.375		0.568483
284.5		0.568483
284.625		0.568483
284.75		0.568483
284.875		0.568483
285		0.568483
285.125		0.573189
285.25		0.573189
285.375		0.573189
285.5		0.573189
285.625		0.573189
285.75		0.573189
285.875		0.573189
286		0.573189
286.125		0.57477
286.25		0.57477
286.375		0.57477
286.5		0.57477
286.625		0.57477
286.75		0.57477
286.875		0.57477
287		0.57477
287.125		0.57533
287.25		0.57533
287.375		0.57533
287.5		0.57533
287.625		0.57533
287.75		0.57533
287.875		0.57533
288		0.57533
288.125		0.578632
288.25		0.578632
288.375		0.578632
288.5		0.578632
288.625		0.578632
288.75		0.578632
288.875		0.578632
289		0.578632
289.125		0.58062
289.25		0.58062
289.375		0.58062
289.5		0.58062
289.625		0.58062
289.75		0.58062
289.875		0.58062
290		0.58062
290.125		0.583577
290.25		0.583577
290.375		0.583577
290.5		0.583577
290.625		0.583577
290.75		0.583577
290.875		0.583577
291		0.583577
291.125		0.586199
291.25		0.586199
291.375		0.586199
291.5		0.586199
291.625		0.586199
291.75		0.586199
291.875		0.586199
292		0.586199
292.125		0.586714
292.25		0.586714
292.375		0.586714
292.5		0.586714
292.625		0.586714
292.75		0.586714
292.875		0.586714
293		0.586714
293.125		0.587439
293.25		0.587439
293.375		0.587439
293.5		0.587439
293.625		0.587439
293.75		0.587439
293.875		0.587439
294		0.587439
294.125		0.589471
294.25		0.589471
294.375		0.589471
294.5		0.589471
294.625		0.589471
294.75		0.589471
294.875		0.589471
295		0.589471
295.125		0.593948
295.25		0.593948
295.375		0.593948
295.5		0.593948
295.625		0.593948
295.75		0.593948
295.875		0.593948
296		0.593948
296.125		0.594211
296.25		0.594211
296.375		0.594211
296.5		0.594211
296.625		0.594211
296.75		0.594211
296.875		0.594211
297		0.594211
297.125		0.598402
297.25		0.598402
297.375		0.598402
297.5		0.598402
297.625		0.598402
297.75		0.598402
297.875		0.598402
298		0.598402
298.125		0.602594
298.25		0.602594
298.375		0.602594
298.5		0.602594
298.625		0.602594
298.75		0.602594
298.875		0.602594
299		0.602594
299.125		0.605551
299.25		0.605551
299.375		0.605551
299.5		0.605551
299.625		0.605551
299.75		0.605551
299.875		0.605551
300		0.605551
300.125		0.606316
300.25		0.606316
300.375		0.606316
300.5		0.606316
300.625		0.606316
300.75		0.606316
300.875		0.606316
301		0.606316
301.125		0.610026
301.25		0.610026
301.375		0.610026
301.5		0.610026
301.625		0.610026
301.75		0.610026
301.875		0.610026
302		0.610026
302.125		0.612944
302.25		0.612944
302.375		0.612944
302.5		0.612944
302.625		0.612944
302.75		0.612944
302.875		0.612944
303		0.612944
303.125		0.618358
303.25		0.618358
303.375		0.618358
303.5		0.618358
303.625		0.618358
303.75		0.618358
303.875		0.618358
304		0.618358
304.125		0.620503
304.25		0.620503
304.375		0.620503
304.5		0.620503
304.625		0.620503
304.75		0.620503
304.875		0.620503
305		0.620503
305.125		0.62224
305.25		0.62224
305.375		0.62224
305.5		0.62224
305.625		0.62224
305.75		0.62224
305.875		0.62224
306		0.62224
306.125		0.623684
306.25		0.623684
306.375		0.623684
306.5		0.623684
306.625		0.623684
306.75		0.623684
306.875		0.623684
307		0.623684
307.125		0.625254
307.25		0.625254
307.375		0.625254
307.5		0.625254
307.625		0.625254
307.75		0.625254
307.875		0.625254
308		0.625254
308.125		0.629187
308.25		0.629187
308.375		0.629187
308.5		0.629187
308.625		0.629187
308.75		0.629187
308.875		0.629187
309		0.629187
309.125		0.63097
309.25		0.63097
309.375		0.63097
309.5		0.63097
309.625		0.63097
309.75		0.63097
309.875		0.63097
310		0.63097
310.125		0.633761
310.25		0.633761
310.375		0.633761
310.5		0.633761
310.625		0.633761
310.75		0.633761
310.875		0.633761
311		0.633761
311.125		0.634324
311.25		0.634324
311.375		0.634324
311.5		0.634324
311.625		0.634324
311.75		0.634324
311.875		0.634324
312		0.634324
312.125		0.638769
312.25		0.638769
312.375		0.638769
312.5		0.638769
312.625		0.638769
312.75		0.638769
312.875		0.638769
313		0.638769
313.125		0.639461
313.25		0.639461
313.375		0.639461
313.5		0.639461
313.625		0.639461
313.75		0.639461
313.875		0.639461
314		0.639461
314.125		0.639598
314.25		0.639598
314.375		0.639598
314.5		0.639598
314.625		0.639598
314.75		0.639598
314.875		0.639598
315		0.639598
315.125		0.641781
315.25		0.641781
315.375		0.641781
315.5		0.641781
315.625		0.641781
315.75		0.641781
315.875		0.641781
316		0.641781
316.125		0.647176
316.25		0.647176
316.375		0.647176
316.5		0.647176
316.625		0.647176
316.75		0.647176
316.875		0.647176
317		0.647176
317.125		0.649429
317.25		0.649429
317.375		0.649429
317.5		0.649429
317.625		0.649429
317.75		0.649429
317.875		0.649429
318		0.649429
318.125		0.64993
318.25		0.64993
318.375		0.64993
318.5		0.64993
318.625		0.64993
318.75		0.64993
318.875		0.64993
319		0.64993
319.125		0.650214
319.25		0.650214
319.375		0.650214
319.5		0.650214
319.625		0.650214
319.75		0.650214
319.875		0.650214
320		0.650214
320.125		0.651844
320.25		0.651844
320.375		0.651844
320.5		0.651844
320.625		0.651844
320.75		0.651844
320.875		0.651844
321		0.651844
321.125		0.653047
321.25		0.653047
321.375		0.653047
321.5		0.653047
321.625		0.653047
321.75		0.653047
321.875		0.653047
322		0.653047
322.125		0.659218
322.25		0.659218
322.375		0.659218
322.5		0.659218
322.625		0.659218
322.75		0.659218
322.875		0.659218
323		0.659218
323.125		0.661397
323.25		0.661397
323.375		0.661397
323.5		0.661397
323.625		0.661397
323.75		0.661397
323.875		0.661397
324		0.661397
324.125		0.664045
324.25		0.664045
324.375		0.664045
324.5		0.664045
324.625		0.664045
324.75		0.664045
324.875		0.664045
325		0.664045
325.125		0.664385
325.25		0.664385
325.375		0.664385
325.5		0.664385
325.625		0.664385
325.75		0.664385
325.875		0.664385
326		0.664385
326.125		0.667226
326.25		0.667226
326.375		0.667226
326.5		0.667226
326.625		0.667226
326.75		0.667226
326.875		0.667226
327		0.667226
327.125		0.668339
327.25		0.668339
327.375		0.668339
327.5		0.668339
327.625		0.668339
327.75		0.668339
327.875		0.668339
328		0.668339
328.125		0.670584
328.25		0.670584
328.375		0.670584
328.5		0.670584
328.625		0.670584
328.75		0.670584
328.875		0.670584
329		0.670584
329.125		0.67555
329.25		0.67555
329.375		0.67555
329.5		0.67555
329.625		0.67555
329.75		0.67555
329.875		0.67555
330		0.67555
330.125		0.676719
330.25		0.676719
330.375		0.676719
330.5		0.676719
330.625		0.676719
330.75		0.676719
330.875		0.676719
331		0.676719
331.125		0.677874
331.25		0.677874
331.375		0.677874
331.5		0.677874
331.625		0.677874
331.75		0.677874
331.875		0.677874
332		0.677874
332.125		0.678512
332.25		0.678512
332.375		0.678512
332.5		0.678512
332.625		0.678512
332.75		0.678512
332.875		0.678512
333		0.678512
333.125		0.681492
333.25		0.681492
333.375		0.681492
333.5		0.681492
333.625		0.681492
333.75		0.681492
333.875		0.681492
334		0.681492
334.125		0.682884
334.25		0.682884
334.375		0.682884
334.5		0.682884
334.625		0.682884
334.75		0.682884
334.875		0.682884
335		0.682884
335.125		0.68646
335.25		0.68646
335.375		0.68646
335.5		0.68646
335.625		0.68646
335.75		0.68646
335.875		0.68646
336		0.68646
336.125		0.688707
336.25		0.688707
336.375		0.688707
336.5		0.688707
336.625		0.688707
336.75		0.688707
336.875		0.688707
337		0.688707
337.125		0.690802
337.25		0.690802
337.375		0.690802
337.5		0.690802
337.625		0.690802
337.75		0.690802
337.875		0.690802
338		0.690802
338.125		0.691043
338.25		0.691043
338.375		0.691043
338.5		0.691043
338.625		0.691043
338.75		0.691043
338.875		0.691043
339		0.691043
339.125		0.693858
339.25		0.693858
339.375		0.693858
339.5		0.693858
339.625		0.693858
339.75		0.693858
339.875		0.693858
340		0.693858
340.125		0.697679
340.25		0.697679
340.375		0.697679
340.5		0.697679
340.625		0.697679
340.75		0.697679
340.875		0.697679
341		0.697679
341.125		0.699053
341.25		0.699053
341.375		0.699053
341.5		0.699053
341.625		0.699053
341.75		0.699053
341.875		0.699053
342		0.699053
342.125		0.701786
342.25		0.701786
342.375		0.701786
342.5		0.701786
342.625		0.701786
342.75		0.701786
342.875		0.701786
343		0.701786
343.125		0.702236
343.25		0.702236
343.375		0.702236
343.5		0.702236
343.625		0.702236
343.75		0.702236
343.875		0.702236
344		0.702236
344.125		0.70552
344.25		0.70552
344.375		0.70552
344.5		0.70552
344.625		0.70552
344.75		0.70552
344.875		0.70552
345		0.70552
345.125		0.708675
345.25		0.708675
345.375		0.708675
345.5		0.708675
345.625		0.708675
345.75		0.708675
345.875		0.708675
346		0.708675
346.125		0.709792
346.25		0.709792
346.375		0.709792
346.5		0.709792
346.625		0.709792
346.75		0.709792
346.875		0.709792
347		0.709792
347.125		0.71018
347.25		0.71018
347.375		0.71018
347.5		0.71018
347.625		0.71018
347.75		0.71018
347.875		0.71018
348		0.71018
348.125		0.712947
348.25		0.712947
348.375		0.712947
348.5		0.712947
348.625		0.712947
348.75		0.712947
348.875		0.712947
349		0.712947
349.125		0.716377
349.25		0.716377
349.375		0.716377
349.5		0.716377
349.625		0.716377
349.75		0.716377
349.875		0.716377
350		0.716377
350.125		0.720152
350.25		0.720152
350.375		0.720152
350.5		0.720152
350.625		0.720152
350.75		0.720152
350.875		0.720152
351		0.720152
351.125		0.722645
351.25		0.722645
351.375		0.722645
351.5		0.722645
351.625		0.722645
351.75		0.722645
351.875		0.722645
352		0.722645
352.125		0.72438
352.25		0.72438
352.375		0.72438
352.5		0.72438
352.625		0.72438
352.75		0.72438
352.875		0.72438
353		0.72438
353.125		0.729762
353.25		0.729762
353.375		0.729762
353.5		0.729762
353.625		0.729762
353.75		0.729762
353.875		0.729762
354		0.729762
354.125		0.730522
354.25		0.730522
354.375		0.730522
354.5		0.730522
354.625		0.730522
354.75		0.730522
354.875		0.730522
355		0.730522
355.125		0.732834
355.25		0.732834
355.375		0.732834
355.5		0.732834
355.625		0.732834
355.75		0.732834
355.875		0.732834
356		0.732834
356.125		0.734188
356.25		0.734188
356.375		0.734188
356.5		0.734188
356.625		0.734188
356.75		0.734188
356.875		0.734188
357		0.734188
357.125		0.736355
357.25		0.736355
357.375		0.736355
357.5		0.736355
357.625		0.736355
357.75		0.736355
357.875		0.736355
358		0.736355
358.125		0.740434
358.25		0.740434
358.375		0.740434
358.5		0.740434
358.625		0.740434
358.75		0.740434
358.875		0.740434
359		0.740434
359.125		0.743028
359.25		0.743028
359.375		0.743028
359.5		0.743028
359.625		0.743028
359.75		0.743028
359.875		0.743028
360		0.743028
360.125		0.743973
360.25		0.743973
360.375		0.743973
360.5		0.743973
360.625		0.743973
360.75		0.743973
360.875		0.743973
361		0.743973
361.125		0.745553
361.25		0.745553
361.375		0.745553
361.5		0.745553
361.625		0.745553
361.75		0.745553
361.875		0.745553
362		0.745553
362.125		0.747859
362.25		0.747859
362.375		0.747859
362.5		0.747859
362.625		0.747859
362.75		0.747859
362.875		0.747859
363		0.747859
363.125		0.748279
363.25		0.748279
363.375		0.748279
363.5		0.748279
363.625		0.748279
363.75		0.748279
363.875		0.748279
364		0.748279
364.125		0.75208
364.25		0.75208
364.375		0.75208
364.5		0.75208
364.625		0.75208
364.75		0.75208
364.875		0.75208
365		0.75208
365.125		0.753327
365.25		0.753327
365.375		0.753327
365.5		0.753327
365.625		0.753327
365.75		0.753327
365.875		0.753327
366		0.753327
366.125		0.755092
366.25		0.755092
366.375		0.755092
366.5		0.755092
366.625		0.755092
366.75		0.755092
366.875		0.755092
367		0.755092
367.125		0.757746
367.25		0.757746
367.375		0.757746
367.5		0.757746
367.625		0.757746
367.75		0.757746
367.875		0.757746
368		0.757746
368.125		0.759945
368.25		0.759945
368.375		0.759945
368.5		0.759945
368.625		0.759945
368.75		0.759945
368.875		0.759945
369		0.759945
369.125		0.760829
369.25		0.760829
369.375		0.760829
369.5		0.760829
369.625		0.760829
369.75		0.760829
369.875		0.760829
370		0.760829
370.125		0.762756
370.25		0.762756
370.375		0.762756
370.5		0.762756
370.625		0.762756
370.75		0.762756
370.875		0.762756
371		0.762756
371.125		0.764112
371.25		0.764112
371.375		0.764112
371.5		0.764112
371.625		0.764112
371.75		0.764112
371.875		0.764112
372		0.764112
372.125		0.767899
372.25		0.767899
372.375		0.767899
372.5		0.767899
372.625		0.767899
372.75		0.767899
372.875		0.767899
373		0.767899
373.125		0.768605
373.25		0.768605
373.375		0.768605
373.5		0.768605
373.625		0.768605
373.75		0.768605
373.875		0.768605
374		0.768605
374.125		0.771034
374.25		0.771034
374.375		0.771034
374.5		0.771034
374.625		0.771034
374.75		0.771034
374.875		0.771034
375		0.771034
375.125		0.772688
375.25		0.772688
375.375		0.772688
375.5		0.772688
375.625		0.772688
375.75		0.772688
375.875		0.772688
376		0.772688
376.125		0.779205
376.25		0.779205
376.375		0.779205
376.5		0.779205
376.625		0.779205
376.75		0.779205
376.875		0.779205
377		0.779205
377.125		0.780263
377.25		0.780263
377.375		0.780263
377.5		0.780263
377.625		0.780263
377.75		0.780263
377.875		0.780263
378		0.780263
378.125		0.782622
378.25		0.782622
378.375		0.782622
378.5		0.782622
378.625		0.782622
378.75		0.782622
378.875		0.782622
379		0.782622
379.125		0.785937
379.25		0.785937
379.375		0.785937
379.5		0.785937
379.625		0.785937
379.75		0.785937
379.875		0.785937
380		0.785937
380.125		0.790726
380.25		0.790726
380.375		0.790726
380.5		0.790726
380.625		0.790726
380.75		0.790726
380.875		0.790726
381		0.790726
381.125		0.791499
381.25		0.791499
381.375		0.791499
381.5		0.791499
381.625		0.791499
381.75		0.791499
381.875		0.791499
382		0.791499
382.125		0.793793
382.25		0.793793
382.375		0.793793
382.5		0.793793
382.625		0.793793
382.75		0.793793
382.875		0.793793
383		0.793793
383.125		0.795594
383.25		0.795594
383.375		0.795594
383.5		0.795594
383.625		0.795594
383.75		0.795594
383.875		0.795594
384		0.795594
384.125		0.801294
384.25		0.801294
384.375		0.801294
384.5		0.801294
384.625		0.801294
384.75		0.801294
384.875		0.801294
385		0.801294
385.125		0.802557
385.25		0.802557
385.375		0.802557
385.5		0.802557
385.625		0.802557
385.75		0.802557
385.875		0.802557
386		0.802557
386.125		0.803079
386.25		0.803079
386.375		0.803079
386.5		0.803079
386.625		0.803079
386.75		0.803079
386.875		0.803079
387		0.803079
387.125		0.80459
387.25		0.80459
387.375		0.80459
387.5		0.80459
387.625		0.80459
387.75		0.80459
387.875		0.80459
388		0.80459
388.125		0.806555
388.25		0.806555
388.375		0.806555
388.5		0.806555
388.625		0.806555
388.75		0.806555
388.875		0.806555
389		0.806555
389.125		0.811252
389.25		0.811252
389.375		0.811252
389.5		0.811252
389.625		0.811252
389.75		0.811252
389.875		0.811252
390		0.811252
390.125		0.812169
390.25		0.812169
390.375		0.812169
390.5		0.812169
390.625		0.812169
390.75		0.812169
390.875		0.812169
391		0.812169
391.125		0.812986
391.25		0.812986
391.375		0.812986
391.5		0.812986
391.625		0.812986
391.75		0.812986
391.875		0.812986
392		0.812986
392.125		0.817537
392.25		0.817537
392.375		0.817537
392.5		0.817537
392.625		0.817537
392.75		0.817537
392.875		0.817537
393		0.817537
393.125		0.818871
393.25		0.818871
393.375		0.818871
393.5		0.818871
393.625		0.818871
393.75		0.818871
393.875		0.818871
394		0.818871
394.125		0.823155
394.25		0.823155
394.375		0.823155
394.5		0.823155
394.625		0.823155
394.75		0.823155
394.875		0.823155
395		0.823155
395.125		0.823674
395.25		0.823674
395.375		0.823674
395.5		0.823674
395.625		0.823674
395.75		0.823674
395.875		0.823674
396		0.823674
396.125		0.824831
396.25		0.824831
396.375		0.824831
396.5		0.824831
396.625		0.824831
396.75		0.824831
396.875		0.824831
397		0.824831
397.125		0.827761
397.25		0.827761
397.375		0.827761
397.5		0.827761
397.625		0.827761
397.75		0.827761
397.875		0.827761
398		0.827761
398.125		0.830395
398.25		0.830395
398.375		0.830395
398.5		0.830395
398.625		0.830395
398.75		0.830395
398.875		0.830395
399		0.830395
399.125		0.832562
399.25		0.832562
399.375		0.832562
399.5		0.832562
399.625		0.832562
399.75		0.832562
399.875		0.832562
400		0.832562
400.125		0.833791
400.25		0.833791
400.375		0.833791
400.5		0.833791
400.625		0.833791
400.75		0.833791
400.875		0.833791
401		0.833791
401.125		0.835658
401.25		0.835658
401.375		0.835658
401.5		0.835658
401.625		0.835658
401.75		0.835658
401.875		0.835658
402		0.835658
402.125		0.836544
402.25		0.836544
402.375		0.836544
402.5		0.836544
402.625		0.836544
402.75		0.836544
402.875		0.836544
403		0.836544
403.125		0.839179
403.25		0.839179
403.375		0.839179
403.5		0.839179
403.625		0.839179
403.75		0.839179
403.875		0.839179
404		0.839179
404.125		0.842475
404.25		0.842475
404.375		0.842475
404.5		0.842475
404.625		0.842475
404.75		0.842475
404.875		0.842475
405		0.842475
405.125		0.8426
405.25		0.8426
405.375		0.8426
405.5		0.8426
405.625		0.8426
405.75		0.8426
405.875		0.8426
406		0.8426
406.125		0.847487
406.25		0.847487
406.375		0.847487
406.5		0.847487
406.625		0.847487
406.75		0.847487
406.875		0.847487
407		0.847487
407.125		0.848815
407.25		0.848815
407.375		0.848815
407.5		0.848815
407.625		0.848815
407.75		0.848815
407.875		0.848815
408		0.848815
408.125		0.851161
408.25		0.851161
408.375		0.851161
408.5		0.851161
408.625		0.851161
408.75		0.851161
408.875		0.851161
409		0.851161
409.125		0.85224
409.25		0.85224
409.375		0.85224
409.5		0.85224
409.625		0.85224
409.75		0.85224
409.875		0.85224
410		0.85224
410.125		0.853791
410.25		0.853791
410.375		0.853791
410.5		0.853791
410.625		0.853791
410.75		0.853791
410.875		0.853791
411		0.853791
411.125		0.856898
411.25		0.856898
411.375		0.856898
411.5		0.856898
411.625		0.856898
411.75		0.856898
411.875		0.856898
412		0.856898
412.125		0.859685
412.25		0.859685
412.375		0.859685
412.5		0.859685
412.625		0.859685
412.75		0.859685
412.875		0.859685
413		0.859685
413.125		0.860787
413.25		0.860787
413.375		0.860787
413.5		0.860787
413.625		0.860787
413.75		0.860787
413.875		0.860787
414		0.860787
414.125		0.864554
414.25		0.864554
414.375		0.864554
414.5		0.864554
414.625		0.864554
414.75		0.864554
414.875		0.864554
415		0.864554
415.125		0.86552
415.25		0.86552
415.375		0.86552
415.5		0.86552
415.625		0.86552
415.75		0.86552
415.875		0.86552
416		0.86552
416.125		0.866667
416.25		0.866667
416.375		0.866667
416.5		0.866667
416.625		0.866667
416.75		0.866667
416.875		0.866667
417		0.866667
417.125		0.870206
417.25		0.870206
417.375		0.870206
417.5		0.870206
417.625		0.870206
417.75		0.870206
417.875		0.870206
418		0.870206
418.125		0.872252
418.25		0.872252
418.375		0.872252
418.5		0.872252
418.625		0.872252
418.75		0.872252
418.875		0.872252
419		0.872252
419.125		0.875826
419.25		0.875826
419.375		0.875826
419.5		0.875826
419.625		0.875826
419.75		0.875826
419.875		0.875826
420		0.875826
420.125		0.876148
420.25		0.876148
420.375		0.876148
420.5		0.876148
420.625		0.876148
420.75		0.876148
420.875		0.876148
421		0.876148
421.125		0.878385
421.25		0.878385
421.375		0.878385
421.5		0.878385
421.625		0.878385
421.75		0.878385
421.875		0.878385
422		0.878385
422.125		0.878771
422.25		0.878771
422.375		0.878771
422.5		0.878771
422.625		0.878771
422.75		0.878771
422.875		0.878771
423		0.878771
423.125		0.88324
423.25		0.88324
423.375		0.88324
423.5		0.88324
423.625		0.88324
423.75		0.88324
423.875		0.88324
424		0.88324
424.125		0.885832
424.25		0.885832
424.375		0.885832
424.5		0.885832
424.625		0.885832
424.75		0.885832
424.875		0.885832
425		0.885832
425.125		0.888808
425.25		0.888808
425.375		0.888808
425.5		0.888808
425.625		0.888808
425.75		0.888808
425.875		0.888808
426		0.888808
426.125		0.889057
426.25		0.889057
426.375		0.889057
426.5		0.889057
426.625		0.889057
426.75		0.889057
426.875		0.889057
427		0.889057
427.125		0.889916
427.25		0.889916
427.375		0.889916
427.5		0.889916
427.625		0.889916
427.75		0.889916
427.875		0.889916
428		0.889916
428.125		0.894335
428.25		0.894335
428.375		0.894335
428.5		0.894335
428.625		0.894335
428.75		0.894335
428.875		0.894335
429		0.894335
429.125		0.894733
429.25		0.894733
429.375		0.894733
429.5		0.894733
429.625		0.894733
429.75		0.894733
429.875		0.894733
430		0.894733
430.125		0.897313
430.25		0.897313
430.375		0.897313
430.5		0.897313
430.625		0.897313
430.75		0.897313
430.875		0.897313
431		0.897313
431.125		0.898673
431.25		0.898673
431.375		0.898673
431.5		0.898673
431.625		0.898673
431.75		0.898673
431.875		0.898673
432		0.898673
432.125		0.901752
432.25		0.901752
432.375		0.901752
432.5		0.901752
432.625		0.901752
432.75		0.901752
432.875		0.901752
433		0.901752
433.125		0.903212
433.25		0.903212
433.375		0.903212
433.5		0.903212
433.625		0.903212
433.75		0.903212
433.875		0.903212
434		0.903212
434.125		0.904456
434.25		0.904456
434.375		0.904456
434.5		0.904456
434.625		0.904456
434.75		0.904456
434.875		0.904456
435		0.904456
435.125		0.904766
435.25		0.904766
435.375		0.904766
435.5		0.904766
435.625		0.904766
435.75		0.904766
435.875		0.904766
436		0.904766
436.125		0.911148
436.25		0.911148
436.375		0.911148
436.5		0.911148
436.625		0.911148
436.75		0.911148
436.875		0.911148
437		0.911148
437.125		0.912023
437.25		0.912023
437.375		0.912023
437.5		0.912023
437.625		0.912023
437.75		0.912023
437.875		0.912023
438		0.912023
438.125		0.914504
438.25		0.914504
438.375		0.914504
438.5		0.914504
438.625		0.914504
438.75		0.914504
438.875		0.914504
439		0.914504
439.125		0.915283
439.25		0.915283
439.375		0.915283
439.5		0.915283
439.625		0.915283
439.75		0.915283
439.875		0.915283
440		0.915283
440.125		0.921526
440.25		0.921526
440.375		0.921526
440.5		0.921526
440.625		0.921526
440.75		0.921526
440.875		0.921526
441		0.921526
441.125		0.92173
441.25		0.92173
441.375		0.92173
441.5		0.92173
441.625		0.92173
441.75		0.92173
441.875		0.92173
442		0.92173
442.125		0.921891
442.25		0.921891
442.375		0.921891
442.5		0.921891
442.625		0.921891
442.75		0.921891
442.875		0.921891
443		0.921891
443.125		0.923357
443.25		0.923357
443.375		0.923357
443.5		0.923357
443.625		0.923357
443.75		0.923357
443.875		0.923357
444		0.923357
444.125		0.924911
444.25		0.924911
444.375		0.924911
444.5		0.924911
444.625		0.924911
444.75		0.924911
444.875		0.924911
445		0.924911
445.125		0.930498
445.25		0.930498
445.375		0.930498
445.5		0.930498
445.625		0.930498
445.75		0.930498
445.875		0.930498
446		0.930498
446.125		0.930828
446.25		0.930828
446.375		0.930828
446.5		0.930828
446.625		0.930828
446.75		0.930828
446.875		0.930828
447		0.930828
447.125		0.934182
447.25		0.934182
447.375		0.934182
447.5		0.934182
447.625		0.934182
447.75		0.934182
447.875		0.934182
448		0.934182
448.125		0.934981
448.25		0.934981
448.375		0.934981
448.5		0.934981
448.625		0.934981
448.75		0.934981
448.875		0.934981
449		0.934981
449.125		0.935537
449.25		0.935537
449.375		0.935537
449.5		0.935537
449.625		0.935537
449.75		0.935537
449.875		0.935537
450		0.935537
450.125		0.938893
450.25		0.938893
450.375		0.938893
450.5		0.938893
450.625		0.938893
450.75		0.938893
450.875		0.938893
451		0.938893
451.125		0.942341
451.25		0.942341
451.375		0.942341
451.5		0.942341
451.625		0.942341
451.75		0.942341
451.875		0.942341
452		0.942341
452.125		0.94403
452.25		0.94403
452.375		0.94403
452.5		0.94403
452.625		0.94403
452.75		0.94403
452.875		0.94403
453		0.94403
453.125		0.945521
453.25		0.945521
453.375		0.945521
453.5		0.945521
453.625		0.945521
453.75		0.945521
453.875		0.945521
454		0.945521
454.125		0.949595
454.25		0.949595
454.375		0.949595
454.5		0.949595
454.625		0.949595
454.75		0.949595
454.875		0.949595
455		0.949595
455.125		0.949931
455.25		0.949931
455.375		0.949931
455.5		0.949931
455.625		0.949931
455.75		0.949931
455.875		0.949931
456		0.949931
456.125		0.950096
456.25		0.950096
456.375		0.950096
456.5		0.950096
456.625		0.950096
456.75		0.950096
456.875		0.950096
457		0.950096
457.125		0.954537
457.25		0.954537
457.375		0.954537
457.5		0.954537
457.625		0.954537
457.75		0.954537
457.875		0.954537
458		0.954537
458.125		0.958503
458.25		0.958503
458.375		0.958503
458.5		0.958503
458.625		0.958503
458.75		0.958503
458.875		0.958503
459		0.958503
459.125		0.960571
459.25		0.960571
459.375		0.960571
459.5		0.960571
459.625		0.960571
459.75		0.960571
459.875		0.960571
460		0.960571
460.125		0.962241
460.25		0.962241
460.375		0.962241
460.5		0.962241
460.625		0.962241
460.75		0.962241
460.875		0.962241
461		0.962241
461.125		0.962662
461.25		0.962662
461.375		0.962662
461.5		0.962662
461.625		0.962662
461.75		0.962662
461.875		0.962662
462		0.962662
462.125		0.967716
462.25		0.967716
462.375		0.967716
462.5		0.967716
462.625		0.967716
462.75		0.967716
462.875		0.967716
463		0.967716
463.125		0.968014
463.25		0.968014
463.375		0.968014
463.5		0.968014
463.625		0.968014
463.75		0.968014
463.875		0.968014
464		0.968014
464.125		0.969122
464.25		0.969122
464.375		0.969122
464.5		0.969122
464.625		0.969122
464.75		0.969122
464.875		0.969122
465		0.969122
465.125		0.971149
465.25		0.971149
465.375		0.971149
465.5		0.971149
465.625		0.971149
465.75		0.971149
465.875		0.971149
466		0.971149
466.125		0.976006
466.25		0.976006
466.375		0.976006
466.5		0.976006
466.625		0.976006
466.75		0.976006
466.875		0.976006
467		0.976006
467.125		0.977004
467.25		0.977004
467.375		0.977004
467.5		0.977004
467.625		0.977004
467.75		0.977004
467.875		0.977004
468		0.977004
468.125		0.980746
468.25		0.980746
468.375		0.980746
468.5		0.980746
468.625		0.980746
468.75		0.980746
468.875		0.980746
469		0.980746
469.125		0.98111
469.25		0.98111
469.375		0.98111
469.5		0.98111
469.625		0.98111
469.75		0.98111
469.875		0.98111
470		0.98111
470.125		0.985509
470.25		0.985509
470.375		0.985509
470.5		0.985509
470.625		0.985509
470.75		0.985509
470.875		0.985509
471		0.985509
471.125		0.98761
471.25		0.98761
471.375		0.98761
471.5		0.98761
471.625		0.98761
471.75		0.98761
471.875		0.98761
472		0.98761
472.125		0.988151
472.25		0.988151
472.375		0.988151
472.5		0.988151
472.625		0.988151
472.75		0.988151
472.875		0.988151
473		0.988151
473.125		0.988803
473.25		0.988803
473.375		0.988803
473.5		0.988803
473.625		0.988803
473.75		0.988803
473.875		0.988803
474		0.988803
474.125		0.991843
474.25		0.991843
474.375		0.991843
474.5		0.991843
474.625		0.991843
474.75		0.991843
474.875		0.991843
475		0.991843
475.125		0.996394
475.25		0.996394
475.375		0.996394
475.5		0.996394
475.625		0.996394
475.75		0.996394
475.875		0.996394
476		0.996394
476.125		0.996549
476.25		0.996549
476.375		0.996549
476.5		0.996549
476.625		0.996549
476.75		0.996549
476.875		0.996549
477		0.996549
477.125		0.996704
477.25		0.996704
477.375		0.996704
477.5		0.996704
477.625		0.996704
477.75		0.996704
477.875		0.996704
478		0.996704
478.125		0.999883
478.25		0.999883
478.375		0.999883
478.5		0.999883
478.625		0.999883
478.75		0.999883
478.875		0.999883
479		0.999883
479.125		0.999986
479.25		0.999986
479.375		0.999986
479.5		0.999986
479.625		0.999986
479.75		0.999986
479.875		0.999986
480		0.999986
480.125		1
480.25		1
480.375		1
480.5		1
480.625		1
480.75		1
480.875		1
481		1
481.125		1
481.25		1
481.375		1
481.5		1
481.625		1
481.75		1
481.875		1
482		1
482.125		1
482.25		1
482.375		1
482.5		1
482.625		1
482.75		1
482.875		1
483		1
483.125		1
483.25		1
483.375		1
483.5		1
483.625		1
483.75		1
483.875		1
484		1
484.125		1
484.25		1
484.375		1
484.5		1
484.625		1
484.75		1
484.875		1
485		1
485.125		1
485.25		1
485.375		1
485.5		1
485.625		1
485.75		1
485.875		1
486		1
486.125		1
486.25		1
486.375		1
486.5		1
486.625		1
486.75		1
486.875		1
487		1
487.125		1
487.25		1
487.375		1
487.5		1
487.625		1
487.75		1
487.875		1
488		1
488.125		1
488.25		1
488.375		1
488.5		1
488.625		1
488.75		1
488.875		1
489		1
489.125		1
489.25		1
489.375		1
489.5		1
489.625		1
489.75		1
489.875		1
490		1
490.125		1
490.25		1
490.375		1
490.5		1
490.625		1
490.75		1
490.875		1
491		1
491.125		1
491.25		1
491.375		1
491.5		1
491.625		1
491.75		1
491.875		1
492		1
492.125		1
492.25		1
492.375		1
492.5		1
492.625		1
492.75		1
492.875		1
493		1
493.125		1
493.25		1
493.375		1
493.5		1
493.625		1
493.75		1
493.875		1
494		1
494.125		1
494.25		1
494.375		1
494.5		1
494.625		1
494.75		1
494.875		1
495		1
495.125		1
495.25		1
495.375		1
495.5		1
495.625		1
495.75		1
495.875		1
496		1
496.125		1
496.25		1
496.375		1
496.5		1
496.625		1
496.75		1
496.875		1
497		1
497.125		1
497.25		1
497.375		1
497.5		1
497.625		1
497.75		1
497.875		1
498		1
498.125		1
498.25		1
498.375		1
498.5		1
498.625		1
498.75		1
498.875		1
499		1
499.125		1
499.25		1
499.375		1
499.5		1
499.625		1
499.75		1
499.875		1
500		1
