# Calibration file of tamex_id 1 @ channel 4
# fine_T bin		 Calibration value
0.125		0
0.25		0
0.375		0
0.5		0
0.625		0
0.75		0
0.875		0
1		0
1.125		0
1.25		0
1.375		0
1.5		0
1.625		0
1.75		0
1.875		0
2		0
2.125		0
2.25		0
2.375		0
2.5		0
2.625		0
2.75		0
2.875		0
3		0
3.125		0
3.25		0
3.375		0
3.5		0
3.625		0
3.75		0
3.875		0
4		0
4.125		0
4.25		0
4.375		0
4.5		0
4.625		0
4.75		0
4.875		0
5		0
5.125		0
5.25		0
5.375		0
5.5		0
5.625		0
5.75		0
5.875		0
6		0
6.125		0
6.25		0
6.375		0
6.5		0
6.625		0
6.75		0
6.875		0
7		0
7.125		0
7.25		0
7.375		0
7.5		0
7.625		0
7.75		0
7.875		0
8		0
8.125		0
8.25		0
8.375		0
8.5		0
8.625		0
8.75		0
8.875		0
9		0
9.125		0
9.25		0
9.375		0
9.5		0
9.625		0
9.75		0
9.875		0
10		0
10.125		0
10.25		0
10.375		0
10.5		0
10.625		0
10.75		0
10.875		0
11		0
11.125		0
11.25		0
11.375		0
11.5		0
11.625		0
11.75		0
11.875		0
12		0
12.125		0
12.25		0
12.375		0
12.5		0
12.625		0
12.75		0
12.875		0
13		0
13.125		0
13.25		0
13.375		0
13.5		0
13.625		0
13.75		0
13.875		0
14		0
14.125		0
14.25		0
14.375		0
14.5		0
14.625		0
14.75		0
14.875		0
15		0
15.125		0
15.25		0
15.375		0
15.5		0
15.625		0
15.75		0
15.875		0
16		0
16.125		0
16.25		0
16.375		0
16.5		0
16.625		0
16.75		0
16.875		0
17		0
17.125		0
17.25		0
17.375		0
17.5		0
17.625		0
17.75		0
17.875		0
18		0
18.125		0
18.25		0
18.375		0
18.5		0
18.625		0
18.75		0
18.875		0
19		0
19.125		0
19.25		0
19.375		0
19.5		0
19.625		0
19.75		0
19.875		0
20		0
20.125		0
20.25		0
20.375		0
20.5		0
20.625		0
20.75		0
20.875		0
21		0
21.125		0
21.25		0
21.375		0
21.5		0
21.625		0
21.75		0
21.875		0
22		0
22.125		0.00239649
22.25		0.00239649
22.375		0.00239649
22.5		0.00239649
22.625		0.00239649
22.75		0.00239649
22.875		0.00239649
23		0.00239649
23.125		0.00702491
23.25		0.00702491
23.375		0.00702491
23.5		0.00702491
23.625		0.00702491
23.75		0.00702491
23.875		0.00702491
24		0.00702491
24.125		0.00968471
24.25		0.00968471
24.375		0.00968471
24.5		0.00968471
24.625		0.00968471
24.75		0.00968471
24.875		0.00968471
25		0.00968471
25.125		0.01211
25.25		0.01211
25.375		0.01211
25.5		0.01211
25.625		0.01211
25.75		0.01211
25.875		0.01211
26		0.01211
26.125		0.0123959
26.25		0.0123959
26.375		0.0123959
26.5		0.0123959
26.625		0.0123959
26.75		0.0123959
26.875		0.0123959
27		0.0123959
27.125		0.0167816
27.25		0.0167816
27.375		0.0167816
27.5		0.0167816
27.625		0.0167816
27.75		0.0167816
27.875		0.0167816
28		0.0167816
28.125		0.0181907
28.25		0.0181907
28.375		0.0181907
28.5		0.0181907
28.625		0.0181907
28.75		0.0181907
28.875		0.0181907
29		0.0181907
29.125		0.0208999
29.25		0.0208999
29.375		0.0208999
29.5		0.0208999
29.625		0.0208999
29.75		0.0208999
29.875		0.0208999
30		0.0208999
30.125		0.0211221
30.25		0.0211221
30.375		0.0211221
30.5		0.0211221
30.625		0.0211221
30.75		0.0211221
30.875		0.0211221
31		0.0211221
31.125		0.0249318
31.25		0.0249318
31.375		0.0249318
31.5		0.0249318
31.625		0.0249318
31.75		0.0249318
31.875		0.0249318
32		0.0249318
32.125		0.0288237
32.25		0.0288237
32.375		0.0288237
32.5		0.0288237
32.625		0.0288237
32.75		0.0288237
32.875		0.0288237
33		0.0288237
33.125		0.0290192
33.25		0.0290192
33.375		0.0290192
33.5		0.0290192
33.625		0.0290192
33.75		0.0290192
33.875		0.0290192
34		0.0290192
34.125		0.030023
34.25		0.030023
34.375		0.030023
34.5		0.030023
34.625		0.030023
34.75		0.030023
34.875		0.030023
35		0.030023
35.125		0.0329646
35.25		0.0329646
35.375		0.0329646
35.5		0.0329646
35.625		0.0329646
35.75		0.0329646
35.875		0.0329646
36		0.0329646
36.125		0.0369883
36.25		0.0369883
36.375		0.0369883
36.5		0.0369883
36.625		0.0369883
36.75		0.0369883
36.875		0.0369883
37		0.0369883
37.125		0.0387142
37.25		0.0387142
37.375		0.0387142
37.5		0.0387142
37.625		0.0387142
37.75		0.0387142
37.875		0.0387142
38		0.0387142
38.125		0.0389425
38.25		0.0389425
38.375		0.0389425
38.5		0.0389425
38.625		0.0389425
38.75		0.0389425
38.875		0.0389425
39		0.0389425
39.125		0.0398661
39.25		0.0398661
39.375		0.0398661
39.5		0.0398661
39.625		0.0398661
39.75		0.0398661
39.875		0.0398661
40		0.0398661
40.125		0.0441922
40.25		0.0441922
40.375		0.0441922
40.5		0.0441922
40.625		0.0441922
40.75		0.0441922
40.875		0.0441922
41		0.0441922
41.125		0.0489851
41.25		0.0489851
41.375		0.0489851
41.5		0.0489851
41.625		0.0489851
41.75		0.0489851
41.875		0.0489851
42		0.0489851
42.125		0.0492814
42.25		0.0492814
42.375		0.0492814
42.5		0.0492814
42.625		0.0492814
42.75		0.0492814
42.875		0.0492814
43		0.0492814
43.125		0.0507666
43.25		0.0507666
43.375		0.0507666
43.5		0.0507666
43.625		0.0507666
43.75		0.0507666
43.875		0.0507666
44		0.0507666
44.125		0.0532392
44.25		0.0532392
44.375		0.0532392
44.5		0.0532392
44.625		0.0532392
44.75		0.0532392
44.875		0.0532392
45		0.0532392
45.125		0.0548622
45.25		0.0548622
45.375		0.0548622
45.5		0.0548622
45.625		0.0548622
45.75		0.0548622
45.875		0.0548622
46		0.0548622
46.125		0.0560245
46.25		0.0560245
46.375		0.0560245
46.5		0.0560245
46.625		0.0560245
46.75		0.0560245
46.875		0.0560245
47		0.0560245
47.125		0.0609758
47.25		0.0609758
47.375		0.0609758
47.5		0.0609758
47.625		0.0609758
47.75		0.0609758
47.875		0.0609758
48		0.0609758
48.125		0.0611445
48.25		0.0611445
48.375		0.0611445
48.5		0.0611445
48.625		0.0611445
48.75		0.0611445
48.875		0.0611445
49		0.0611445
49.125		0.0631337
49.25		0.0631337
49.375		0.0631337
49.5		0.0631337
49.625		0.0631337
49.75		0.0631337
49.875		0.0631337
50		0.0631337
50.125		0.0667583
50.25		0.0667583
50.375		0.0667583
50.5		0.0667583
50.625		0.0667583
50.75		0.0667583
50.875		0.0667583
51		0.0667583
51.125		0.0668961
51.25		0.0668961
51.375		0.0668961
51.5		0.0668961
51.625		0.0668961
51.75		0.0668961
51.875		0.0668961
52		0.0668961
52.125		0.0704199
52.25		0.0704199
52.375		0.0704199
52.5		0.0704199
52.625		0.0704199
52.75		0.0704199
52.875		0.0704199
53		0.0704199
53.125		0.071111
53.25		0.071111
53.375		0.071111
53.5		0.071111
53.625		0.071111
53.75		0.071111
53.875		0.071111
54		0.071111
54.125		0.075723
54.25		0.075723
54.375		0.075723
54.5		0.075723
54.625		0.075723
54.75		0.075723
54.875		0.075723
55		0.075723
55.125		0.0787737
55.25		0.0787737
55.375		0.0787737
55.5		0.0787737
55.625		0.0787737
55.75		0.0787737
55.875		0.0787737
56		0.0787737
56.125		0.079975
56.25		0.079975
56.375		0.079975
56.5		0.079975
56.625		0.079975
56.75		0.079975
56.875		0.079975
57		0.079975
57.125		0.0834412
57.25		0.0834412
57.375		0.0834412
57.5		0.0834412
57.625		0.0834412
57.75		0.0834412
57.875		0.0834412
58		0.0834412
58.125		0.0845725
58.25		0.0845725
58.375		0.0845725
58.5		0.0845725
58.625		0.0845725
58.75		0.0845725
58.875		0.0845725
59		0.0845725
59.125		0.0862696
59.25		0.0862696
59.375		0.0862696
59.5		0.0862696
59.625		0.0862696
59.75		0.0862696
59.875		0.0862696
60		0.0862696
60.125		0.0870266
60.25		0.0870266
60.375		0.0870266
60.5		0.0870266
60.625		0.0870266
60.75		0.0870266
60.875		0.0870266
61		0.0870266
61.125		0.0901102
61.25		0.0901102
61.375		0.0901102
61.5		0.0901102
61.625		0.0901102
61.75		0.0901102
61.875		0.0901102
62		0.0901102
62.125		0.0946173
62.25		0.0946173
62.375		0.0946173
62.5		0.0946173
62.625		0.0946173
62.75		0.0946173
62.875		0.0946173
63		0.0946173
63.125		0.095473
63.25		0.095473
63.375		0.095473
63.5		0.095473
63.625		0.095473
63.75		0.095473
63.875		0.095473
64		0.095473
64.125		0.0969705
64.25		0.0969705
64.375		0.0969705
64.5		0.0969705
64.625		0.0969705
64.75		0.0969705
64.875		0.0969705
65		0.0969705
65.125		0.0992416
65.25		0.0992416
65.375		0.0992416
65.5		0.0992416
65.625		0.0992416
65.75		0.0992416
65.875		0.0992416
66		0.0992416
66.125		0.101545
66.25		0.101545
66.375		0.101545
66.5		0.101545
66.625		0.101545
66.75		0.101545
66.875		0.101545
67		0.101545
67.125		0.103948
67.25		0.103948
67.375		0.103948
67.5		0.103948
67.625		0.103948
67.75		0.103948
67.875		0.103948
68		0.103948
68.125		0.107258
68.25		0.107258
68.375		0.107258
68.5		0.107258
68.625		0.107258
68.75		0.107258
68.875		0.107258
69		0.107258
69.125		0.10748
69.25		0.10748
69.375		0.10748
69.5		0.10748
69.625		0.10748
69.75		0.10748
69.875		0.10748
70		0.10748
70.125		0.10955
70.25		0.10955
70.375		0.10955
70.5		0.10955
70.625		0.10955
70.75		0.10955
70.875		0.10955
71		0.10955
71.125		0.113865
71.25		0.113865
71.375		0.113865
71.5		0.113865
71.625		0.113865
71.75		0.113865
71.875		0.113865
72		0.113865
72.125		0.114464
72.25		0.114464
72.375		0.114464
72.5		0.114464
72.625		0.114464
72.75		0.114464
72.875		0.114464
73		0.114464
73.125		0.11592
73.25		0.11592
73.375		0.11592
73.5		0.11592
73.625		0.11592
73.75		0.11592
73.875		0.11592
74		0.11592
74.125		0.119856
74.25		0.119856
74.375		0.119856
74.5		0.119856
74.625		0.119856
74.75		0.119856
74.875		0.119856
75		0.119856
75.125		0.123499
75.25		0.123499
75.375		0.123499
75.5		0.123499
75.625		0.123499
75.75		0.123499
75.875		0.123499
76		0.123499
76.125		0.125052
76.25		0.125052
76.375		0.125052
76.5		0.125052
76.625		0.125052
76.75		0.125052
76.875		0.125052
77		0.125052
77.125		0.126506
77.25		0.126506
77.375		0.126506
77.5		0.126506
77.625		0.126506
77.75		0.126506
77.875		0.126506
78		0.126506
78.125		0.130999
78.25		0.130999
78.375		0.130999
78.5		0.130999
78.625		0.130999
78.75		0.130999
78.875		0.130999
79		0.130999
79.125		0.131153
79.25		0.131153
79.375		0.131153
79.5		0.131153
79.625		0.131153
79.75		0.131153
79.875		0.131153
80		0.131153
80.125		0.135991
80.25		0.135991
80.375		0.135991
80.5		0.135991
80.625		0.135991
80.75		0.135991
80.875		0.135991
81		0.135991
81.125		0.138717
81.25		0.138717
81.375		0.138717
81.5		0.138717
81.625		0.138717
81.75		0.138717
81.875		0.138717
82		0.138717
82.125		0.139661
82.25		0.139661
82.375		0.139661
82.5		0.139661
82.625		0.139661
82.75		0.139661
82.875		0.139661
83		0.139661
83.125		0.140811
83.25		0.140811
83.375		0.140811
83.5		0.140811
83.625		0.140811
83.75		0.140811
83.875		0.140811
84		0.140811
84.125		0.141566
84.25		0.141566
84.375		0.141566
84.5		0.141566
84.625		0.141566
84.75		0.141566
84.875		0.141566
85		0.141566
85.125		0.142319
85.25		0.142319
85.375		0.142319
85.5		0.142319
85.625		0.142319
85.75		0.142319
85.875		0.142319
86		0.142319
86.125		0.14698
86.25		0.14698
86.375		0.14698
86.5		0.14698
86.625		0.14698
86.75		0.14698
86.875		0.14698
87		0.14698
87.125		0.150609
87.25		0.150609
87.375		0.150609
87.5		0.150609
87.625		0.150609
87.75		0.150609
87.875		0.150609
88		0.150609
88.125		0.151343
88.25		0.151343
88.375		0.151343
88.5		0.151343
88.625		0.151343
88.75		0.151343
88.875		0.151343
89		0.151343
89.125		0.151641
89.25		0.151641
89.375		0.151641
89.5		0.151641
89.625		0.151641
89.75		0.151641
89.875		0.151641
90		0.151641
90.125		0.155034
90.25		0.155034
90.375		0.155034
90.5		0.155034
90.625		0.155034
90.75		0.155034
90.875		0.155034
91		0.155034
91.125		0.158354
91.25		0.158354
91.375		0.158354
91.5		0.158354
91.625		0.158354
91.75		0.158354
91.875		0.158354
92		0.158354
92.125		0.161853
92.25		0.161853
92.375		0.161853
92.5		0.161853
92.625		0.161853
92.75		0.161853
92.875		0.161853
93		0.161853
93.125		0.161995
93.25		0.161995
93.375		0.161995
93.5		0.161995
93.625		0.161995
93.75		0.161995
93.875		0.161995
94		0.161995
94.125		0.164525
94.25		0.164525
94.375		0.164525
94.5		0.164525
94.625		0.164525
94.75		0.164525
94.875		0.164525
95		0.164525
95.125		0.165924
95.25		0.165924
95.375		0.165924
95.5		0.165924
95.625		0.165924
95.75		0.165924
95.875		0.165924
96		0.165924
96.125		0.171126
96.25		0.171126
96.375		0.171126
96.5		0.171126
96.625		0.171126
96.75		0.171126
96.875		0.171126
97		0.171126
97.125		0.173712
97.25		0.173712
97.375		0.173712
97.5		0.173712
97.625		0.173712
97.75		0.173712
97.875		0.173712
98		0.173712
98.125		0.175059
98.25		0.175059
98.375		0.175059
98.5		0.175059
98.625		0.175059
98.75		0.175059
98.875		0.175059
99		0.175059
99.125		0.175946
99.25		0.175946
99.375		0.175946
99.5		0.175946
99.625		0.175946
99.75		0.175946
99.875		0.175946
100		0.175946
100.125		0.178696
100.25		0.178696
100.375		0.178696
100.5		0.178696
100.625		0.178696
100.75		0.178696
100.875		0.178696
101		0.178696
101.125		0.179755
101.25		0.179755
101.375		0.179755
101.5		0.179755
101.625		0.179755
101.75		0.179755
101.875		0.179755
102		0.179755
102.125		0.183446
102.25		0.183446
102.375		0.183446
102.5		0.183446
102.625		0.183446
102.75		0.183446
102.875		0.183446
103		0.183446
103.125		0.18497
103.25		0.18497
103.375		0.18497
103.5		0.18497
103.625		0.18497
103.75		0.18497
103.875		0.18497
104		0.18497
104.125		0.189306
104.25		0.189306
104.375		0.189306
104.5		0.189306
104.625		0.189306
104.75		0.189306
104.875		0.189306
105		0.189306
105.125		0.189518
105.25		0.189518
105.375		0.189518
105.5		0.189518
105.625		0.189518
105.75		0.189518
105.875		0.189518
106		0.189518
106.125		0.190092
106.25		0.190092
106.375		0.190092
106.5		0.190092
106.625		0.190092
106.75		0.190092
106.875		0.190092
107		0.190092
107.125		0.19029
107.25		0.19029
107.375		0.19029
107.5		0.19029
107.625		0.19029
107.75		0.19029
107.875		0.19029
108		0.19029
108.125		0.196916
108.25		0.196916
108.375		0.196916
108.5		0.196916
108.625		0.196916
108.75		0.196916
108.875		0.196916
109		0.196916
109.125		0.199633
109.25		0.199633
109.375		0.199633
109.5		0.199633
109.625		0.199633
109.75		0.199633
109.875		0.199633
110		0.199633
110.125		0.201955
110.25		0.201955
110.375		0.201955
110.5		0.201955
110.625		0.201955
110.75		0.201955
110.875		0.201955
111		0.201955
111.125		0.203451
111.25		0.203451
111.375		0.203451
111.5		0.203451
111.625		0.203451
111.75		0.203451
111.875		0.203451
112		0.203451
112.125		0.204743
112.25		0.204743
112.375		0.204743
112.5		0.204743
112.625		0.204743
112.75		0.204743
112.875		0.204743
113		0.204743
113.125		0.207974
113.25		0.207974
113.375		0.207974
113.5		0.207974
113.625		0.207974
113.75		0.207974
113.875		0.207974
114		0.207974
114.125		0.208193
114.25		0.208193
114.375		0.208193
114.5		0.208193
114.625		0.208193
114.75		0.208193
114.875		0.208193
115		0.208193
115.125		0.211638
115.25		0.211638
115.375		0.211638
115.5		0.211638
115.625		0.211638
115.75		0.211638
115.875		0.211638
116		0.211638
116.125		0.214304
116.25		0.214304
116.375		0.214304
116.5		0.214304
116.625		0.214304
116.75		0.214304
116.875		0.214304
117		0.214304
117.125		0.215684
117.25		0.215684
117.375		0.215684
117.5		0.215684
117.625		0.215684
117.75		0.215684
117.875		0.215684
118		0.215684
118.125		0.220562
118.25		0.220562
118.375		0.220562
118.5		0.220562
118.625		0.220562
118.75		0.220562
118.875		0.220562
119		0.220562
119.125		0.223732
119.25		0.223732
119.375		0.223732
119.5		0.223732
119.625		0.223732
119.75		0.223732
119.875		0.223732
120		0.223732
120.125		0.225766
120.25		0.225766
120.375		0.225766
120.5		0.225766
120.625		0.225766
120.75		0.225766
120.875		0.225766
121		0.225766
121.125		0.231289
121.25		0.231289
121.375		0.231289
121.5		0.231289
121.625		0.231289
121.75		0.231289
121.875		0.231289
122		0.231289
122.125		0.232925
122.25		0.232925
122.375		0.232925
122.5		0.232925
122.625		0.232925
122.75		0.232925
122.875		0.232925
123		0.232925
123.125		0.234317
123.25		0.234317
123.375		0.234317
123.5		0.234317
123.625		0.234317
123.75		0.234317
123.875		0.234317
124		0.234317
124.125		0.23492
124.25		0.23492
124.375		0.23492
124.5		0.23492
124.625		0.23492
124.75		0.23492
124.875		0.23492
125		0.23492
125.125		0.239267
125.25		0.239267
125.375		0.239267
125.5		0.239267
125.625		0.239267
125.75		0.239267
125.875		0.239267
126		0.239267
126.125		0.241194
126.25		0.241194
126.375		0.241194
126.5		0.241194
126.625		0.241194
126.75		0.241194
126.875		0.241194
127		0.241194
127.125		0.243132
127.25		0.243132
127.375		0.243132
127.5		0.243132
127.625		0.243132
127.75		0.243132
127.875		0.243132
128		0.243132
128.125		0.245508
128.25		0.245508
128.375		0.245508
128.5		0.245508
128.625		0.245508
128.75		0.245508
128.875		0.245508
129		0.245508
129.125		0.246861
129.25		0.246861
129.375		0.246861
129.5		0.246861
129.625		0.246861
129.75		0.246861
129.875		0.246861
130		0.246861
130.125		0.248104
130.25		0.248104
130.375		0.248104
130.5		0.248104
130.625		0.248104
130.75		0.248104
130.875		0.248104
131		0.248104
131.125		0.250665
131.25		0.250665
131.375		0.250665
131.5		0.250665
131.625		0.250665
131.75		0.250665
131.875		0.250665
132		0.250665
132.125		0.252722
132.25		0.252722
132.375		0.252722
132.5		0.252722
132.625		0.252722
132.75		0.252722
132.875		0.252722
133		0.252722
133.125		0.256462
133.25		0.256462
133.375		0.256462
133.5		0.256462
133.625		0.256462
133.75		0.256462
133.875		0.256462
134		0.256462
134.125		0.257546
134.25		0.257546
134.375		0.257546
134.5		0.257546
134.625		0.257546
134.75		0.257546
134.875		0.257546
135		0.257546
135.125		0.25886
135.25		0.25886
135.375		0.25886
135.5		0.25886
135.625		0.25886
135.75		0.25886
135.875		0.25886
136		0.25886
136.125		0.263254
136.25		0.263254
136.375		0.263254
136.5		0.263254
136.625		0.263254
136.75		0.263254
136.875		0.263254
137		0.263254
137.125		0.264205
137.25		0.264205
137.375		0.264205
137.5		0.264205
137.625		0.264205
137.75		0.264205
137.875		0.264205
138		0.264205
138.125		0.265846
138.25		0.265846
138.375		0.265846
138.5		0.265846
138.625		0.265846
138.75		0.265846
138.875		0.265846
139		0.265846
139.125		0.267333
139.25		0.267333
139.375		0.267333
139.5		0.267333
139.625		0.267333
139.75		0.267333
139.875		0.267333
140		0.267333
140.125		0.269713
140.25		0.269713
140.375		0.269713
140.5		0.269713
140.625		0.269713
140.75		0.269713
140.875		0.269713
141		0.269713
141.125		0.272927
141.25		0.272927
141.375		0.272927
141.5		0.272927
141.625		0.272927
141.75		0.272927
141.875		0.272927
142		0.272927
142.125		0.274451
142.25		0.274451
142.375		0.274451
142.5		0.274451
142.625		0.274451
142.75		0.274451
142.875		0.274451
143		0.274451
143.125		0.275772
143.25		0.275772
143.375		0.275772
143.5		0.275772
143.625		0.275772
143.75		0.275772
143.875		0.275772
144		0.275772
144.125		0.279528
144.25		0.279528
144.375		0.279528
144.5		0.279528
144.625		0.279528
144.75		0.279528
144.875		0.279528
145		0.279528
145.125		0.281066
145.25		0.281066
145.375		0.281066
145.5		0.281066
145.625		0.281066
145.75		0.281066
145.875		0.281066
146		0.281066
146.125		0.284399
146.25		0.284399
146.375		0.284399
146.5		0.284399
146.625		0.284399
146.75		0.284399
146.875		0.284399
147		0.284399
147.125		0.286141
147.25		0.286141
147.375		0.286141
147.5		0.286141
147.625		0.286141
147.75		0.286141
147.875		0.286141
148		0.286141
148.125		0.286405
148.25		0.286405
148.375		0.286405
148.5		0.286405
148.625		0.286405
148.75		0.286405
148.875		0.286405
149		0.286405
149.125		0.289019
149.25		0.289019
149.375		0.289019
149.5		0.289019
149.625		0.289019
149.75		0.289019
149.875		0.289019
150		0.289019
150.125		0.29173
150.25		0.29173
150.375		0.29173
150.5		0.29173
150.625		0.29173
150.75		0.29173
150.875		0.29173
151		0.29173
151.125		0.294837
151.25		0.294837
151.375		0.294837
151.5		0.294837
151.625		0.294837
151.75		0.294837
151.875		0.294837
152		0.294837
152.125		0.29548
152.25		0.29548
152.375		0.29548
152.5		0.29548
152.625		0.29548
152.75		0.29548
152.875		0.29548
153		0.29548
153.125		0.296735
153.25		0.296735
153.375		0.296735
153.5		0.296735
153.625		0.296735
153.75		0.296735
153.875		0.296735
154		0.296735
154.125		0.302717
154.25		0.302717
154.375		0.302717
154.5		0.302717
154.625		0.302717
154.75		0.302717
154.875		0.302717
155		0.302717
155.125		0.302847
155.25		0.302847
155.375		0.302847
155.5		0.302847
155.625		0.302847
155.75		0.302847
155.875		0.302847
156		0.302847
156.125		0.302962
156.25		0.302962
156.375		0.302962
156.5		0.302962
156.625		0.302962
156.75		0.302962
156.875		0.302962
157		0.302962
157.125		0.305319
157.25		0.305319
157.375		0.305319
157.5		0.305319
157.625		0.305319
157.75		0.305319
157.875		0.305319
158		0.305319
158.125		0.310071
158.25		0.310071
158.375		0.310071
158.5		0.310071
158.625		0.310071
158.75		0.310071
158.875		0.310071
159		0.310071
159.125		0.312583
159.25		0.312583
159.375		0.312583
159.5		0.312583
159.625		0.312583
159.75		0.312583
159.875		0.312583
160		0.312583
160.125		0.312789
160.25		0.312789
160.375		0.312789
160.5		0.312789
160.625		0.312789
160.75		0.312789
160.875		0.312789
161		0.312789
161.125		0.313854
161.25		0.313854
161.375		0.313854
161.5		0.313854
161.625		0.313854
161.75		0.313854
161.875		0.313854
162		0.313854
162.125		0.31665
162.25		0.31665
162.375		0.31665
162.5		0.31665
162.625		0.31665
162.75		0.31665
162.875		0.31665
163		0.31665
163.125		0.318542
163.25		0.318542
163.375		0.318542
163.5		0.318542
163.625		0.318542
163.75		0.318542
163.875		0.318542
164		0.318542
164.125		0.320132
164.25		0.320132
164.375		0.320132
164.5		0.320132
164.625		0.320132
164.75		0.320132
164.875		0.320132
165		0.320132
165.125		0.322288
165.25		0.322288
165.375		0.322288
165.5		0.322288
165.625		0.322288
165.75		0.322288
165.875		0.322288
166		0.322288
166.125		0.325596
166.25		0.325596
166.375		0.325596
166.5		0.325596
166.625		0.325596
166.75		0.325596
166.875		0.325596
167		0.325596
167.125		0.326719
167.25		0.326719
167.375		0.326719
167.5		0.326719
167.625		0.326719
167.75		0.326719
167.875		0.326719
168		0.326719
168.125		0.328881
168.25		0.328881
168.375		0.328881
168.5		0.328881
168.625		0.328881
168.75		0.328881
168.875		0.328881
169		0.328881
169.125		0.329109
169.25		0.329109
169.375		0.329109
169.5		0.329109
169.625		0.329109
169.75		0.329109
169.875		0.329109
170		0.329109
170.125		0.331876
170.25		0.331876
170.375		0.331876
170.5		0.331876
170.625		0.331876
170.75		0.331876
170.875		0.331876
171		0.331876
171.125		0.335916
171.25		0.335916
171.375		0.335916
171.5		0.335916
171.625		0.335916
171.75		0.335916
171.875		0.335916
172		0.335916
172.125		0.337615
172.25		0.337615
172.375		0.337615
172.5		0.337615
172.625		0.337615
172.75		0.337615
172.875		0.337615
173		0.337615
173.125		0.341331
173.25		0.341331
173.375		0.341331
173.5		0.341331
173.625		0.341331
173.75		0.341331
173.875		0.341331
174		0.341331
174.125		0.341547
174.25		0.341547
174.375		0.341547
174.5		0.341547
174.625		0.341547
174.75		0.341547
174.875		0.341547
175		0.341547
175.125		0.34421
175.25		0.34421
175.375		0.34421
175.5		0.34421
175.625		0.34421
175.75		0.34421
175.875		0.34421
176		0.34421
176.125		0.345885
176.25		0.345885
176.375		0.345885
176.5		0.345885
176.625		0.345885
176.75		0.345885
176.875		0.345885
177		0.345885
177.125		0.350143
177.25		0.350143
177.375		0.350143
177.5		0.350143
177.625		0.350143
177.75		0.350143
177.875		0.350143
178		0.350143
178.125		0.350731
178.25		0.350731
178.375		0.350731
178.5		0.350731
178.625		0.350731
178.75		0.350731
178.875		0.350731
179		0.350731
179.125		0.351674
179.25		0.351674
179.375		0.351674
179.5		0.351674
179.625		0.351674
179.75		0.351674
179.875		0.351674
180		0.351674
180.125		0.354636
180.25		0.354636
180.375		0.354636
180.5		0.354636
180.625		0.354636
180.75		0.354636
180.875		0.354636
181		0.354636
181.125		0.357296
181.25		0.357296
181.375		0.357296
181.5		0.357296
181.625		0.357296
181.75		0.357296
181.875		0.357296
182		0.357296
182.125		0.358332
182.25		0.358332
182.375		0.358332
182.5		0.358332
182.625		0.358332
182.75		0.358332
182.875		0.358332
183		0.358332
183.125		0.359696
183.25		0.359696
183.375		0.359696
183.5		0.359696
183.625		0.359696
183.75		0.359696
183.875		0.359696
184		0.359696
184.125		0.365059
184.25		0.365059
184.375		0.365059
184.5		0.365059
184.625		0.365059
184.75		0.365059
184.875		0.365059
185		0.365059
185.125		0.365618
185.25		0.365618
185.375		0.365618
185.5		0.365618
185.625		0.365618
185.75		0.365618
185.875		0.365618
186		0.365618
186.125		0.367472
186.25		0.367472
186.375		0.367472
186.5		0.367472
186.625		0.367472
186.75		0.367472
186.875		0.367472
187		0.367472
187.125		0.369504
187.25		0.369504
187.375		0.369504
187.5		0.369504
187.625		0.369504
187.75		0.369504
187.875		0.369504
188		0.369504
188.125		0.372853
188.25		0.372853
188.375		0.372853
188.5		0.372853
188.625		0.372853
188.75		0.372853
188.875		0.372853
189		0.372853
189.125		0.3754
189.25		0.3754
189.375		0.3754
189.5		0.3754
189.625		0.3754
189.75		0.3754
189.875		0.3754
190		0.3754
190.125		0.375785
190.25		0.375785
190.375		0.375785
190.5		0.375785
190.625		0.375785
190.75		0.375785
190.875		0.375785
191		0.375785
191.125		0.377749
191.25		0.377749
191.375		0.377749
191.5		0.377749
191.625		0.377749
191.75		0.377749
191.875		0.377749
192		0.377749
192.125		0.383176
192.25		0.383176
192.375		0.383176
192.5		0.383176
192.625		0.383176
192.75		0.383176
192.875		0.383176
193		0.383176
193.125		0.383719
193.25		0.383719
193.375		0.383719
193.5		0.383719
193.625		0.383719
193.75		0.383719
193.875		0.383719
194		0.383719
194.125		0.384616
194.25		0.384616
194.375		0.384616
194.5		0.384616
194.625		0.384616
194.75		0.384616
194.875		0.384616
195		0.384616
195.125		0.384924
195.25		0.384924
195.375		0.384924
195.5		0.384924
195.625		0.384924
195.75		0.384924
195.875		0.384924
196		0.384924
196.125		0.390573
196.25		0.390573
196.375		0.390573
196.5		0.390573
196.625		0.390573
196.75		0.390573
196.875		0.390573
197		0.390573
197.125		0.39106
197.25		0.39106
197.375		0.39106
197.5		0.39106
197.625		0.39106
197.75		0.39106
197.875		0.39106
198		0.39106
198.125		0.393928
198.25		0.393928
198.375		0.393928
198.5		0.393928
198.625		0.393928
198.75		0.393928
198.875		0.393928
199		0.393928
199.125		0.396215
199.25		0.396215
199.375		0.396215
199.5		0.396215
199.625		0.396215
199.75		0.396215
199.875		0.396215
200		0.396215
200.125		0.397003
200.25		0.397003
200.375		0.397003
200.5		0.397003
200.625		0.397003
200.75		0.397003
200.875		0.397003
201		0.397003
201.125		0.399371
201.25		0.399371
201.375		0.399371
201.5		0.399371
201.625		0.399371
201.75		0.399371
201.875		0.399371
202		0.399371
202.125		0.401541
202.25		0.401541
202.375		0.401541
202.5		0.401541
202.625		0.401541
202.75		0.401541
202.875		0.401541
203		0.401541
203.125		0.402701
203.25		0.402701
203.375		0.402701
203.5		0.402701
203.625		0.402701
203.75		0.402701
203.875		0.402701
204		0.402701
204.125		0.405608
204.25		0.405608
204.375		0.405608
204.5		0.405608
204.625		0.405608
204.75		0.405608
204.875		0.405608
205		0.405608
205.125		0.408188
205.25		0.408188
205.375		0.408188
205.5		0.408188
205.625		0.408188
205.75		0.408188
205.875		0.408188
206		0.408188
206.125		0.409597
206.25		0.409597
206.375		0.409597
206.5		0.409597
206.625		0.409597
206.75		0.409597
206.875		0.409597
207		0.409597
207.125		0.411327
207.25		0.411327
207.375		0.411327
207.5		0.411327
207.625		0.411327
207.75		0.411327
207.875		0.411327
208		0.411327
208.125		0.414019
208.25		0.414019
208.375		0.414019
208.5		0.414019
208.625		0.414019
208.75		0.414019
208.875		0.414019
209		0.414019
209.125		0.415338
209.25		0.415338
209.375		0.415338
209.5		0.415338
209.625		0.415338
209.75		0.415338
209.875		0.415338
210		0.415338
210.125		0.420618
210.25		0.420618
210.375		0.420618
210.5		0.420618
210.625		0.420618
210.75		0.420618
210.875		0.420618
211		0.420618
211.125		0.421094
211.25		0.421094
211.375		0.421094
211.5		0.421094
211.625		0.421094
211.75		0.421094
211.875		0.421094
212		0.421094
212.125		0.421474
212.25		0.421474
212.375		0.421474
212.5		0.421474
212.625		0.421474
212.75		0.421474
212.875		0.421474
213		0.421474
213.125		0.424786
213.25		0.424786
213.375		0.424786
213.5		0.424786
213.625		0.424786
213.75		0.424786
213.875		0.424786
214		0.424786
214.125		0.428783
214.25		0.428783
214.375		0.428783
214.5		0.428783
214.625		0.428783
214.75		0.428783
214.875		0.428783
215		0.428783
215.125		0.428989
215.25		0.428989
215.375		0.428989
215.5		0.428989
215.625		0.428989
215.75		0.428989
215.875		0.428989
216		0.428989
216.125		0.430676
216.25		0.430676
216.375		0.430676
216.5		0.430676
216.625		0.430676
216.75		0.430676
216.875		0.430676
217		0.430676
217.125		0.434024
217.25		0.434024
217.375		0.434024
217.5		0.434024
217.625		0.434024
217.75		0.434024
217.875		0.434024
218		0.434024
218.125		0.436285
218.25		0.436285
218.375		0.436285
218.5		0.436285
218.625		0.436285
218.75		0.436285
218.875		0.436285
219		0.436285
219.125		0.438824
219.25		0.438824
219.375		0.438824
219.5		0.438824
219.625		0.438824
219.75		0.438824
219.875		0.438824
220		0.438824
220.125		0.439971
220.25		0.439971
220.375		0.439971
220.5		0.439971
220.625		0.439971
220.75		0.439971
220.875		0.439971
221		0.439971
221.125		0.440735
221.25		0.440735
221.375		0.440735
221.5		0.440735
221.625		0.440735
221.75		0.440735
221.875		0.440735
222		0.440735
222.125		0.444396
222.25		0.444396
222.375		0.444396
222.5		0.444396
222.625		0.444396
222.75		0.444396
222.875		0.444396
223		0.444396
223.125		0.447885
223.25		0.447885
223.375		0.447885
223.5		0.447885
223.625		0.447885
223.75		0.447885
223.875		0.447885
224		0.447885
224.125		0.448325
224.25		0.448325
224.375		0.448325
224.5		0.448325
224.625		0.448325
224.75		0.448325
224.875		0.448325
225		0.448325
225.125		0.452003
225.25		0.452003
225.375		0.452003
225.5		0.452003
225.625		0.452003
225.75		0.452003
225.875		0.452003
226		0.452003
226.125		0.454694
226.25		0.454694
226.375		0.454694
226.5		0.454694
226.625		0.454694
226.75		0.454694
226.875		0.454694
227		0.454694
227.125		0.455015
227.25		0.455015
227.375		0.455015
227.5		0.455015
227.625		0.455015
227.75		0.455015
227.875		0.455015
228		0.455015
228.125		0.456994
228.25		0.456994
228.375		0.456994
228.5		0.456994
228.625		0.456994
228.75		0.456994
228.875		0.456994
229		0.456994
229.125		0.458827
229.25		0.458827
229.375		0.458827
229.5		0.458827
229.625		0.458827
229.75		0.458827
229.875		0.458827
230		0.458827
230.125		0.462104
230.25		0.462104
230.375		0.462104
230.5		0.462104
230.625		0.462104
230.75		0.462104
230.875		0.462104
231		0.462104
231.125		0.465035
231.25		0.465035
231.375		0.465035
231.5		0.465035
231.625		0.465035
231.75		0.465035
231.875		0.465035
232		0.465035
232.125		0.465666
232.25		0.465666
232.375		0.465666
232.5		0.465666
232.625		0.465666
232.75		0.465666
232.875		0.465666
233		0.465666
233.125		0.467061
233.25		0.467061
233.375		0.467061
233.5		0.467061
233.625		0.467061
233.75		0.467061
233.875		0.467061
234		0.467061
234.125		0.470797
234.25		0.470797
234.375		0.470797
234.5		0.470797
234.625		0.470797
234.75		0.470797
234.875		0.470797
235		0.470797
235.125		0.472212
235.25		0.472212
235.375		0.472212
235.5		0.472212
235.625		0.472212
235.75		0.472212
235.875		0.472212
236		0.472212
236.125		0.475493
236.25		0.475493
236.375		0.475493
236.5		0.475493
236.625		0.475493
236.75		0.475493
236.875		0.475493
237		0.475493
237.125		0.476357
237.25		0.476357
237.375		0.476357
237.5		0.476357
237.625		0.476357
237.75		0.476357
237.875		0.476357
238		0.476357
238.125		0.478671
238.25		0.478671
238.375		0.478671
238.5		0.478671
238.625		0.478671
238.75		0.478671
238.875		0.478671
239		0.478671
239.125		0.481903
239.25		0.481903
239.375		0.481903
239.5		0.481903
239.625		0.481903
239.75		0.481903
239.875		0.481903
240		0.481903
240.125		0.484225
240.25		0.484225
240.375		0.484225
240.5		0.484225
240.625		0.484225
240.75		0.484225
240.875		0.484225
241		0.484225
241.125		0.485375
241.25		0.485375
241.375		0.485375
241.5		0.485375
241.625		0.485375
241.75		0.485375
241.875		0.485375
242		0.485375
242.125		0.48635
242.25		0.48635
242.375		0.48635
242.5		0.48635
242.625		0.48635
242.75		0.48635
242.875		0.48635
243		0.48635
243.125		0.487659
243.25		0.487659
243.375		0.487659
243.5		0.487659
243.625		0.487659
243.75		0.487659
243.875		0.487659
244		0.487659
244.125		0.494628
244.25		0.494628
244.375		0.494628
244.5		0.494628
244.625		0.494628
244.75		0.494628
244.875		0.494628
245		0.494628
245.125		0.495858
245.25		0.495858
245.375		0.495858
245.5		0.495858
245.625		0.495858
245.75		0.495858
245.875		0.495858
246		0.495858
246.125		0.496333
246.25		0.496333
246.375		0.496333
246.5		0.496333
246.625		0.496333
246.75		0.496333
246.875		0.496333
247		0.496333
247.125		0.498662
247.25		0.498662
247.375		0.498662
247.5		0.498662
247.625		0.498662
247.75		0.498662
247.875		0.498662
248		0.498662
248.125		0.504016
248.25		0.504016
248.375		0.504016
248.5		0.504016
248.625		0.504016
248.75		0.504016
248.875		0.504016
249		0.504016
249.125		0.504341
249.25		0.504341
249.375		0.504341
249.5		0.504341
249.625		0.504341
249.75		0.504341
249.875		0.504341
250		0.504341
250.125		0.507343
250.25		0.507343
250.375		0.507343
250.5		0.507343
250.625		0.507343
250.75		0.507343
250.875		0.507343
251		0.507343
251.125		0.507573
251.25		0.507573
251.375		0.507573
251.5		0.507573
251.625		0.507573
251.75		0.507573
251.875		0.507573
252		0.507573
252.125		0.511103
252.25		0.511103
252.375		0.511103
252.5		0.511103
252.625		0.511103
252.75		0.511103
252.875		0.511103
253		0.511103
253.125		0.512037
253.25		0.512037
253.375		0.512037
253.5		0.512037
253.625		0.512037
253.75		0.512037
253.875		0.512037
254		0.512037
254.125		0.514997
254.25		0.514997
254.375		0.514997
254.5		0.514997
254.625		0.514997
254.75		0.514997
254.875		0.514997
255		0.514997
255.125		0.515415
255.25		0.515415
255.375		0.515415
255.5		0.515415
255.625		0.515415
255.75		0.515415
255.875		0.515415
256		0.515415
256.125		0.519887
256.25		0.519887
256.375		0.519887
256.5		0.519887
256.625		0.519887
256.75		0.519887
256.875		0.519887
257		0.519887
257.125		0.523123
257.25		0.523123
257.375		0.523123
257.5		0.523123
257.625		0.523123
257.75		0.523123
257.875		0.523123
258		0.523123
258.125		0.523485
258.25		0.523485
258.375		0.523485
258.5		0.523485
258.625		0.523485
258.75		0.523485
258.875		0.523485
259		0.523485
259.125		0.524542
259.25		0.524542
259.375		0.524542
259.5		0.524542
259.625		0.524542
259.75		0.524542
259.875		0.524542
260		0.524542
260.125		0.528409
260.25		0.528409
260.375		0.528409
260.5		0.528409
260.625		0.528409
260.75		0.528409
260.875		0.528409
261		0.528409
261.125		0.532536
261.25		0.532536
261.375		0.532536
261.5		0.532536
261.625		0.532536
261.75		0.532536
261.875		0.532536
262		0.532536
262.125		0.532772
262.25		0.532772
262.375		0.532772
262.5		0.532772
262.625		0.532772
262.75		0.532772
262.875		0.532772
263		0.532772
263.125		0.534663
263.25		0.534663
263.375		0.534663
263.5		0.534663
263.625		0.534663
263.75		0.534663
263.875		0.534663
264		0.534663
264.125		0.537676
264.25		0.537676
264.375		0.537676
264.5		0.537676
264.625		0.537676
264.75		0.537676
264.875		0.537676
265		0.537676
265.125		0.540048
265.25		0.540048
265.375		0.540048
265.5		0.540048
265.625		0.540048
265.75		0.540048
265.875		0.540048
266		0.540048
266.125		0.54047
266.25		0.54047
266.375		0.54047
266.5		0.54047
266.625		0.54047
266.75		0.54047
266.875		0.54047
267		0.54047
267.125		0.542484
267.25		0.542484
267.375		0.542484
267.5		0.542484
267.625		0.542484
267.75		0.542484
267.875		0.542484
268		0.542484
268.125		0.546221
268.25		0.546221
268.375		0.546221
268.5		0.546221
268.625		0.546221
268.75		0.546221
268.875		0.546221
269		0.546221
269.125		0.547452
269.25		0.547452
269.375		0.547452
269.5		0.547452
269.625		0.547452
269.75		0.547452
269.875		0.547452
270		0.547452
270.125		0.55051
270.25		0.55051
270.375		0.55051
270.5		0.55051
270.625		0.55051
270.75		0.55051
270.875		0.55051
271		0.55051
271.125		0.55158
271.25		0.55158
271.375		0.55158
271.5		0.55158
271.625		0.55158
271.75		0.55158
271.875		0.55158
272		0.55158
272.125		0.551969
272.25		0.551969
272.375		0.551969
272.5		0.551969
272.625		0.551969
272.75		0.551969
272.875		0.551969
273		0.551969
273.125		0.552825
273.25		0.552825
273.375		0.552825
273.5		0.552825
273.625		0.552825
273.75		0.552825
273.875		0.552825
274		0.552825
274.125		0.561931
274.25		0.561931
274.375		0.561931
274.5		0.561931
274.625		0.561931
274.75		0.561931
274.875		0.561931
275		0.561931
275.125		0.562141
275.25		0.562141
275.375		0.562141
275.5		0.562141
275.625		0.562141
275.75		0.562141
275.875		0.562141
276		0.562141
276.125		0.562503
276.25		0.562503
276.375		0.562503
276.5		0.562503
276.625		0.562503
276.75		0.562503
276.875		0.562503
277		0.562503
277.125		0.56858
277.25		0.56858
277.375		0.56858
277.5		0.56858
277.625		0.56858
277.75		0.56858
277.875		0.56858
278		0.56858
278.125		0.571365
278.25		0.571365
278.375		0.571365
278.5		0.571365
278.625		0.571365
278.75		0.571365
278.875		0.571365
279		0.571365
279.125		0.573714
279.25		0.573714
279.375		0.573714
279.5		0.573714
279.625		0.573714
279.75		0.573714
279.875		0.573714
280		0.573714
280.125		0.57408
280.25		0.57408
280.375		0.57408
280.5		0.57408
280.625		0.57408
280.75		0.57408
280.875		0.57408
281		0.57408
281.125		0.580169
281.25		0.580169
281.375		0.580169
281.5		0.580169
281.625		0.580169
281.75		0.580169
281.875		0.580169
282		0.580169
282.125		0.58084
282.25		0.58084
282.375		0.58084
282.5		0.58084
282.625		0.58084
282.75		0.58084
282.875		0.58084
283		0.58084
283.125		0.58121
283.25		0.58121
283.375		0.58121
283.5		0.58121
283.625		0.58121
283.75		0.58121
283.875		0.58121
284		0.58121
284.125		0.583306
284.25		0.583306
284.375		0.583306
284.5		0.583306
284.625		0.583306
284.75		0.583306
284.875		0.583306
285		0.583306
285.125		0.584678
285.25		0.584678
285.375		0.584678
285.5		0.584678
285.625		0.584678
285.75		0.584678
285.875		0.584678
286		0.584678
286.125		0.588721
286.25		0.588721
286.375		0.588721
286.5		0.588721
286.625		0.588721
286.75		0.588721
286.875		0.588721
287		0.588721
287.125		0.589031
287.25		0.589031
287.375		0.589031
287.5		0.589031
287.625		0.589031
287.75		0.589031
287.875		0.589031
288		0.589031
288.125		0.592493
288.25		0.592493
288.375		0.592493
288.5		0.592493
288.625		0.592493
288.75		0.592493
288.875		0.592493
289		0.592493
289.125		0.593059
289.25		0.593059
289.375		0.593059
289.5		0.593059
289.625		0.593059
289.75		0.593059
289.875		0.593059
290		0.593059
290.125		0.598662
290.25		0.598662
290.375		0.598662
290.5		0.598662
290.625		0.598662
290.75		0.598662
290.875		0.598662
291		0.598662
291.125		0.598932
291.25		0.598932
291.375		0.598932
291.5		0.598932
291.625		0.598932
291.75		0.598932
291.875		0.598932
292		0.598932
292.125		0.600269
292.25		0.600269
292.375		0.600269
292.5		0.600269
292.625		0.600269
292.75		0.600269
292.875		0.600269
293		0.600269
293.125		0.601205
293.25		0.601205
293.375		0.601205
293.5		0.601205
293.625		0.601205
293.75		0.601205
293.875		0.601205
294		0.601205
294.125		0.605093
294.25		0.605093
294.375		0.605093
294.5		0.605093
294.625		0.605093
294.75		0.605093
294.875		0.605093
295		0.605093
295.125		0.607839
295.25		0.607839
295.375		0.607839
295.5		0.607839
295.625		0.607839
295.75		0.607839
295.875		0.607839
296		0.607839
296.125		0.608423
296.25		0.608423
296.375		0.608423
296.5		0.608423
296.625		0.608423
296.75		0.608423
296.875		0.608423
297		0.608423
297.125		0.610178
297.25		0.610178
297.375		0.610178
297.5		0.610178
297.625		0.610178
297.75		0.610178
297.875		0.610178
298		0.610178
298.125		0.613078
298.25		0.613078
298.375		0.613078
298.5		0.613078
298.625		0.613078
298.75		0.613078
298.875		0.613078
299		0.613078
299.125		0.61465
299.25		0.61465
299.375		0.61465
299.5		0.61465
299.625		0.61465
299.75		0.61465
299.875		0.61465
300		0.61465
300.125		0.617156
300.25		0.617156
300.375		0.617156
300.5		0.617156
300.625		0.617156
300.75		0.617156
300.875		0.617156
301		0.617156
301.125		0.619326
301.25		0.619326
301.375		0.619326
301.5		0.619326
301.625		0.619326
301.75		0.619326
301.875		0.619326
302		0.619326
302.125		0.62171
302.25		0.62171
302.375		0.62171
302.5		0.62171
302.625		0.62171
302.75		0.62171
302.875		0.62171
303		0.62171
303.125		0.622193
303.25		0.622193
303.375		0.622193
303.5		0.622193
303.625		0.622193
303.75		0.622193
303.875		0.622193
304		0.622193
304.125		0.626503
304.25		0.626503
304.375		0.626503
304.5		0.626503
304.625		0.626503
304.75		0.626503
304.875		0.626503
305		0.626503
305.125		0.628795
305.25		0.628795
305.375		0.628795
305.5		0.628795
305.625		0.628795
305.75		0.628795
305.875		0.628795
306		0.628795
306.125		0.629296
306.25		0.629296
306.375		0.629296
306.5		0.629296
306.625		0.629296
306.75		0.629296
306.875		0.629296
307		0.629296
307.125		0.634474
307.25		0.634474
307.375		0.634474
307.5		0.634474
307.625		0.634474
307.75		0.634474
307.875		0.634474
308		0.634474
308.125		0.634797
308.25		0.634797
308.375		0.634797
308.5		0.634797
308.625		0.634797
308.75		0.634797
308.875		0.634797
309		0.634797
309.125		0.635678
309.25		0.635678
309.375		0.635678
309.5		0.635678
309.625		0.635678
309.75		0.635678
309.875		0.635678
310		0.635678
310.125		0.638983
310.25		0.638983
310.375		0.638983
310.5		0.638983
310.625		0.638983
310.75		0.638983
310.875		0.638983
311		0.638983
311.125		0.639401
311.25		0.639401
311.375		0.639401
311.5		0.639401
311.625		0.639401
311.75		0.639401
311.875		0.639401
312		0.639401
312.125		0.642365
312.25		0.642365
312.375		0.642365
312.5		0.642365
312.625		0.642365
312.75		0.642365
312.875		0.642365
313		0.642365
313.125		0.645488
313.25		0.645488
313.375		0.645488
313.5		0.645488
313.625		0.645488
313.75		0.645488
313.875		0.645488
314		0.645488
314.125		0.646494
314.25		0.646494
314.375		0.646494
314.5		0.646494
314.625		0.646494
314.75		0.646494
314.875		0.646494
315		0.646494
315.125		0.648417
315.25		0.648417
315.375		0.648417
315.5		0.648417
315.625		0.648417
315.75		0.648417
315.875		0.648417
316		0.648417
316.125		0.652336
316.25		0.652336
316.375		0.652336
316.5		0.652336
316.625		0.652336
316.75		0.652336
316.875		0.652336
317		0.652336
317.125		0.654664
317.25		0.654664
317.375		0.654664
317.5		0.654664
317.625		0.654664
317.75		0.654664
317.875		0.654664
318		0.654664
318.125		0.656022
318.25		0.656022
318.375		0.656022
318.5		0.656022
318.625		0.656022
318.75		0.656022
318.875		0.656022
319		0.656022
319.125		0.658472
319.25		0.658472
319.375		0.658472
319.5		0.658472
319.625		0.658472
319.75		0.658472
319.875		0.658472
320		0.658472
320.125		0.661446
320.25		0.661446
320.375		0.661446
320.5		0.661446
320.625		0.661446
320.75		0.661446
320.875		0.661446
321		0.661446
321.125		0.66408
321.25		0.66408
321.375		0.66408
321.5		0.66408
321.625		0.66408
321.75		0.66408
321.875		0.66408
322		0.66408
322.125		0.664372
322.25		0.664372
322.375		0.664372
322.5		0.664372
322.625		0.664372
322.75		0.664372
322.875		0.664372
323		0.664372
323.125		0.667832
323.25		0.667832
323.375		0.667832
323.5		0.667832
323.625		0.667832
323.75		0.667832
323.875		0.667832
324		0.667832
324.125		0.670329
324.25		0.670329
324.375		0.670329
324.5		0.670329
324.625		0.670329
324.75		0.670329
324.875		0.670329
325		0.670329
325.125		0.67231
325.25		0.67231
325.375		0.67231
325.5		0.67231
325.625		0.67231
325.75		0.67231
325.875		0.67231
326		0.67231
326.125		0.67324
326.25		0.67324
326.375		0.67324
326.5		0.67324
326.625		0.67324
326.75		0.67324
326.875		0.67324
327		0.67324
327.125		0.676517
327.25		0.676517
327.375		0.676517
327.5		0.676517
327.625		0.676517
327.75		0.676517
327.875		0.676517
328		0.676517
328.125		0.678094
328.25		0.678094
328.375		0.678094
328.5		0.678094
328.625		0.678094
328.75		0.678094
328.875		0.678094
329		0.678094
329.125		0.679896
329.25		0.679896
329.375		0.679896
329.5		0.679896
329.625		0.679896
329.75		0.679896
329.875		0.679896
330		0.679896
330.125		0.683712
330.25		0.683712
330.375		0.683712
330.5		0.683712
330.625		0.683712
330.75		0.683712
330.875		0.683712
331		0.683712
331.125		0.687246
331.25		0.687246
331.375		0.687246
331.5		0.687246
331.625		0.687246
331.75		0.687246
331.875		0.687246
332		0.687246
332.125		0.687662
332.25		0.687662
332.375		0.687662
332.5		0.687662
332.625		0.687662
332.75		0.687662
332.875		0.687662
333		0.687662
333.125		0.688263
333.25		0.688263
333.375		0.688263
333.5		0.688263
333.625		0.688263
333.75		0.688263
333.875		0.688263
334		0.688263
334.125		0.69358
334.25		0.69358
334.375		0.69358
334.5		0.69358
334.625		0.69358
334.75		0.69358
334.875		0.69358
335		0.69358
335.125		0.695466
335.25		0.695466
335.375		0.695466
335.5		0.695466
335.625		0.695466
335.75		0.695466
335.875		0.695466
336		0.695466
336.125		0.697129
336.25		0.697129
336.375		0.697129
336.5		0.697129
336.625		0.697129
336.75		0.697129
336.875		0.697129
337		0.697129
337.125		0.699019
337.25		0.699019
337.375		0.699019
337.5		0.699019
337.625		0.699019
337.75		0.699019
337.875		0.699019
338		0.699019
338.125		0.702915
338.25		0.702915
338.375		0.702915
338.5		0.702915
338.625		0.702915
338.75		0.702915
338.875		0.702915
339		0.702915
339.125		0.704256
339.25		0.704256
339.375		0.704256
339.5		0.704256
339.625		0.704256
339.75		0.704256
339.875		0.704256
340		0.704256
340.125		0.7064
340.25		0.7064
340.375		0.7064
340.5		0.7064
340.625		0.7064
340.75		0.7064
340.875		0.7064
341		0.7064
341.125		0.706733
341.25		0.706733
341.375		0.706733
341.5		0.706733
341.625		0.706733
341.75		0.706733
341.875		0.706733
342		0.706733
342.125		0.711464
342.25		0.711464
342.375		0.711464
342.5		0.711464
342.625		0.711464
342.75		0.711464
342.875		0.711464
343		0.711464
343.125		0.712147
343.25		0.712147
343.375		0.712147
343.5		0.712147
343.625		0.712147
343.75		0.712147
343.875		0.712147
344		0.712147
344.125		0.713739
344.25		0.713739
344.375		0.713739
344.5		0.713739
344.625		0.713739
344.75		0.713739
344.875		0.713739
345		0.713739
345.125		0.715408
345.25		0.715408
345.375		0.715408
345.5		0.715408
345.625		0.715408
345.75		0.715408
345.875		0.715408
346		0.715408
346.125		0.72154
346.25		0.72154
346.375		0.72154
346.5		0.72154
346.625		0.72154
346.75		0.72154
346.875		0.72154
347		0.72154
347.125		0.721801
347.25		0.721801
347.375		0.721801
347.5		0.721801
347.625		0.721801
347.75		0.721801
347.875		0.721801
348		0.721801
348.125		0.722019
348.25		0.722019
348.375		0.722019
348.5		0.722019
348.625		0.722019
348.75		0.722019
348.875		0.722019
349		0.722019
349.125		0.723015
349.25		0.723015
349.375		0.723015
349.5		0.723015
349.625		0.723015
349.75		0.723015
349.875		0.723015
350		0.723015
350.125		0.730151
350.25		0.730151
350.375		0.730151
350.5		0.730151
350.625		0.730151
350.75		0.730151
350.875		0.730151
351		0.730151
351.125		0.732918
351.25		0.732918
351.375		0.732918
351.5		0.732918
351.625		0.732918
351.75		0.732918
351.875		0.732918
352		0.732918
352.125		0.734121
352.25		0.734121
352.375		0.734121
352.5		0.734121
352.625		0.734121
352.75		0.734121
352.875		0.734121
353		0.734121
353.125		0.737772
353.25		0.737772
353.375		0.737772
353.5		0.737772
353.625		0.737772
353.75		0.737772
353.875		0.737772
354		0.737772
354.125		0.738116
354.25		0.738116
354.375		0.738116
354.5		0.738116
354.625		0.738116
354.75		0.738116
354.875		0.738116
355		0.738116
355.125		0.742298
355.25		0.742298
355.375		0.742298
355.5		0.742298
355.625		0.742298
355.75		0.742298
355.875		0.742298
356		0.742298
356.125		0.746291
356.25		0.746291
356.375		0.746291
356.5		0.746291
356.625		0.746291
356.75		0.746291
356.875		0.746291
357		0.746291
357.125		0.747922
357.25		0.747922
357.375		0.747922
357.5		0.747922
357.625		0.747922
357.75		0.747922
357.875		0.747922
358		0.747922
358.125		0.748969
358.25		0.748969
358.375		0.748969
358.5		0.748969
358.625		0.748969
358.75		0.748969
358.875		0.748969
359		0.748969
359.125		0.753429
359.25		0.753429
359.375		0.753429
359.5		0.753429
359.625		0.753429
359.75		0.753429
359.875		0.753429
360		0.753429
360.125		0.754852
360.25		0.754852
360.375		0.754852
360.5		0.754852
360.625		0.754852
360.75		0.754852
360.875		0.754852
361		0.754852
361.125		0.75565
361.25		0.75565
361.375		0.75565
361.5		0.75565
361.625		0.75565
361.75		0.75565
361.875		0.75565
362		0.75565
362.125		0.757716
362.25		0.757716
362.375		0.757716
362.5		0.757716
362.625		0.757716
362.75		0.757716
362.875		0.757716
363		0.757716
363.125		0.758148
363.25		0.758148
363.375		0.758148
363.5		0.758148
363.625		0.758148
363.75		0.758148
363.875		0.758148
364		0.758148
364.125		0.762895
364.25		0.762895
364.375		0.762895
364.5		0.762895
364.625		0.762895
364.75		0.762895
364.875		0.762895
365		0.762895
365.125		0.765341
365.25		0.765341
365.375		0.765341
365.5		0.765341
365.625		0.765341
365.75		0.765341
365.875		0.765341
366		0.765341
366.125		0.766573
366.25		0.766573
366.375		0.766573
366.5		0.766573
366.625		0.766573
366.75		0.766573
366.875		0.766573
367		0.766573
367.125		0.769573
367.25		0.769573
367.375		0.769573
367.5		0.769573
367.625		0.769573
367.75		0.769573
367.875		0.769573
368		0.769573
368.125		0.771015
368.25		0.771015
368.375		0.771015
368.5		0.771015
368.625		0.771015
368.75		0.771015
368.875		0.771015
369		0.771015
369.125		0.776972
369.25		0.776972
369.375		0.776972
369.5		0.776972
369.625		0.776972
369.75		0.776972
369.875		0.776972
370		0.776972
370.125		0.777291
370.25		0.777291
370.375		0.777291
370.5		0.777291
370.625		0.777291
370.75		0.777291
370.875		0.777291
371		0.777291
371.125		0.777945
371.25		0.777945
371.375		0.777945
371.5		0.777945
371.625		0.777945
371.75		0.777945
371.875		0.777945
372		0.777945
372.125		0.779093
372.25		0.779093
372.375		0.779093
372.5		0.779093
372.625		0.779093
372.75		0.779093
372.875		0.779093
373		0.779093
373.125		0.782649
373.25		0.782649
373.375		0.782649
373.5		0.782649
373.625		0.782649
373.75		0.782649
373.875		0.782649
374		0.782649
374.125		0.784674
374.25		0.784674
374.375		0.784674
374.5		0.784674
374.625		0.784674
374.75		0.784674
374.875		0.784674
375		0.784674
375.125		0.786566
375.25		0.786566
375.375		0.786566
375.5		0.786566
375.625		0.786566
375.75		0.786566
375.875		0.786566
376		0.786566
376.125		0.788103
376.25		0.788103
376.375		0.788103
376.5		0.788103
376.625		0.788103
376.75		0.788103
376.875		0.788103
377		0.788103
377.125		0.790084
377.25		0.790084
377.375		0.790084
377.5		0.790084
377.625		0.790084
377.75		0.790084
377.875		0.790084
378		0.790084
378.125		0.795132
378.25		0.795132
378.375		0.795132
378.5		0.795132
378.625		0.795132
378.75		0.795132
378.875		0.795132
379		0.795132
379.125		0.796127
379.25		0.796127
379.375		0.796127
379.5		0.796127
379.625		0.796127
379.75		0.796127
379.875		0.796127
380		0.796127
380.125		0.796983
380.25		0.796983
380.375		0.796983
380.5		0.796983
380.625		0.796983
380.75		0.796983
380.875		0.796983
381		0.796983
381.125		0.798586
381.25		0.798586
381.375		0.798586
381.5		0.798586
381.625		0.798586
381.75		0.798586
381.875		0.798586
382		0.798586
382.125		0.805724
382.25		0.805724
382.375		0.805724
382.5		0.805724
382.625		0.805724
382.75		0.805724
382.875		0.805724
383		0.805724
383.125		0.806493
383.25		0.806493
383.375		0.806493
383.5		0.806493
383.625		0.806493
383.75		0.806493
383.875		0.806493
384		0.806493
384.125		0.807814
384.25		0.807814
384.375		0.807814
384.5		0.807814
384.625		0.807814
384.75		0.807814
384.875		0.807814
385		0.807814
385.125		0.80833
385.25		0.80833
385.375		0.80833
385.5		0.80833
385.625		0.80833
385.75		0.80833
385.875		0.80833
386		0.80833
386.125		0.812572
386.25		0.812572
386.375		0.812572
386.5		0.812572
386.625		0.812572
386.75		0.812572
386.875		0.812572
387		0.812572
387.125		0.81367
387.25		0.81367
387.375		0.81367
387.5		0.81367
387.625		0.81367
387.75		0.81367
387.875		0.81367
388		0.81367
388.125		0.818774
388.25		0.818774
388.375		0.818774
388.5		0.818774
388.625		0.818774
388.75		0.818774
388.875		0.818774
389		0.818774
389.125		0.819086
389.25		0.819086
389.375		0.819086
389.5		0.819086
389.625		0.819086
389.75		0.819086
389.875		0.819086
390		0.819086
390.125		0.820927
390.25		0.820927
390.375		0.820927
390.5		0.820927
390.625		0.820927
390.75		0.820927
390.875		0.820927
391		0.820927
391.125		0.823279
391.25		0.823279
391.375		0.823279
391.5		0.823279
391.625		0.823279
391.75		0.823279
391.875		0.823279
392		0.823279
392.125		0.823737
392.25		0.823737
392.375		0.823737
392.5		0.823737
392.625		0.823737
392.75		0.823737
392.875		0.823737
393		0.823737
393.125		0.825743
393.25		0.825743
393.375		0.825743
393.5		0.825743
393.625		0.825743
393.75		0.825743
393.875		0.825743
394		0.825743
394.125		0.829094
394.25		0.829094
394.375		0.829094
394.5		0.829094
394.625		0.829094
394.75		0.829094
394.875		0.829094
395		0.829094
395.125		0.831063
395.25		0.831063
395.375		0.831063
395.5		0.831063
395.625		0.831063
395.75		0.831063
395.875		0.831063
396		0.831063
396.125		0.832202
396.25		0.832202
396.375		0.832202
396.5		0.832202
396.625		0.832202
396.75		0.832202
396.875		0.832202
397		0.832202
397.125		0.832961
397.25		0.832961
397.375		0.832961
397.5		0.832961
397.625		0.832961
397.75		0.832961
397.875		0.832961
398		0.832961
398.125		0.836559
398.25		0.836559
398.375		0.836559
398.5		0.836559
398.625		0.836559
398.75		0.836559
398.875		0.836559
399		0.836559
399.125		0.838966
399.25		0.838966
399.375		0.838966
399.5		0.838966
399.625		0.838966
399.75		0.838966
399.875		0.838966
400		0.838966
400.125		0.839275
400.25		0.839275
400.375		0.839275
400.5		0.839275
400.625		0.839275
400.75		0.839275
400.875		0.839275
401		0.839275
401.125		0.842294
401.25		0.842294
401.375		0.842294
401.5		0.842294
401.625		0.842294
401.75		0.842294
401.875		0.842294
402		0.842294
402.125		0.842955
402.25		0.842955
402.375		0.842955
402.5		0.842955
402.625		0.842955
402.75		0.842955
402.875		0.842955
403		0.842955
403.125		0.846538
403.25		0.846538
403.375		0.846538
403.5		0.846538
403.625		0.846538
403.75		0.846538
403.875		0.846538
404		0.846538
404.125		0.84857
404.25		0.84857
404.375		0.84857
404.5		0.84857
404.625		0.84857
404.75		0.84857
404.875		0.84857
405		0.84857
405.125		0.85229
405.25		0.85229
405.375		0.85229
405.5		0.85229
405.625		0.85229
405.75		0.85229
405.875		0.85229
406		0.85229
406.125		0.854018
406.25		0.854018
406.375		0.854018
406.5		0.854018
406.625		0.854018
406.75		0.854018
406.875		0.854018
407		0.854018
407.125		0.85445
407.25		0.85445
407.375		0.85445
407.5		0.85445
407.625		0.85445
407.75		0.85445
407.875		0.85445
408		0.85445
408.125		0.857533
408.25		0.857533
408.375		0.857533
408.5		0.857533
408.625		0.857533
408.75		0.857533
408.875		0.857533
409		0.857533
409.125		0.859697
409.25		0.859697
409.375		0.859697
409.5		0.859697
409.625		0.859697
409.75		0.859697
409.875		0.859697
410		0.859697
410.125		0.860232
410.25		0.860232
410.375		0.860232
410.5		0.860232
410.625		0.860232
410.75		0.860232
410.875		0.860232
411		0.860232
411.125		0.863492
411.25		0.863492
411.375		0.863492
411.5		0.863492
411.625		0.863492
411.75		0.863492
411.875		0.863492
412		0.863492
412.125		0.866831
412.25		0.866831
412.375		0.866831
412.5		0.866831
412.625		0.866831
412.75		0.866831
412.875		0.866831
413		0.866831
413.125		0.867378
413.25		0.867378
413.375		0.867378
413.5		0.867378
413.625		0.867378
413.75		0.867378
413.875		0.867378
414		0.867378
414.125		0.869158
414.25		0.869158
414.375		0.869158
414.5		0.869158
414.625		0.869158
414.75		0.869158
414.875		0.869158
415		0.869158
415.125		0.872161
415.25		0.872161
415.375		0.872161
415.5		0.872161
415.625		0.872161
415.75		0.872161
415.875		0.872161
416		0.872161
416.125		0.877425
416.25		0.877425
416.375		0.877425
416.5		0.877425
416.625		0.877425
416.75		0.877425
416.875		0.877425
417		0.877425
417.125		0.878579
417.25		0.878579
417.375		0.878579
417.5		0.878579
417.625		0.878579
417.75		0.878579
417.875		0.878579
418		0.878579
418.125		0.879809
418.25		0.879809
418.375		0.879809
418.5		0.879809
418.625		0.879809
418.75		0.879809
418.875		0.879809
419		0.879809
419.125		0.880136
419.25		0.880136
419.375		0.880136
419.5		0.880136
419.625		0.880136
419.75		0.880136
419.875		0.880136
420		0.880136
420.125		0.883376
420.25		0.883376
420.375		0.883376
420.5		0.883376
420.625		0.883376
420.75		0.883376
420.875		0.883376
421		0.883376
421.125		0.884993
421.25		0.884993
421.375		0.884993
421.5		0.884993
421.625		0.884993
421.75		0.884993
421.875		0.884993
422		0.884993
422.125		0.888035
422.25		0.888035
422.375		0.888035
422.5		0.888035
422.625		0.888035
422.75		0.888035
422.875		0.888035
423		0.888035
423.125		0.890845
423.25		0.890845
423.375		0.890845
423.5		0.890845
423.625		0.890845
423.75		0.890845
423.875		0.890845
424		0.890845
424.125		0.892921
424.25		0.892921
424.375		0.892921
424.5		0.892921
424.625		0.892921
424.75		0.892921
424.875		0.892921
425		0.892921
425.125		0.894326
425.25		0.894326
425.375		0.894326
425.5		0.894326
425.625		0.894326
425.75		0.894326
425.875		0.894326
426		0.894326
426.125		0.89569
426.25		0.89569
426.375		0.89569
426.5		0.89569
426.625		0.89569
426.75		0.89569
426.875		0.89569
427		0.89569
427.125		0.896377
427.25		0.896377
427.375		0.896377
427.5		0.896377
427.625		0.896377
427.75		0.896377
427.875		0.896377
428		0.896377
428.125		0.902248
428.25		0.902248
428.375		0.902248
428.5		0.902248
428.625		0.902248
428.75		0.902248
428.875		0.902248
429		0.902248
429.125		0.902678
429.25		0.902678
429.375		0.902678
429.5		0.902678
429.625		0.902678
429.75		0.902678
429.875		0.902678
430		0.902678
430.125		0.906014
430.25		0.906014
430.375		0.906014
430.5		0.906014
430.625		0.906014
430.75		0.906014
430.875		0.906014
431		0.906014
431.125		0.907181
431.25		0.907181
431.375		0.907181
431.5		0.907181
431.625		0.907181
431.75		0.907181
431.875		0.907181
432		0.907181
432.125		0.908051
432.25		0.908051
432.375		0.908051
432.5		0.908051
432.625		0.908051
432.75		0.908051
432.875		0.908051
433		0.908051
433.125		0.91084
433.25		0.91084
433.375		0.91084
433.5		0.91084
433.625		0.91084
433.75		0.91084
433.875		0.91084
434		0.91084
434.125		0.915697
434.25		0.915697
434.375		0.915697
434.5		0.915697
434.625		0.915697
434.75		0.915697
434.875		0.915697
435		0.915697
435.125		0.916164
435.25		0.916164
435.375		0.916164
435.5		0.916164
435.625		0.916164
435.75		0.916164
435.875		0.916164
436		0.916164
436.125		0.916929
436.25		0.916929
436.375		0.916929
436.5		0.916929
436.625		0.916929
436.75		0.916929
436.875		0.916929
437		0.916929
437.125		0.918536
437.25		0.918536
437.375		0.918536
437.5		0.918536
437.625		0.918536
437.75		0.918536
437.875		0.918536
438		0.918536
438.125		0.922528
438.25		0.922528
438.375		0.922528
438.5		0.922528
438.625		0.922528
438.75		0.922528
438.875		0.922528
439		0.922528
439.125		0.925122
439.25		0.925122
439.375		0.925122
439.5		0.925122
439.625		0.925122
439.75		0.925122
439.875		0.925122
440		0.925122
440.125		0.926174
440.25		0.926174
440.375		0.926174
440.5		0.926174
440.625		0.926174
440.75		0.926174
440.875		0.926174
441		0.926174
441.125		0.927996
441.25		0.927996
441.375		0.927996
441.5		0.927996
441.625		0.927996
441.75		0.927996
441.875		0.927996
442		0.927996
442.125		0.93023
442.25		0.93023
442.375		0.93023
442.5		0.93023
442.625		0.93023
442.75		0.93023
442.875		0.93023
443		0.93023
443.125		0.932645
443.25		0.932645
443.375		0.932645
443.5		0.932645
443.625		0.932645
443.75		0.932645
443.875		0.932645
444		0.932645
444.125		0.934558
444.25		0.934558
444.375		0.934558
444.5		0.934558
444.625		0.934558
444.75		0.934558
444.875		0.934558
445		0.934558
445.125		0.936292
445.25		0.936292
445.375		0.936292
445.5		0.936292
445.625		0.936292
445.75		0.936292
445.875		0.936292
446		0.936292
446.125		0.939191
446.25		0.939191
446.375		0.939191
446.5		0.939191
446.625		0.939191
446.75		0.939191
446.875		0.939191
447		0.939191
447.125		0.94147
447.25		0.94147
447.375		0.94147
447.5		0.94147
447.625		0.94147
447.75		0.94147
447.875		0.94147
448		0.94147
448.125		0.944685
448.25		0.944685
448.375		0.944685
448.5		0.944685
448.625		0.944685
448.75		0.944685
448.875		0.944685
449		0.944685
449.125		0.945961
449.25		0.945961
449.375		0.945961
449.5		0.945961
449.625		0.945961
449.75		0.945961
449.875		0.945961
450		0.945961
450.125		0.948404
450.25		0.948404
450.375		0.948404
450.5		0.948404
450.625		0.948404
450.75		0.948404
450.875		0.948404
451		0.948404
451.125		0.949591
451.25		0.949591
451.375		0.949591
451.5		0.949591
451.625		0.949591
451.75		0.949591
451.875		0.949591
452		0.949591
452.125		0.951541
452.25		0.951541
452.375		0.951541
452.5		0.951541
452.625		0.951541
452.75		0.951541
452.875		0.951541
453		0.951541
453.125		0.955119
453.25		0.955119
453.375		0.955119
453.5		0.955119
453.625		0.955119
453.75		0.955119
453.875		0.955119
454		0.955119
454.125		0.957665
454.25		0.957665
454.375		0.957665
454.5		0.957665
454.625		0.957665
454.75		0.957665
454.875		0.957665
455		0.957665
455.125		0.958287
455.25		0.958287
455.375		0.958287
455.5		0.958287
455.625		0.958287
455.75		0.958287
455.875		0.958287
456		0.958287
456.125		0.964145
456.25		0.964145
456.375		0.964145
456.5		0.964145
456.625		0.964145
456.75		0.964145
456.875		0.964145
457		0.964145
457.125		0.964933
457.25		0.964933
457.375		0.964933
457.5		0.964933
457.625		0.964933
457.75		0.964933
457.875		0.964933
458		0.964933
458.125		0.965546
458.25		0.965546
458.375		0.965546
458.5		0.965546
458.625		0.965546
458.75		0.965546
458.875		0.965546
459		0.965546
459.125		0.969442
459.25		0.969442
459.375		0.969442
459.5		0.969442
459.625		0.969442
459.75		0.969442
459.875		0.969442
460		0.969442
460.125		0.972641
460.25		0.972641
460.375		0.972641
460.5		0.972641
460.625		0.972641
460.75		0.972641
460.875		0.972641
461		0.972641
461.125		0.973153
461.25		0.973153
461.375		0.973153
461.5		0.973153
461.625		0.973153
461.75		0.973153
461.875		0.973153
462		0.973153
462.125		0.976175
462.25		0.976175
462.375		0.976175
462.5		0.976175
462.625		0.976175
462.75		0.976175
462.875		0.976175
463		0.976175
463.125		0.97793
463.25		0.97793
463.375		0.97793
463.5		0.97793
463.625		0.97793
463.75		0.97793
463.875		0.97793
464		0.97793
464.125		0.980108
464.25		0.980108
464.375		0.980108
464.5		0.980108
464.625		0.980108
464.75		0.980108
464.875		0.980108
465		0.980108
465.125		0.981021
465.25		0.981021
465.375		0.981021
465.5		0.981021
465.625		0.981021
465.75		0.981021
465.875		0.981021
466		0.981021
466.125		0.983418
466.25		0.983418
466.375		0.983418
466.5		0.983418
466.625		0.983418
466.75		0.983418
466.875		0.983418
467		0.983418
467.125		0.983801
467.25		0.983801
467.375		0.983801
467.5		0.983801
467.625		0.983801
467.75		0.983801
467.875		0.983801
468		0.983801
468.125		0.988785
468.25		0.988785
468.375		0.988785
468.5		0.988785
468.625		0.988785
468.75		0.988785
468.875		0.988785
469		0.988785
469.125		0.991346
469.25		0.991346
469.375		0.991346
469.5		0.991346
469.625		0.991346
469.75		0.991346
469.875		0.991346
470		0.991346
470.125		0.991613
470.25		0.991613
470.375		0.991613
470.5		0.991613
470.625		0.991613
470.75		0.991613
470.875		0.991613
471		0.991613
471.125		0.99244
471.25		0.99244
471.375		0.99244
471.5		0.99244
471.625		0.99244
471.75		0.99244
471.875		0.99244
472		0.99244
472.125		0.9959
472.25		0.9959
472.375		0.9959
472.5		0.9959
472.625		0.9959
472.75		0.9959
472.875		0.9959
473		0.9959
473.125		0.999654
473.25		0.999654
473.375		0.999654
473.5		0.999654
473.625		0.999654
473.75		0.999654
473.875		0.999654
474		0.999654
474.125		0.999893
474.25		0.999893
474.375		0.999893
474.5		0.999893
474.625		0.999893
474.75		0.999893
474.875		0.999893
475		0.999893
475.125		0.999963
475.25		0.999963
475.375		0.999963
475.5		0.999963
475.625		0.999963
475.75		0.999963
475.875		0.999963
476		0.999963
476.125		1
476.25		1
476.375		1
476.5		1
476.625		1
476.75		1
476.875		1
477		1
477.125		1
477.25		1
477.375		1
477.5		1
477.625		1
477.75		1
477.875		1
478		1
478.125		1
478.25		1
478.375		1
478.5		1
478.625		1
478.75		1
478.875		1
479		1
479.125		1
479.25		1
479.375		1
479.5		1
479.625		1
479.75		1
479.875		1
480		1
480.125		1
480.25		1
480.375		1
480.5		1
480.625		1
480.75		1
480.875		1
481		1
481.125		1
481.25		1
481.375		1
481.5		1
481.625		1
481.75		1
481.875		1
482		1
482.125		1
482.25		1
482.375		1
482.5		1
482.625		1
482.75		1
482.875		1
483		1
483.125		1
483.25		1
483.375		1
483.5		1
483.625		1
483.75		1
483.875		1
484		1
484.125		1
484.25		1
484.375		1
484.5		1
484.625		1
484.75		1
484.875		1
485		1
485.125		1
485.25		1
485.375		1
485.5		1
485.625		1
485.75		1
485.875		1
486		1
486.125		1
486.25		1
486.375		1
486.5		1
486.625		1
486.75		1
486.875		1
487		1
487.125		1
487.25		1
487.375		1
487.5		1
487.625		1
487.75		1
487.875		1
488		1
488.125		1
488.25		1
488.375		1
488.5		1
488.625		1
488.75		1
488.875		1
489		1
489.125		1
489.25		1
489.375		1
489.5		1
489.625		1
489.75		1
489.875		1
490		1
490.125		1
490.25		1
490.375		1
490.5		1
490.625		1
490.75		1
490.875		1
491		1
491.125		1
491.25		1
491.375		1
491.5		1
491.625		1
491.75		1
491.875		1
492		1
492.125		1
492.25		1
492.375		1
492.5		1
492.625		1
492.75		1
492.875		1
493		1
493.125		1
493.25		1
493.375		1
493.5		1
493.625		1
493.75		1
493.875		1
494		1
494.125		1
494.25		1
494.375		1
494.5		1
494.625		1
494.75		1
494.875		1
495		1
495.125		1
495.25		1
495.375		1
495.5		1
495.625		1
495.75		1
495.875		1
496		1
496.125		1
496.25		1
496.375		1
496.5		1
496.625		1
496.75		1
496.875		1
497		1
497.125		1
497.25		1
497.375		1
497.5		1
497.625		1
497.75		1
497.875		1
498		1
498.125		1
498.25		1
498.375		1
498.5		1
498.625		1
498.75		1
498.875		1
499		1
499.125		1
499.25		1
499.375		1
499.5		1
499.625		1
499.75		1
499.875		1
500		1
