# Calibration file of tamex_id 1 @ channel 13
# fine_T bin		 Calibration value
0.125		0
0.25		0
0.375		0
0.5		0
0.625		0
0.75		0
0.875		0
1		0
1.125		0
1.25		0
1.375		0
1.5		0
1.625		0
1.75		0
1.875		0
2		0
2.125		0
2.25		0
2.375		0
2.5		0
2.625		0
2.75		0
2.875		0
3		0
3.125		0
3.25		0
3.375		0
3.5		0
3.625		0
3.75		0
3.875		0
4		0
4.125		0
4.25		0
4.375		0
4.5		0
4.625		0
4.75		0
4.875		0
5		0
5.125		0
5.25		0
5.375		0
5.5		0
5.625		0
5.75		0
5.875		0
6		0
6.125		0
6.25		0
6.375		0
6.5		0
6.625		0
6.75		0
6.875		0
7		0
7.125		0
7.25		0
7.375		0
7.5		0
7.625		0
7.75		0
7.875		0
8		0
8.125		0
8.25		0
8.375		0
8.5		0
8.625		0
8.75		0
8.875		0
9		0
9.125		0
9.25		0
9.375		0
9.5		0
9.625		0
9.75		0
9.875		0
10		0
10.125		0
10.25		0
10.375		0
10.5		0
10.625		0
10.75		0
10.875		0
11		0
11.125		0
11.25		0
11.375		0
11.5		0
11.625		0
11.75		0
11.875		0
12		0
12.125		0
12.25		0
12.375		0
12.5		0
12.625		0
12.75		0
12.875		0
13		0
13.125		0
13.25		0
13.375		0
13.5		0
13.625		0
13.75		0
13.875		0
14		0
14.125		0
14.25		0
14.375		0
14.5		0
14.625		0
14.75		0
14.875		0
15		0
15.125		0
15.25		0
15.375		0
15.5		0
15.625		0
15.75		0
15.875		0
16		0
16.125		0
16.25		0
16.375		0
16.5		0
16.625		0
16.75		0
16.875		0
17		0
17.125		0
17.25		0
17.375		0
17.5		0
17.625		0
17.75		0
17.875		0
18		0
18.125		0
18.25		0
18.375		0
18.5		0
18.625		0
18.75		0
18.875		0
19		0
19.125		0
19.25		0
19.375		0
19.5		0
19.625		0
19.75		0
19.875		0
20		0
20.125		0
20.25		0
20.375		0
20.5		0
20.625		0
20.75		0
20.875		0
21		0
21.125		0
21.25		0
21.375		0
21.5		0
21.625		0
21.75		0
21.875		0
22		0
22.125		0
22.25		0
22.375		0
22.5		0
22.625		0
22.75		0
22.875		0
23		0
23.125		0.00171258
23.25		0.00171258
23.375		0.00171258
23.5		0.00171258
23.625		0.00171258
23.75		0.00171258
23.875		0.00171258
24		0.00171258
24.125		0.00866902
24.25		0.00866902
24.375		0.00866902
24.5		0.00866902
24.625		0.00866902
24.75		0.00866902
24.875		0.00866902
25		0.00866902
25.125		0.00960947
25.25		0.00960947
25.375		0.00960947
25.5		0.00960947
25.625		0.00960947
25.75		0.00960947
25.875		0.00960947
26		0.00960947
26.125		0.00973023
26.25		0.00973023
26.375		0.00973023
26.5		0.00973023
26.625		0.00973023
26.75		0.00973023
26.875		0.00973023
27		0.00973023
27.125		0.0116587
27.25		0.0116587
27.375		0.0116587
27.5		0.0116587
27.625		0.0116587
27.75		0.0116587
27.875		0.0116587
28		0.0116587
28.125		0.0155376
28.25		0.0155376
28.375		0.0155376
28.5		0.0155376
28.625		0.0155376
28.75		0.0155376
28.875		0.0155376
29		0.0155376
29.125		0.0195849
29.25		0.0195849
29.375		0.0195849
29.5		0.0195849
29.625		0.0195849
29.75		0.0195849
29.875		0.0195849
30		0.0195849
30.125		0.0208803
30.25		0.0208803
30.375		0.0208803
30.5		0.0208803
30.625		0.0208803
30.75		0.0208803
30.875		0.0208803
31		0.0208803
31.125		0.0217695
31.25		0.0217695
31.375		0.0217695
31.5		0.0217695
31.625		0.0217695
31.75		0.0217695
31.875		0.0217695
32		0.0217695
32.125		0.0241298
32.25		0.0241298
32.375		0.0241298
32.5		0.0241298
32.625		0.0241298
32.75		0.0241298
32.875		0.0241298
33		0.0241298
33.125		0.0269841
33.25		0.0269841
33.375		0.0269841
33.5		0.0269841
33.625		0.0269841
33.75		0.0269841
33.875		0.0269841
34		0.0269841
34.125		0.027211
34.25		0.027211
34.375		0.027211
34.5		0.027211
34.625		0.027211
34.75		0.027211
34.875		0.027211
35		0.027211
35.125		0.0300506
35.25		0.0300506
35.375		0.0300506
35.5		0.0300506
35.625		0.0300506
35.75		0.0300506
35.875		0.0300506
36		0.0300506
36.125		0.0317047
36.25		0.0317047
36.375		0.0317047
36.5		0.0317047
36.625		0.0317047
36.75		0.0317047
36.875		0.0317047
37		0.0317047
37.125		0.0371571
37.25		0.0371571
37.375		0.0371571
37.5		0.0371571
37.625		0.0371571
37.75		0.0371571
37.875		0.0371571
38		0.0371571
38.125		0.0381891
38.25		0.0381891
38.375		0.0381891
38.5		0.0381891
38.625		0.0381891
38.75		0.0381891
38.875		0.0381891
39		0.0381891
39.125		0.0387123
39.25		0.0387123
39.375		0.0387123
39.5		0.0387123
39.625		0.0387123
39.75		0.0387123
39.875		0.0387123
40		0.0387123
40.125		0.040725
40.25		0.040725
40.375		0.040725
40.5		0.040725
40.625		0.040725
40.75		0.040725
40.875		0.040725
41		0.040725
41.125		0.0423644
41.25		0.0423644
41.375		0.0423644
41.5		0.0423644
41.625		0.0423644
41.75		0.0423644
41.875		0.0423644
42		0.0423644
42.125		0.0473997
42.25		0.0473997
42.375		0.0473997
42.5		0.0473997
42.625		0.0473997
42.75		0.0473997
42.875		0.0473997
43		0.0473997
43.125		0.0481535
43.25		0.0481535
43.375		0.0481535
43.5		0.0481535
43.625		0.0481535
43.75		0.0481535
43.875		0.0481535
44		0.0481535
44.125		0.0515933
44.25		0.0515933
44.375		0.0515933
44.5		0.0515933
44.625		0.0515933
44.75		0.0515933
44.875		0.0515933
45		0.0515933
45.125		0.0519482
45.25		0.0519482
45.375		0.0519482
45.5		0.0519482
45.625		0.0519482
45.75		0.0519482
45.875		0.0519482
46		0.0519482
46.125		0.0575544
46.25		0.0575544
46.375		0.0575544
46.5		0.0575544
46.625		0.0575544
46.75		0.0575544
46.875		0.0575544
47		0.0575544
47.125		0.0577959
47.25		0.0577959
47.375		0.0577959
47.5		0.0577959
47.625		0.0577959
47.75		0.0577959
47.875		0.0577959
48		0.0577959
48.125		0.058235
48.25		0.058235
48.375		0.058235
48.5		0.058235
48.625		0.058235
48.75		0.058235
48.875		0.058235
49		0.058235
49.125		0.0604745
49.25		0.0604745
49.375		0.0604745
49.5		0.0604745
49.625		0.0604745
49.75		0.0604745
49.875		0.0604745
50		0.0604745
50.125		0.0656782
50.25		0.0656782
50.375		0.0656782
50.5		0.0656782
50.625		0.0656782
50.75		0.0656782
50.875		0.0656782
51		0.0656782
51.125		0.0670028
51.25		0.0670028
51.375		0.0670028
51.5		0.0670028
51.625		0.0670028
51.75		0.0670028
51.875		0.0670028
52		0.0670028
52.125		0.0690484
52.25		0.0690484
52.375		0.0690484
52.5		0.0690484
52.625		0.0690484
52.75		0.0690484
52.875		0.0690484
53		0.0690484
53.125		0.06974
53.25		0.06974
53.375		0.06974
53.5		0.06974
53.625		0.06974
53.75		0.06974
53.875		0.06974
54		0.06974
54.125		0.0733665
54.25		0.0733665
54.375		0.0733665
54.5		0.0733665
54.625		0.0733665
54.75		0.0733665
54.875		0.0733665
55		0.0733665
55.125		0.0764513
55.25		0.0764513
55.375		0.0764513
55.5		0.0764513
55.625		0.0764513
55.75		0.0764513
55.875		0.0764513
56		0.0764513
56.125		0.0784932
56.25		0.0784932
56.375		0.0784932
56.5		0.0784932
56.625		0.0784932
56.75		0.0784932
56.875		0.0784932
57		0.0784932
57.125		0.0786872
57.25		0.0786872
57.375		0.0786872
57.5		0.0786872
57.625		0.0786872
57.75		0.0786872
57.875		0.0786872
58		0.0786872
58.125		0.0827125
58.25		0.0827125
58.375		0.0827125
58.5		0.0827125
58.625		0.0827125
58.75		0.0827125
58.875		0.0827125
59		0.0827125
59.125		0.0831296
59.25		0.0831296
59.375		0.0831296
59.5		0.0831296
59.625		0.0831296
59.75		0.0831296
59.875		0.0831296
60		0.0831296
60.125		0.0860425
60.25		0.0860425
60.375		0.0860425
60.5		0.0860425
60.625		0.0860425
60.75		0.0860425
60.875		0.0860425
61		0.0860425
61.125		0.0874257
61.25		0.0874257
61.375		0.0874257
61.5		0.0874257
61.625		0.0874257
61.75		0.0874257
61.875		0.0874257
62		0.0874257
62.125		0.0883186
62.25		0.0883186
62.375		0.0883186
62.5		0.0883186
62.625		0.0883186
62.75		0.0883186
62.875		0.0883186
63		0.0883186
63.125		0.0940748
63.25		0.0940748
63.375		0.0940748
63.5		0.0940748
63.625		0.0940748
63.75		0.0940748
63.875		0.0940748
64		0.0940748
64.125		0.0965814
64.25		0.0965814
64.375		0.0965814
64.5		0.0965814
64.625		0.0965814
64.75		0.0965814
64.875		0.0965814
65		0.0965814
65.125		0.0967607
65.25		0.0967607
65.375		0.0967607
65.5		0.0967607
65.625		0.0967607
65.75		0.0967607
65.875		0.0967607
66		0.0967607
66.125		0.0981989
66.25		0.0981989
66.375		0.0981989
66.5		0.0981989
66.625		0.0981989
66.75		0.0981989
66.875		0.0981989
67		0.0981989
67.125		0.099282
67.25		0.099282
67.375		0.099282
67.5		0.099282
67.625		0.099282
67.75		0.099282
67.875		0.099282
68		0.099282
68.125		0.103681
68.25		0.103681
68.375		0.103681
68.5		0.103681
68.625		0.103681
68.75		0.103681
68.875		0.103681
69		0.103681
69.125		0.10775
69.25		0.10775
69.375		0.10775
69.5		0.10775
69.625		0.10775
69.75		0.10775
69.875		0.10775
70		0.10775
70.125		0.109353
70.25		0.109353
70.375		0.109353
70.5		0.109353
70.625		0.109353
70.75		0.109353
70.875		0.109353
71		0.109353
71.125		0.110578
71.25		0.110578
71.375		0.110578
71.5		0.110578
71.625		0.110578
71.75		0.110578
71.875		0.110578
72		0.110578
72.125		0.112972
72.25		0.112972
72.375		0.112972
72.5		0.112972
72.625		0.112972
72.75		0.112972
72.875		0.112972
73		0.112972
73.125		0.113795
73.25		0.113795
73.375		0.113795
73.5		0.113795
73.625		0.113795
73.75		0.113795
73.875		0.113795
74		0.113795
74.125		0.114007
74.25		0.114007
74.375		0.114007
74.5		0.114007
74.625		0.114007
74.75		0.114007
74.875		0.114007
75		0.114007
75.125		0.118834
75.25		0.118834
75.375		0.118834
75.5		0.118834
75.625		0.118834
75.75		0.118834
75.875		0.118834
76		0.118834
76.125		0.119507
76.25		0.119507
76.375		0.119507
76.5		0.119507
76.625		0.119507
76.75		0.119507
76.875		0.119507
77		0.119507
77.125		0.121136
77.25		0.121136
77.375		0.121136
77.5		0.121136
77.625		0.121136
77.75		0.121136
77.875		0.121136
78		0.121136
78.125		0.123825
78.25		0.123825
78.375		0.123825
78.5		0.123825
78.625		0.123825
78.75		0.123825
78.875		0.123825
79		0.123825
79.125		0.125684
79.25		0.125684
79.375		0.125684
79.5		0.125684
79.625		0.125684
79.75		0.125684
79.875		0.125684
80		0.125684
80.125		0.129084
80.25		0.129084
80.375		0.129084
80.5		0.129084
80.625		0.129084
80.75		0.129084
80.875		0.129084
81		0.129084
81.125		0.131129
81.25		0.131129
81.375		0.131129
81.5		0.131129
81.625		0.131129
81.75		0.131129
81.875		0.131129
82		0.131129
82.125		0.132805
82.25		0.132805
82.375		0.132805
82.5		0.132805
82.625		0.132805
82.75		0.132805
82.875		0.132805
83		0.132805
83.125		0.133797
83.25		0.133797
83.375		0.133797
83.5		0.133797
83.625		0.133797
83.75		0.133797
83.875		0.133797
84		0.133797
84.125		0.137705
84.25		0.137705
84.375		0.137705
84.5		0.137705
84.625		0.137705
84.75		0.137705
84.875		0.137705
85		0.137705
85.125		0.138708
85.25		0.138708
85.375		0.138708
85.5		0.138708
85.625		0.138708
85.75		0.138708
85.875		0.138708
86		0.138708
86.125		0.13918
86.25		0.13918
86.375		0.13918
86.5		0.13918
86.625		0.13918
86.75		0.13918
86.875		0.13918
87		0.13918
87.125		0.144237
87.25		0.144237
87.375		0.144237
87.5		0.144237
87.625		0.144237
87.75		0.144237
87.875		0.144237
88		0.144237
88.125		0.146418
88.25		0.146418
88.375		0.146418
88.5		0.146418
88.625		0.146418
88.75		0.146418
88.875		0.146418
89		0.146418
89.125		0.147077
89.25		0.147077
89.375		0.147077
89.5		0.147077
89.625		0.147077
89.75		0.147077
89.875		0.147077
90		0.147077
90.125		0.150407
90.25		0.150407
90.375		0.150407
90.5		0.150407
90.625		0.150407
90.75		0.150407
90.875		0.150407
91		0.150407
91.125		0.151552
91.25		0.151552
91.375		0.151552
91.5		0.151552
91.625		0.151552
91.75		0.151552
91.875		0.151552
92		0.151552
92.125		0.154311
92.25		0.154311
92.375		0.154311
92.5		0.154311
92.625		0.154311
92.75		0.154311
92.875		0.154311
93		0.154311
93.125		0.157722
93.25		0.157722
93.375		0.157722
93.5		0.157722
93.625		0.157722
93.75		0.157722
93.875		0.157722
94		0.157722
94.125		0.160507
94.25		0.160507
94.375		0.160507
94.5		0.160507
94.625		0.160507
94.75		0.160507
94.875		0.160507
95		0.160507
95.125		0.160807
95.25		0.160807
95.375		0.160807
95.5		0.160807
95.625		0.160807
95.75		0.160807
95.875		0.160807
96		0.160807
96.125		0.164744
96.25		0.164744
96.375		0.164744
96.5		0.164744
96.625		0.164744
96.75		0.164744
96.875		0.164744
97		0.164744
97.125		0.165824
97.25		0.165824
97.375		0.165824
97.5		0.165824
97.625		0.165824
97.75		0.165824
97.875		0.165824
98		0.165824
98.125		0.168352
98.25		0.168352
98.375		0.168352
98.5		0.168352
98.625		0.168352
98.75		0.168352
98.875		0.168352
99		0.168352
99.125		0.16975
99.25		0.16975
99.375		0.16975
99.5		0.16975
99.625		0.16975
99.75		0.16975
99.875		0.16975
100		0.16975
100.125		0.171939
100.25		0.171939
100.375		0.171939
100.5		0.171939
100.625		0.171939
100.75		0.171939
100.875		0.171939
101		0.171939
101.125		0.172509
101.25		0.172509
101.375		0.172509
101.5		0.172509
101.625		0.172509
101.75		0.172509
101.875		0.172509
102		0.172509
102.125		0.177179
102.25		0.177179
102.375		0.177179
102.5		0.177179
102.625		0.177179
102.75		0.177179
102.875		0.177179
103		0.177179
103.125		0.178339
103.25		0.178339
103.375		0.178339
103.5		0.178339
103.625		0.178339
103.75		0.178339
103.875		0.178339
104		0.178339
104.125		0.180234
104.25		0.180234
104.375		0.180234
104.5		0.180234
104.625		0.180234
104.75		0.180234
104.875		0.180234
105		0.180234
105.125		0.180447
105.25		0.180447
105.375		0.180447
105.5		0.180447
105.625		0.180447
105.75		0.180447
105.875		0.180447
106		0.180447
106.125		0.184454
106.25		0.184454
106.375		0.184454
106.5		0.184454
106.625		0.184454
106.75		0.184454
106.875		0.184454
107		0.184454
107.125		0.186525
107.25		0.186525
107.375		0.186525
107.5		0.186525
107.625		0.186525
107.75		0.186525
107.875		0.186525
108		0.186525
108.125		0.190283
108.25		0.190283
108.375		0.190283
108.5		0.190283
108.625		0.190283
108.75		0.190283
108.875		0.190283
109		0.190283
109.125		0.191425
109.25		0.191425
109.375		0.191425
109.5		0.191425
109.625		0.191425
109.75		0.191425
109.875		0.191425
110		0.191425
110.125		0.195014
110.25		0.195014
110.375		0.195014
110.5		0.195014
110.625		0.195014
110.75		0.195014
110.875		0.195014
111		0.195014
111.125		0.19755
111.25		0.19755
111.375		0.19755
111.5		0.19755
111.625		0.19755
111.75		0.19755
111.875		0.19755
112		0.19755
112.125		0.198132
112.25		0.198132
112.375		0.198132
112.5		0.198132
112.625		0.198132
112.75		0.198132
112.875		0.198132
113		0.198132
113.125		0.198399
113.25		0.198399
113.375		0.198399
113.5		0.198399
113.625		0.198399
113.75		0.198399
113.875		0.198399
114		0.198399
114.125		0.201744
114.25		0.201744
114.375		0.201744
114.5		0.201744
114.625		0.201744
114.75		0.201744
114.875		0.201744
115		0.201744
115.125		0.205901
115.25		0.205901
115.375		0.205901
115.5		0.205901
115.625		0.205901
115.75		0.205901
115.875		0.205901
116		0.205901
116.125		0.206296
116.25		0.206296
116.375		0.206296
116.5		0.206296
116.625		0.206296
116.75		0.206296
116.875		0.206296
117		0.206296
117.125		0.207917
117.25		0.207917
117.375		0.207917
117.5		0.207917
117.625		0.207917
117.75		0.207917
117.875		0.207917
118		0.207917
118.125		0.209802
118.25		0.209802
118.375		0.209802
118.5		0.209802
118.625		0.209802
118.75		0.209802
118.875		0.209802
119		0.209802
119.125		0.212254
119.25		0.212254
119.375		0.212254
119.5		0.212254
119.625		0.212254
119.75		0.212254
119.875		0.212254
120		0.212254
120.125		0.21453
120.25		0.21453
120.375		0.21453
120.5		0.21453
120.625		0.21453
120.75		0.21453
120.875		0.21453
121		0.21453
121.125		0.215909
121.25		0.215909
121.375		0.215909
121.5		0.215909
121.625		0.215909
121.75		0.215909
121.875		0.215909
122		0.215909
122.125		0.218716
122.25		0.218716
122.375		0.218716
122.5		0.218716
122.625		0.218716
122.75		0.218716
122.875		0.218716
123		0.218716
123.125		0.219364
123.25		0.219364
123.375		0.219364
123.5		0.219364
123.625		0.219364
123.75		0.219364
123.875		0.219364
124		0.219364
124.125		0.223451
124.25		0.223451
124.375		0.223451
124.5		0.223451
124.625		0.223451
124.75		0.223451
124.875		0.223451
125		0.223451
125.125		0.223887
125.25		0.223887
125.375		0.223887
125.5		0.223887
125.625		0.223887
125.75		0.223887
125.875		0.223887
126		0.223887
126.125		0.226796
126.25		0.226796
126.375		0.226796
126.5		0.226796
126.625		0.226796
126.75		0.226796
126.875		0.226796
127		0.226796
127.125		0.227985
127.25		0.227985
127.375		0.227985
127.5		0.227985
127.625		0.227985
127.75		0.227985
127.875		0.227985
128		0.227985
128.125		0.231996
128.25		0.231996
128.375		0.231996
128.5		0.231996
128.625		0.231996
128.75		0.231996
128.875		0.231996
129		0.231996
129.125		0.233299
129.25		0.233299
129.375		0.233299
129.5		0.233299
129.625		0.233299
129.75		0.233299
129.875		0.233299
130		0.233299
130.125		0.234056
130.25		0.234056
130.375		0.234056
130.5		0.234056
130.625		0.234056
130.75		0.234056
130.875		0.234056
131		0.234056
131.125		0.236574
131.25		0.236574
131.375		0.236574
131.5		0.236574
131.625		0.236574
131.75		0.236574
131.875		0.236574
132		0.236574
132.125		0.242396
132.25		0.242396
132.375		0.242396
132.5		0.242396
132.625		0.242396
132.75		0.242396
132.875		0.242396
133		0.242396
133.125		0.24323
133.25		0.24323
133.375		0.24323
133.5		0.24323
133.625		0.24323
133.75		0.24323
133.875		0.24323
134		0.24323
134.125		0.244032
134.25		0.244032
134.375		0.244032
134.5		0.244032
134.625		0.244032
134.75		0.244032
134.875		0.244032
135		0.244032
135.125		0.244559
135.25		0.244559
135.375		0.244559
135.5		0.244559
135.625		0.244559
135.75		0.244559
135.875		0.244559
136		0.244559
136.125		0.249919
136.25		0.249919
136.375		0.249919
136.5		0.249919
136.625		0.249919
136.75		0.249919
136.875		0.249919
137		0.249919
137.125		0.251354
137.25		0.251354
137.375		0.251354
137.5		0.251354
137.625		0.251354
137.75		0.251354
137.875		0.251354
138		0.251354
138.125		0.253546
138.25		0.253546
138.375		0.253546
138.5		0.253546
138.625		0.253546
138.75		0.253546
138.875		0.253546
139		0.253546
139.125		0.255778
139.25		0.255778
139.375		0.255778
139.5		0.255778
139.625		0.255778
139.75		0.255778
139.875		0.255778
140		0.255778
140.125		0.258647
140.25		0.258647
140.375		0.258647
140.5		0.258647
140.625		0.258647
140.75		0.258647
140.875		0.258647
141		0.258647
141.125		0.260502
141.25		0.260502
141.375		0.260502
141.5		0.260502
141.625		0.260502
141.75		0.260502
141.875		0.260502
142		0.260502
142.125		0.262314
142.25		0.262314
142.375		0.262314
142.5		0.262314
142.625		0.262314
142.75		0.262314
142.875		0.262314
143		0.262314
143.125		0.263613
143.25		0.263613
143.375		0.263613
143.5		0.263613
143.625		0.263613
143.75		0.263613
143.875		0.263613
144		0.263613
144.125		0.265765
144.25		0.265765
144.375		0.265765
144.5		0.265765
144.625		0.265765
144.75		0.265765
144.875		0.265765
145		0.265765
145.125		0.267279
145.25		0.267279
145.375		0.267279
145.5		0.267279
145.625		0.267279
145.75		0.267279
145.875		0.267279
146		0.267279
146.125		0.271652
146.25		0.271652
146.375		0.271652
146.5		0.271652
146.625		0.271652
146.75		0.271652
146.875		0.271652
147		0.271652
147.125		0.27473
147.25		0.27473
147.375		0.27473
147.5		0.27473
147.625		0.27473
147.75		0.27473
147.875		0.27473
148		0.27473
148.125		0.275015
148.25		0.275015
148.375		0.275015
148.5		0.275015
148.625		0.275015
148.75		0.275015
148.875		0.275015
149		0.275015
149.125		0.275784
149.25		0.275784
149.375		0.275784
149.5		0.275784
149.625		0.275784
149.75		0.275784
149.875		0.275784
150		0.275784
150.125		0.281119
150.25		0.281119
150.375		0.281119
150.5		0.281119
150.625		0.281119
150.75		0.281119
150.875		0.281119
151		0.281119
151.125		0.281529
151.25		0.281529
151.375		0.281529
151.5		0.281529
151.625		0.281529
151.75		0.281529
151.875		0.281529
152		0.281529
152.125		0.284325
152.25		0.284325
152.375		0.284325
152.5		0.284325
152.625		0.284325
152.75		0.284325
152.875		0.284325
153		0.284325
153.125		0.285488
153.25		0.285488
153.375		0.285488
153.5		0.285488
153.625		0.285488
153.75		0.285488
153.875		0.285488
154		0.285488
154.125		0.288712
154.25		0.288712
154.375		0.288712
154.5		0.288712
154.625		0.288712
154.75		0.288712
154.875		0.288712
155		0.288712
155.125		0.291424
155.25		0.291424
155.375		0.291424
155.5		0.291424
155.625		0.291424
155.75		0.291424
155.875		0.291424
156		0.291424
156.125		0.292555
156.25		0.292555
156.375		0.292555
156.5		0.292555
156.625		0.292555
156.75		0.292555
156.875		0.292555
157		0.292555
157.125		0.29295
157.25		0.29295
157.375		0.29295
157.5		0.29295
157.625		0.29295
157.75		0.29295
157.875		0.29295
158		0.29295
158.125		0.298179
158.25		0.298179
158.375		0.298179
158.5		0.298179
158.625		0.298179
158.75		0.298179
158.875		0.298179
159		0.298179
159.125		0.2983
159.25		0.2983
159.375		0.2983
159.5		0.2983
159.625		0.2983
159.75		0.2983
159.875		0.2983
160		0.2983
160.125		0.300206
160.25		0.300206
160.375		0.300206
160.5		0.300206
160.625		0.300206
160.75		0.300206
160.875		0.300206
161		0.300206
161.125		0.304448
161.25		0.304448
161.375		0.304448
161.5		0.304448
161.625		0.304448
161.75		0.304448
161.875		0.304448
162		0.304448
162.125		0.305187
162.25		0.305187
162.375		0.305187
162.5		0.305187
162.625		0.305187
162.75		0.305187
162.875		0.305187
163		0.305187
163.125		0.307803
163.25		0.307803
163.375		0.307803
163.5		0.307803
163.625		0.307803
163.75		0.307803
163.875		0.307803
164		0.307803
164.125		0.311342
164.25		0.311342
164.375		0.311342
164.5		0.311342
164.625		0.311342
164.75		0.311342
164.875		0.311342
165		0.311342
165.125		0.31327
165.25		0.31327
165.375		0.31327
165.5		0.31327
165.625		0.31327
165.75		0.31327
165.875		0.31327
166		0.31327
166.125		0.314862
166.25		0.314862
166.375		0.314862
166.5		0.314862
166.625		0.314862
166.75		0.314862
166.875		0.314862
167		0.314862
167.125		0.315019
167.25		0.315019
167.375		0.315019
167.5		0.315019
167.625		0.315019
167.75		0.315019
167.875		0.315019
168		0.315019
168.125		0.318763
168.25		0.318763
168.375		0.318763
168.5		0.318763
168.625		0.318763
168.75		0.318763
168.875		0.318763
169		0.318763
169.125		0.32109
169.25		0.32109
169.375		0.32109
169.5		0.32109
169.625		0.32109
169.75		0.32109
169.875		0.32109
170		0.32109
170.125		0.321343
170.25		0.321343
170.375		0.321343
170.5		0.321343
170.625		0.321343
170.75		0.321343
170.875		0.321343
171		0.321343
171.125		0.325471
171.25		0.325471
171.375		0.325471
171.5		0.325471
171.625		0.325471
171.75		0.325471
171.875		0.325471
172		0.325471
172.125		0.328965
172.25		0.328965
172.375		0.328965
172.5		0.328965
172.625		0.328965
172.75		0.328965
172.875		0.328965
173		0.328965
173.125		0.329346
173.25		0.329346
173.375		0.329346
173.5		0.329346
173.625		0.329346
173.75		0.329346
173.875		0.329346
174		0.329346
174.125		0.332789
174.25		0.332789
174.375		0.332789
174.5		0.332789
174.625		0.332789
174.75		0.332789
174.875		0.332789
175		0.332789
175.125		0.333474
175.25		0.333474
175.375		0.333474
175.5		0.333474
175.625		0.333474
175.75		0.333474
175.875		0.333474
176		0.333474
176.125		0.335797
176.25		0.335797
176.375		0.335797
176.5		0.335797
176.625		0.335797
176.75		0.335797
176.875		0.335797
177		0.335797
177.125		0.336163
177.25		0.336163
177.375		0.336163
177.5		0.336163
177.625		0.336163
177.75		0.336163
177.875		0.336163
178		0.336163
178.125		0.340295
178.25		0.340295
178.375		0.340295
178.5		0.340295
178.625		0.340295
178.75		0.340295
178.875		0.340295
179		0.340295
179.125		0.340928
179.25		0.340928
179.375		0.340928
179.5		0.340928
179.625		0.340928
179.75		0.340928
179.875		0.340928
180		0.340928
180.125		0.346205
180.25		0.346205
180.375		0.346205
180.5		0.346205
180.625		0.346205
180.75		0.346205
180.875		0.346205
181		0.346205
181.125		0.347061
181.25		0.347061
181.375		0.347061
181.5		0.347061
181.625		0.347061
181.75		0.347061
181.875		0.347061
182		0.347061
182.125		0.347939
182.25		0.347939
182.375		0.347939
182.5		0.347939
182.625		0.347939
182.75		0.347939
182.875		0.347939
183		0.347939
183.125		0.349348
183.25		0.349348
183.375		0.349348
183.5		0.349348
183.625		0.349348
183.75		0.349348
183.875		0.349348
184		0.349348
184.125		0.355642
184.25		0.355642
184.375		0.355642
184.5		0.355642
184.625		0.355642
184.75		0.355642
184.875		0.355642
185		0.355642
185.125		0.359268
185.25		0.359268
185.375		0.359268
185.5		0.359268
185.625		0.359268
185.75		0.359268
185.875		0.359268
186		0.359268
186.125		0.360165
186.25		0.360165
186.375		0.360165
186.5		0.360165
186.625		0.360165
186.75		0.360165
186.875		0.360165
187		0.360165
187.125		0.360615
187.25		0.360615
187.375		0.360615
187.5		0.360615
187.625		0.360615
187.75		0.360615
187.875		0.360615
188		0.360615
188.125		0.365727
188.25		0.365727
188.375		0.365727
188.5		0.365727
188.625		0.365727
188.75		0.365727
188.875		0.365727
189		0.365727
189.125		0.367337
189.25		0.367337
189.375		0.367337
189.5		0.367337
189.625		0.367337
189.75		0.367337
189.875		0.367337
190		0.367337
190.125		0.367718
190.25		0.367718
190.375		0.367718
190.5		0.367718
190.625		0.367718
190.75		0.367718
190.875		0.367718
191		0.367718
191.125		0.371663
191.25		0.371663
191.375		0.371663
191.5		0.371663
191.625		0.371663
191.75		0.371663
191.875		0.371663
192		0.371663
192.125		0.371999
192.25		0.371999
192.375		0.371999
192.5		0.371999
192.625		0.371999
192.75		0.371999
192.875		0.371999
193		0.371999
193.125		0.375102
193.25		0.375102
193.375		0.375102
193.5		0.375102
193.625		0.375102
193.75		0.375102
193.875		0.375102
194		0.375102
194.125		0.378718
194.25		0.378718
194.375		0.378718
194.5		0.378718
194.625		0.378718
194.75		0.378718
194.875		0.378718
195		0.378718
195.125		0.379402
195.25		0.379402
195.375		0.379402
195.5		0.379402
195.625		0.379402
195.75		0.379402
195.875		0.379402
196		0.379402
196.125		0.380149
196.25		0.380149
196.375		0.380149
196.5		0.380149
196.625		0.380149
196.75		0.380149
196.875		0.380149
197		0.380149
197.125		0.383545
197.25		0.383545
197.375		0.383545
197.5		0.383545
197.625		0.383545
197.75		0.383545
197.875		0.383545
198		0.383545
198.125		0.386333
198.25		0.386333
198.375		0.386333
198.5		0.386333
198.625		0.386333
198.75		0.386333
198.875		0.386333
199		0.386333
199.125		0.388675
199.25		0.388675
199.375		0.388675
199.5		0.388675
199.625		0.388675
199.75		0.388675
199.875		0.388675
200		0.388675
200.125		0.389981
200.25		0.389981
200.375		0.389981
200.5		0.389981
200.625		0.389981
200.75		0.389981
200.875		0.389981
201		0.389981
201.125		0.390292
201.25		0.390292
201.375		0.390292
201.5		0.390292
201.625		0.390292
201.75		0.390292
201.875		0.390292
202		0.390292
202.125		0.394047
202.25		0.394047
202.375		0.394047
202.5		0.394047
202.625		0.394047
202.75		0.394047
202.875		0.394047
203		0.394047
203.125		0.397545
203.25		0.397545
203.375		0.397545
203.5		0.397545
203.625		0.397545
203.75		0.397545
203.875		0.397545
204		0.397545
204.125		0.397981
204.25		0.397981
204.375		0.397981
204.5		0.397981
204.625		0.397981
204.75		0.397981
204.875		0.397981
205		0.397981
205.125		0.398361
205.25		0.398361
205.375		0.398361
205.5		0.398361
205.625		0.398361
205.75		0.398361
205.875		0.398361
206		0.398361
206.125		0.403891
206.25		0.403891
206.375		0.403891
206.5		0.403891
206.625		0.403891
206.75		0.403891
206.875		0.403891
207		0.403891
207.125		0.405398
207.25		0.405398
207.375		0.405398
207.5		0.405398
207.625		0.405398
207.75		0.405398
207.875		0.405398
208		0.405398
208.125		0.406774
208.25		0.406774
208.375		0.406774
208.5		0.406774
208.625		0.406774
208.75		0.406774
208.875		0.406774
209		0.406774
209.125		0.408253
209.25		0.408253
209.375		0.408253
209.5		0.408253
209.625		0.408253
209.75		0.408253
209.875		0.408253
210		0.408253
210.125		0.410924
210.25		0.410924
210.375		0.410924
210.5		0.410924
210.625		0.410924
210.75		0.410924
210.875		0.410924
211		0.410924
211.125		0.415377
211.25		0.415377
211.375		0.415377
211.5		0.415377
211.625		0.415377
211.75		0.415377
211.875		0.415377
212		0.415377
212.125		0.41574
212.25		0.41574
212.375		0.41574
212.5		0.41574
212.625		0.41574
212.75		0.41574
212.875		0.41574
213		0.41574
213.125		0.419937
213.25		0.419937
213.375		0.419937
213.5		0.419937
213.625		0.419937
213.75		0.419937
213.875		0.419937
214		0.419937
214.125		0.422663
214.25		0.422663
214.375		0.422663
214.5		0.422663
214.625		0.422663
214.75		0.422663
214.875		0.422663
215		0.422663
215.125		0.423095
215.25		0.423095
215.375		0.423095
215.5		0.423095
215.625		0.423095
215.75		0.423095
215.875		0.423095
216		0.423095
216.125		0.423311
216.25		0.423311
216.375		0.423311
216.5		0.423311
216.625		0.423311
216.75		0.423311
216.875		0.423311
217		0.423311
217.125		0.425463
217.25		0.425463
217.375		0.425463
217.5		0.425463
217.625		0.425463
217.75		0.425463
217.875		0.425463
218		0.425463
218.125		0.429923
218.25		0.429923
218.375		0.429923
218.5		0.429923
218.625		0.429923
218.75		0.429923
218.875		0.429923
219		0.429923
219.125		0.43131
219.25		0.43131
219.375		0.43131
219.5		0.43131
219.625		0.43131
219.75		0.43131
219.875		0.43131
220		0.43131
220.125		0.431471
220.25		0.431471
220.375		0.431471
220.5		0.431471
220.625		0.431471
220.75		0.431471
220.875		0.431471
221		0.431471
221.125		0.431735
221.25		0.431735
221.375		0.431735
221.5		0.431735
221.625		0.431735
221.75		0.431735
221.875		0.431735
222		0.431735
222.125		0.436642
222.25		0.436642
222.375		0.436642
222.5		0.436642
222.625		0.436642
222.75		0.436642
222.875		0.436642
223		0.436642
223.125		0.440363
223.25		0.440363
223.375		0.440363
223.5		0.440363
223.625		0.440363
223.75		0.440363
223.875		0.440363
224		0.440363
224.125		0.442848
224.25		0.442848
224.375		0.442848
224.5		0.442848
224.625		0.442848
224.75		0.442848
224.875		0.442848
225		0.442848
225.125		0.444806
225.25		0.444806
225.375		0.444806
225.5		0.444806
225.625		0.444806
225.75		0.444806
225.875		0.444806
226		0.444806
226.125		0.444989
226.25		0.444989
226.375		0.444989
226.5		0.444989
226.625		0.444989
226.75		0.444989
226.875		0.444989
227		0.444989
227.125		0.447631
227.25		0.447631
227.375		0.447631
227.5		0.447631
227.625		0.447631
227.75		0.447631
227.875		0.447631
228		0.447631
228.125		0.450946
228.25		0.450946
228.375		0.450946
228.5		0.450946
228.625		0.450946
228.75		0.450946
228.875		0.450946
229		0.450946
229.125		0.453102
229.25		0.453102
229.375		0.453102
229.5		0.453102
229.625		0.453102
229.75		0.453102
229.875		0.453102
230		0.453102
230.125		0.455308
230.25		0.455308
230.375		0.455308
230.5		0.455308
230.625		0.455308
230.75		0.455308
230.875		0.455308
231		0.455308
231.125		0.456238
231.25		0.456238
231.375		0.456238
231.5		0.456238
231.625		0.456238
231.75		0.456238
231.875		0.456238
232		0.456238
232.125		0.45892
232.25		0.45892
232.375		0.45892
232.5		0.45892
232.625		0.45892
232.75		0.45892
232.875		0.45892
233		0.45892
233.125		0.461057
233.25		0.461057
233.375		0.461057
233.5		0.461057
233.625		0.461057
233.75		0.461057
233.875		0.461057
234		0.461057
234.125		0.462111
234.25		0.462111
234.375		0.462111
234.5		0.462111
234.625		0.462111
234.75		0.462111
234.875		0.462111
235		0.462111
235.125		0.463637
235.25		0.463637
235.375		0.463637
235.5		0.463637
235.625		0.463637
235.75		0.463637
235.875		0.463637
236		0.463637
236.125		0.468394
236.25		0.468394
236.375		0.468394
236.5		0.468394
236.625		0.468394
236.75		0.468394
236.875		0.468394
237		0.468394
237.125		0.470055
237.25		0.470055
237.375		0.470055
237.5		0.470055
237.625		0.470055
237.75		0.470055
237.875		0.470055
238		0.470055
238.125		0.471424
238.25		0.471424
238.375		0.471424
238.5		0.471424
238.625		0.471424
238.75		0.471424
238.875		0.471424
239		0.471424
239.125		0.472752
239.25		0.472752
239.375		0.472752
239.5		0.472752
239.625		0.472752
239.75		0.472752
239.875		0.472752
240		0.472752
240.125		0.476251
240.25		0.476251
240.375		0.476251
240.5		0.476251
240.625		0.476251
240.75		0.476251
240.875		0.476251
241		0.476251
241.125		0.478172
241.25		0.478172
241.375		0.478172
241.5		0.478172
241.625		0.478172
241.75		0.478172
241.875		0.478172
242		0.478172
242.125		0.480287
242.25		0.480287
242.375		0.480287
242.5		0.480287
242.625		0.480287
242.75		0.480287
242.875		0.480287
243		0.480287
243.125		0.48197
243.25		0.48197
243.375		0.48197
243.5		0.48197
243.625		0.48197
243.75		0.48197
243.875		0.48197
244		0.48197
244.125		0.484675
244.25		0.484675
244.375		0.484675
244.5		0.484675
244.625		0.484675
244.75		0.484675
244.875		0.484675
245		0.484675
245.125		0.489589
245.25		0.489589
245.375		0.489589
245.5		0.489589
245.625		0.489589
245.75		0.489589
245.875		0.489589
246		0.489589
246.125		0.489918
246.25		0.489918
246.375		0.489918
246.5		0.489918
246.625		0.489918
246.75		0.489918
246.875		0.489918
247		0.489918
247.125		0.490672
247.25		0.490672
247.375		0.490672
247.5		0.490672
247.625		0.490672
247.75		0.490672
247.875		0.490672
248		0.490672
248.125		0.493713
248.25		0.493713
248.375		0.493713
248.5		0.493713
248.625		0.493713
248.75		0.493713
248.875		0.493713
249		0.493713
249.125		0.494676
249.25		0.494676
249.375		0.494676
249.5		0.494676
249.625		0.494676
249.75		0.494676
249.875		0.494676
250		0.494676
250.125		0.498829
250.25		0.498829
250.375		0.498829
250.5		0.498829
250.625		0.498829
250.75		0.498829
250.875		0.498829
251		0.498829
251.125		0.500271
251.25		0.500271
251.375		0.500271
251.5		0.500271
251.625		0.500271
251.75		0.500271
251.875		0.500271
252		0.500271
252.125		0.502254
252.25		0.502254
252.375		0.502254
252.5		0.502254
252.625		0.502254
252.75		0.502254
252.875		0.502254
253		0.502254
253.125		0.50543
253.25		0.50543
253.375		0.50543
253.5		0.50543
253.625		0.50543
253.75		0.50543
253.875		0.50543
254		0.50543
254.125		0.509624
254.25		0.509624
254.375		0.509624
254.5		0.509624
254.625		0.509624
254.75		0.509624
254.875		0.509624
255		0.509624
255.125		0.51014
255.25		0.51014
255.375		0.51014
255.5		0.51014
255.625		0.51014
255.75		0.51014
255.875		0.51014
256		0.51014
256.125		0.512069
256.25		0.512069
256.375		0.512069
256.5		0.512069
256.625		0.512069
256.75		0.512069
256.875		0.512069
257		0.512069
257.125		0.513185
257.25		0.513185
257.375		0.513185
257.5		0.513185
257.625		0.513185
257.75		0.513185
257.875		0.513185
258		0.513185
258.125		0.515768
258.25		0.515768
258.375		0.515768
258.5		0.515768
258.625		0.515768
258.75		0.515768
258.875		0.515768
259		0.515768
259.125		0.517667
259.25		0.517667
259.375		0.517667
259.5		0.517667
259.625		0.517667
259.75		0.517667
259.875		0.517667
260		0.517667
260.125		0.521052
260.25		0.521052
260.375		0.521052
260.5		0.521052
260.625		0.521052
260.75		0.521052
260.875		0.521052
261		0.521052
261.125		0.521338
261.25		0.521338
261.375		0.521338
261.5		0.521338
261.625		0.521338
261.75		0.521338
261.875		0.521338
262		0.521338
262.125		0.525261
262.25		0.525261
262.375		0.525261
262.5		0.525261
262.625		0.525261
262.75		0.525261
262.875		0.525261
263		0.525261
263.125		0.526205
263.25		0.526205
263.375		0.526205
263.5		0.526205
263.625		0.526205
263.75		0.526205
263.875		0.526205
264		0.526205
264.125		0.527614
264.25		0.527614
264.375		0.527614
264.5		0.527614
264.625		0.527614
264.75		0.527614
264.875		0.527614
265		0.527614
265.125		0.528466
265.25		0.528466
265.375		0.528466
265.5		0.528466
265.625		0.528466
265.75		0.528466
265.875		0.528466
266		0.528466
266.125		0.534724
266.25		0.534724
266.375		0.534724
266.5		0.534724
266.625		0.534724
266.75		0.534724
266.875		0.534724
267		0.534724
267.125		0.535057
267.25		0.535057
267.375		0.535057
267.5		0.535057
267.625		0.535057
267.75		0.535057
267.875		0.535057
268		0.535057
268.125		0.536531
268.25		0.536531
268.375		0.536531
268.5		0.536531
268.625		0.536531
268.75		0.536531
268.875		0.536531
269		0.536531
269.125		0.540041
269.25		0.540041
269.375		0.540041
269.5		0.540041
269.625		0.540041
269.75		0.540041
269.875		0.540041
270		0.540041
270.125		0.540795
270.25		0.540795
270.375		0.540795
270.5		0.540795
270.625		0.540795
270.75		0.540795
270.875		0.540795
271		0.540795
271.125		0.545424
271.25		0.545424
271.375		0.545424
271.5		0.545424
271.625		0.545424
271.75		0.545424
271.875		0.545424
272		0.545424
272.125		0.5474
272.25		0.5474
272.375		0.5474
272.5		0.5474
272.625		0.5474
272.75		0.5474
272.875		0.5474
273		0.5474
273.125		0.5492
273.25		0.5492
273.375		0.5492
273.5		0.5492
273.625		0.5492
273.75		0.5492
273.875		0.5492
274		0.5492
274.125		0.55227
274.25		0.55227
274.375		0.55227
274.5		0.55227
274.625		0.55227
274.75		0.55227
274.875		0.55227
275		0.55227
275.125		0.555403
275.25		0.555403
275.375		0.555403
275.5		0.555403
275.625		0.555403
275.75		0.555403
275.875		0.555403
276		0.555403
276.125		0.557558
276.25		0.557558
276.375		0.557558
276.5		0.557558
276.625		0.557558
276.75		0.557558
276.875		0.557558
277		0.557558
277.125		0.558103
277.25		0.558103
277.375		0.558103
277.5		0.558103
277.625		0.558103
277.75		0.558103
277.875		0.558103
278		0.558103
278.125		0.562626
278.25		0.562626
278.375		0.562626
278.5		0.562626
278.625		0.562626
278.75		0.562626
278.875		0.562626
279		0.562626
279.125		0.563867
279.25		0.563867
279.375		0.563867
279.5		0.563867
279.625		0.563867
279.75		0.563867
279.875		0.563867
280		0.563867
280.125		0.567457
280.25		0.567457
280.375		0.567457
280.5		0.567457
280.625		0.567457
280.75		0.567457
280.875		0.567457
281		0.567457
281.125		0.569568
281.25		0.569568
281.375		0.569568
281.5		0.569568
281.625		0.569568
281.75		0.569568
281.875		0.569568
282		0.569568
282.125		0.571376
282.25		0.571376
282.375		0.571376
282.5		0.571376
282.625		0.571376
282.75		0.571376
282.875		0.571376
283		0.571376
283.125		0.573729
283.25		0.573729
283.375		0.573729
283.5		0.573729
283.625		0.573729
283.75		0.573729
283.875		0.573729
284		0.573729
284.125		0.574834
284.25		0.574834
284.375		0.574834
284.5		0.574834
284.625		0.574834
284.75		0.574834
284.875		0.574834
285		0.574834
285.125		0.575712
285.25		0.575712
285.375		0.575712
285.5		0.575712
285.625		0.575712
285.75		0.575712
285.875		0.575712
286		0.575712
286.125		0.577373
286.25		0.577373
286.375		0.577373
286.5		0.577373
286.625		0.577373
286.75		0.577373
286.875		0.577373
287		0.577373
287.125		0.582032
287.25		0.582032
287.375		0.582032
287.5		0.582032
287.625		0.582032
287.75		0.582032
287.875		0.582032
288		0.582032
288.125		0.585135
288.25		0.585135
288.375		0.585135
288.5		0.585135
288.625		0.585135
288.75		0.585135
288.875		0.585135
289		0.585135
289.125		0.586171
289.25		0.586171
289.375		0.586171
289.5		0.586171
289.625		0.586171
289.75		0.586171
289.875		0.586171
290		0.586171
290.125		0.588926
290.25		0.588926
290.375		0.588926
290.5		0.588926
290.625		0.588926
290.75		0.588926
290.875		0.588926
291		0.588926
291.125		0.590101
291.25		0.590101
291.375		0.590101
291.5		0.590101
291.625		0.590101
291.75		0.590101
291.875		0.590101
292		0.590101
292.125		0.594477
292.25		0.594477
292.375		0.594477
292.5		0.594477
292.625		0.594477
292.75		0.594477
292.875		0.594477
293		0.594477
293.125		0.595301
293.25		0.595301
293.375		0.595301
293.5		0.595301
293.625		0.595301
293.75		0.595301
293.875		0.595301
294		0.595301
294.125		0.597452
294.25		0.597452
294.375		0.597452
294.5		0.597452
294.625		0.597452
294.75		0.597452
294.875		0.597452
295		0.597452
295.125		0.599377
295.25		0.599377
295.375		0.599377
295.5		0.599377
295.625		0.599377
295.75		0.599377
295.875		0.599377
296		0.599377
296.125		0.603779
296.25		0.603779
296.375		0.603779
296.5		0.603779
296.625		0.603779
296.75		0.603779
296.875		0.603779
297		0.603779
297.125		0.605137
297.25		0.605137
297.375		0.605137
297.5		0.605137
297.625		0.605137
297.75		0.605137
297.875		0.605137
298		0.605137
298.125		0.605349
298.25		0.605349
298.375		0.605349
298.5		0.605349
298.625		0.605349
298.75		0.605349
298.875		0.605349
299		0.605349
299.125		0.609532
299.25		0.609532
299.375		0.609532
299.5		0.609532
299.625		0.609532
299.75		0.609532
299.875		0.609532
300		0.609532
300.125		0.615127
300.25		0.615127
300.375		0.615127
300.5		0.615127
300.625		0.615127
300.75		0.615127
300.875		0.615127
301		0.615127
301.125		0.615928
301.25		0.615928
301.375		0.615928
301.5		0.615928
301.625		0.615928
301.75		0.615928
301.875		0.615928
302		0.615928
302.125		0.621074
302.25		0.621074
302.375		0.621074
302.5		0.621074
302.625		0.621074
302.75		0.621074
302.875		0.621074
303		0.621074
303.125		0.622578
303.25		0.622578
303.375		0.622578
303.5		0.622578
303.625		0.622578
303.75		0.622578
303.875		0.622578
304		0.622578
304.125		0.622951
304.25		0.622951
304.375		0.622951
304.5		0.622951
304.625		0.622951
304.75		0.622951
304.875		0.622951
305		0.622951
305.125		0.62608
305.25		0.62608
305.375		0.62608
305.5		0.62608
305.625		0.62608
305.75		0.62608
305.875		0.62608
306		0.62608
306.125		0.631854
306.25		0.631854
306.375		0.631854
306.5		0.631854
306.625		0.631854
306.75		0.631854
306.875		0.631854
307		0.631854
307.125		0.63211
307.25		0.63211
307.375		0.63211
307.5		0.63211
307.625		0.63211
307.75		0.63211
307.875		0.63211
308		0.63211
308.125		0.632344
308.25		0.632344
308.375		0.632344
308.5		0.632344
308.625		0.632344
308.75		0.632344
308.875		0.632344
309		0.632344
309.125		0.632655
309.25		0.632655
309.375		0.632655
309.5		0.632655
309.625		0.632655
309.75		0.632655
309.875		0.632655
310		0.632655
310.125		0.640556
310.25		0.640556
310.375		0.640556
310.5		0.640556
310.625		0.640556
310.75		0.640556
310.875		0.640556
311		0.640556
311.125		0.641002
311.25		0.641002
311.375		0.641002
311.5		0.641002
311.625		0.641002
311.75		0.641002
311.875		0.641002
312		0.641002
312.125		0.6421
312.25		0.6421
312.375		0.6421
312.5		0.6421
312.625		0.6421
312.75		0.6421
312.875		0.6421
313		0.6421
313.125		0.643308
313.25		0.643308
313.375		0.643308
313.5		0.643308
313.625		0.643308
313.75		0.643308
313.875		0.643308
314		0.643308
314.125		0.64853
314.25		0.64853
314.375		0.64853
314.5		0.64853
314.625		0.64853
314.75		0.64853
314.875		0.64853
315		0.64853
315.125		0.648983
315.25		0.648983
315.375		0.648983
315.5		0.648983
315.625		0.648983
315.75		0.648983
315.875		0.648983
316		0.648983
316.125		0.651991
316.25		0.651991
316.375		0.651991
316.5		0.651991
316.625		0.651991
316.75		0.651991
316.875		0.651991
317		0.651991
317.125		0.653382
317.25		0.653382
317.375		0.653382
317.5		0.653382
317.625		0.653382
317.75		0.653382
317.875		0.653382
318		0.653382
318.125		0.655245
318.25		0.655245
318.375		0.655245
318.5		0.655245
318.625		0.655245
318.75		0.655245
318.875		0.655245
319		0.655245
319.125		0.658198
319.25		0.658198
319.375		0.658198
319.5		0.658198
319.625		0.658198
319.75		0.658198
319.875		0.658198
320		0.658198
320.125		0.6586
320.25		0.6586
320.375		0.6586
320.5		0.6586
320.625		0.6586
320.75		0.6586
320.875		0.6586
321		0.6586
321.125		0.66009
321.25		0.66009
321.375		0.66009
321.5		0.66009
321.625		0.66009
321.75		0.66009
321.875		0.66009
322		0.66009
322.125		0.661008
322.25		0.661008
322.375		0.661008
322.5		0.661008
322.625		0.661008
322.75		0.661008
322.875		0.661008
323		0.661008
323.125		0.665549
323.25		0.665549
323.375		0.665549
323.5		0.665549
323.625		0.665549
323.75		0.665549
323.875		0.665549
324		0.665549
324.125		0.667635
324.25		0.667635
324.375		0.667635
324.5		0.667635
324.625		0.667635
324.75		0.667635
324.875		0.667635
325		0.667635
325.125		0.670457
325.25		0.670457
325.375		0.670457
325.5		0.670457
325.625		0.670457
325.75		0.670457
325.875		0.670457
326		0.670457
326.125		0.670991
326.25		0.670991
326.375		0.670991
326.5		0.670991
326.625		0.670991
326.75		0.670991
326.875		0.670991
327		0.670991
327.125		0.672546
327.25		0.672546
327.375		0.672546
327.5		0.672546
327.625		0.672546
327.75		0.672546
327.875		0.672546
328		0.672546
328.125		0.67843
328.25		0.67843
328.375		0.67843
328.5		0.67843
328.625		0.67843
328.75		0.67843
328.875		0.67843
329		0.67843
329.125		0.679682
329.25		0.679682
329.375		0.679682
329.5		0.679682
329.625		0.679682
329.75		0.679682
329.875		0.679682
330		0.679682
330.125		0.680092
330.25		0.680092
330.375		0.680092
330.5		0.680092
330.625		0.680092
330.75		0.680092
330.875		0.680092
331		0.680092
331.125		0.680772
331.25		0.680772
331.375		0.680772
331.5		0.680772
331.625		0.680772
331.75		0.680772
331.875		0.680772
332		0.680772
332.125		0.685723
332.25		0.685723
332.375		0.685723
332.5		0.685723
332.625		0.685723
332.75		0.685723
332.875		0.685723
333		0.685723
333.125		0.687747
333.25		0.687747
333.375		0.687747
333.5		0.687747
333.625		0.687747
333.75		0.687747
333.875		0.687747
334		0.687747
334.125		0.690056
334.25		0.690056
334.375		0.690056
334.5		0.690056
334.625		0.690056
334.75		0.690056
334.875		0.690056
335		0.690056
335.125		0.691311
335.25		0.691311
335.375		0.691311
335.5		0.691311
335.625		0.691311
335.75		0.691311
335.875		0.691311
336		0.691311
336.125		0.694144
336.25		0.694144
336.375		0.694144
336.5		0.694144
336.625		0.694144
336.75		0.694144
336.875		0.694144
337		0.694144
337.125		0.694868
337.25		0.694868
337.375		0.694868
337.5		0.694868
337.625		0.694868
337.75		0.694868
337.875		0.694868
338		0.694868
338.125		0.696229
338.25		0.696229
338.375		0.696229
338.5		0.696229
338.625		0.696229
338.75		0.696229
338.875		0.696229
339		0.696229
339.125		0.696676
339.25		0.696676
339.375		0.696676
339.5		0.696676
339.625		0.696676
339.75		0.696676
339.875		0.696676
340		0.696676
340.125		0.70308
340.25		0.70308
340.375		0.70308
340.5		0.70308
340.625		0.70308
340.75		0.70308
340.875		0.70308
341		0.70308
341.125		0.706249
341.25		0.706249
341.375		0.706249
341.5		0.706249
341.625		0.706249
341.75		0.706249
341.875		0.706249
342		0.706249
342.125		0.706607
342.25		0.706607
342.375		0.706607
342.5		0.706607
342.625		0.706607
342.75		0.706607
342.875		0.706607
343		0.706607
343.125		0.706981
343.25		0.706981
343.375		0.706981
343.5		0.706981
343.625		0.706981
343.75		0.706981
343.875		0.706981
344		0.706981
344.125		0.707186
344.25		0.707186
344.375		0.707186
344.5		0.707186
344.625		0.707186
344.75		0.707186
344.875		0.707186
345		0.707186
345.125		0.713739
345.25		0.713739
345.375		0.713739
345.5		0.713739
345.625		0.713739
345.75		0.713739
345.875		0.713739
346		0.713739
346.125		0.714899
346.25		0.714899
346.375		0.714899
346.5		0.714899
346.625		0.714899
346.75		0.714899
346.875		0.714899
347		0.714899
347.125		0.716063
347.25		0.716063
347.375		0.716063
347.5		0.716063
347.625		0.716063
347.75		0.716063
347.875		0.716063
348		0.716063
348.125		0.71655
348.25		0.71655
348.375		0.71655
348.5		0.71655
348.625		0.71655
348.75		0.71655
348.875		0.71655
349		0.71655
349.125		0.719905
349.25		0.719905
349.375		0.719905
349.5		0.719905
349.625		0.719905
349.75		0.719905
349.875		0.719905
350		0.719905
350.125		0.724739
350.25		0.724739
350.375		0.724739
350.5		0.724739
350.625		0.724739
350.75		0.724739
350.875		0.724739
351		0.724739
351.125		0.726346
351.25		0.726346
351.375		0.726346
351.5		0.726346
351.625		0.726346
351.75		0.726346
351.875		0.726346
352		0.726346
352.125		0.728201
352.25		0.728201
352.375		0.728201
352.5		0.728201
352.625		0.728201
352.75		0.728201
352.875		0.728201
353		0.728201
353.125		0.734364
353.25		0.734364
353.375		0.734364
353.5		0.734364
353.625		0.734364
353.75		0.734364
353.875		0.734364
354		0.734364
354.125		0.736618
354.25		0.736618
354.375		0.736618
354.5		0.736618
354.625		0.736618
354.75		0.736618
354.875		0.736618
355		0.736618
355.125		0.737972
355.25		0.737972
355.375		0.737972
355.5		0.737972
355.625		0.737972
355.75		0.737972
355.875		0.737972
356		0.737972
356.125		0.742154
356.25		0.742154
356.375		0.742154
356.5		0.742154
356.625		0.742154
356.75		0.742154
356.875		0.742154
357		0.742154
357.125		0.744987
357.25		0.744987
357.375		0.744987
357.5		0.744987
357.625		0.744987
357.75		0.744987
357.875		0.744987
358		0.744987
358.125		0.746835
358.25		0.746835
358.375		0.746835
358.5		0.746835
358.625		0.746835
358.75		0.746835
358.875		0.746835
359		0.746835
359.125		0.74966
359.25		0.74966
359.375		0.74966
359.5		0.74966
359.625		0.74966
359.75		0.74966
359.875		0.74966
360		0.74966
360.125		0.74989
360.25		0.74989
360.375		0.74989
360.5		0.74989
360.625		0.74989
360.75		0.74989
360.875		0.74989
361		0.74989
361.125		0.75019
361.25		0.75019
361.375		0.75019
361.5		0.75019
361.625		0.75019
361.75		0.75019
361.875		0.75019
362		0.75019
362.125		0.75176
362.25		0.75176
362.375		0.75176
362.5		0.75176
362.625		0.75176
362.75		0.75176
362.875		0.75176
363		0.75176
363.125		0.754728
363.25		0.754728
363.375		0.754728
363.5		0.754728
363.625		0.754728
363.75		0.754728
363.875		0.754728
364		0.754728
364.125		0.760027
364.25		0.760027
364.375		0.760027
364.5		0.760027
364.625		0.760027
364.75		0.760027
364.875		0.760027
365		0.760027
365.125		0.760524
365.25		0.760524
365.375		0.760524
365.5		0.760524
365.625		0.760524
365.75		0.760524
365.875		0.760524
366		0.760524
366.125		0.760985
366.25		0.760985
366.375		0.760985
366.5		0.760985
366.625		0.760985
366.75		0.760985
366.875		0.760985
367		0.760985
367.125		0.764067
367.25		0.764067
367.375		0.764067
367.5		0.764067
367.625		0.764067
367.75		0.764067
367.875		0.764067
368		0.764067
368.125		0.768114
368.25		0.768114
368.375		0.768114
368.5		0.768114
368.625		0.768114
368.75		0.768114
368.875		0.768114
369		0.768114
369.125		0.77009
369.25		0.77009
369.375		0.77009
369.5		0.77009
369.625		0.77009
369.75		0.77009
369.875		0.77009
370		0.77009
370.125		0.771107
370.25		0.771107
370.375		0.771107
370.5		0.771107
370.625		0.771107
370.75		0.771107
370.875		0.771107
371		0.771107
371.125		0.772135
371.25		0.772135
371.375		0.772135
371.5		0.772135
371.625		0.772135
371.75		0.772135
371.875		0.772135
372		0.772135
372.125		0.776421
372.25		0.776421
372.375		0.776421
372.5		0.776421
372.625		0.776421
372.75		0.776421
372.875		0.776421
373		0.776421
373.125		0.778763
373.25		0.778763
373.375		0.778763
373.5		0.778763
373.625		0.778763
373.75		0.778763
373.875		0.778763
374		0.778763
374.125		0.780537
374.25		0.780537
374.375		0.780537
374.5		0.780537
374.625		0.780537
374.75		0.780537
374.875		0.780537
375		0.780537
375.125		0.783388
375.25		0.783388
375.375		0.783388
375.5		0.783388
375.625		0.783388
375.75		0.783388
375.875		0.783388
376		0.783388
376.125		0.785353
376.25		0.785353
376.375		0.785353
376.5		0.785353
376.625		0.785353
376.75		0.785353
376.875		0.785353
377		0.785353
377.125		0.789371
377.25		0.789371
377.375		0.789371
377.5		0.789371
377.625		0.789371
377.75		0.789371
377.875		0.789371
378		0.789371
378.125		0.791395
378.25		0.791395
378.375		0.791395
378.5		0.791395
378.625		0.791395
378.75		0.791395
378.875		0.791395
379		0.791395
379.125		0.792141
379.25		0.792141
379.375		0.792141
379.5		0.792141
379.625		0.792141
379.75		0.792141
379.875		0.792141
380		0.792141
380.125		0.796331
380.25		0.796331
380.375		0.796331
380.5		0.796331
380.625		0.796331
380.75		0.796331
380.875		0.796331
381		0.796331
381.125		0.802032
381.25		0.802032
381.375		0.802032
381.5		0.802032
381.625		0.802032
381.75		0.802032
381.875		0.802032
382		0.802032
382.125		0.802794
382.25		0.802794
382.375		0.802794
382.5		0.802794
382.625		0.802794
382.75		0.802794
382.875		0.802794
383		0.802794
383.125		0.803416
383.25		0.803416
383.375		0.803416
383.5		0.803416
383.625		0.803416
383.75		0.803416
383.875		0.803416
384		0.803416
384.125		0.809388
384.25		0.809388
384.375		0.809388
384.5		0.809388
384.625		0.809388
384.75		0.809388
384.875		0.809388
385		0.809388
385.125		0.81207
385.25		0.81207
385.375		0.81207
385.5		0.81207
385.625		0.81207
385.75		0.81207
385.875		0.81207
386		0.81207
386.125		0.813065
386.25		0.813065
386.375		0.813065
386.5		0.813065
386.625		0.813065
386.75		0.813065
386.875		0.813065
387		0.813065
387.125		0.813424
387.25		0.813424
387.375		0.813424
387.5		0.813424
387.625		0.813424
387.75		0.813424
387.875		0.813424
388		0.813424
388.125		0.815503
388.25		0.815503
388.375		0.815503
388.5		0.815503
388.625		0.815503
388.75		0.815503
388.875		0.815503
389		0.815503
389.125		0.820845
389.25		0.820845
389.375		0.820845
389.5		0.820845
389.625		0.820845
389.75		0.820845
389.875		0.820845
390		0.820845
390.125		0.823282
390.25		0.823282
390.375		0.823282
390.5		0.823282
390.625		0.823282
390.75		0.823282
390.875		0.823282
391		0.823282
391.125		0.824036
391.25		0.824036
391.375		0.824036
391.5		0.824036
391.625		0.824036
391.75		0.824036
391.875		0.824036
392		0.824036
392.125		0.825218
392.25		0.825218
392.375		0.825218
392.5		0.825218
392.625		0.825218
392.75		0.825218
392.875		0.825218
393		0.825218
393.125		0.827564
393.25		0.827564
393.375		0.827564
393.5		0.827564
393.625		0.827564
393.75		0.827564
393.875		0.827564
394		0.827564
394.125		0.833547
394.25		0.833547
394.375		0.833547
394.5		0.833547
394.625		0.833547
394.75		0.833547
394.875		0.833547
395		0.833547
395.125		0.835131
395.25		0.835131
395.375		0.835131
395.5		0.835131
395.625		0.835131
395.75		0.835131
395.875		0.835131
396		0.835131
396.125		0.83564
396.25		0.83564
396.375		0.83564
396.5		0.83564
396.625		0.83564
396.75		0.83564
396.875		0.83564
397		0.83564
397.125		0.838915
397.25		0.838915
397.375		0.838915
397.5		0.838915
397.625		0.838915
397.75		0.838915
397.875		0.838915
398		0.838915
398.125		0.841777
398.25		0.841777
398.375		0.841777
398.5		0.841777
398.625		0.841777
398.75		0.841777
398.875		0.841777
399		0.841777
399.125		0.842746
399.25		0.842746
399.375		0.842746
399.5		0.842746
399.625		0.842746
399.75		0.842746
399.875		0.842746
400		0.842746
400.125		0.843588
400.25		0.843588
400.375		0.843588
400.5		0.843588
400.625		0.843588
400.75		0.843588
400.875		0.843588
401		0.843588
401.125		0.848129
401.25		0.848129
401.375		0.848129
401.5		0.848129
401.625		0.848129
401.75		0.848129
401.875		0.848129
402		0.848129
402.125		0.851207
402.25		0.851207
402.375		0.851207
402.5		0.851207
402.625		0.851207
402.75		0.851207
402.875		0.851207
403		0.851207
403.125		0.85139
403.25		0.85139
403.375		0.85139
403.5		0.85139
403.625		0.85139
403.75		0.85139
403.875		0.85139
404		0.85139
404.125		0.851565
404.25		0.851565
404.375		0.851565
404.5		0.851565
404.625		0.851565
404.75		0.851565
404.875		0.851565
405		0.851565
405.125		0.85427
405.25		0.85427
405.375		0.85427
405.5		0.85427
405.625		0.85427
405.75		0.85427
405.875		0.85427
406		0.85427
406.125		0.857801
406.25		0.857801
406.375		0.857801
406.5		0.857801
406.625		0.857801
406.75		0.857801
406.875		0.857801
407		0.857801
407.125		0.860458
407.25		0.860458
407.375		0.860458
407.5		0.860458
407.625		0.860458
407.75		0.860458
407.875		0.860458
408		0.860458
408.125		0.862167
408.25		0.862167
408.375		0.862167
408.5		0.862167
408.625		0.862167
408.75		0.862167
408.875		0.862167
409		0.862167
409.125		0.864245
409.25		0.864245
409.375		0.864245
409.5		0.864245
409.625		0.864245
409.75		0.864245
409.875		0.864245
410		0.864245
410.125		0.864699
410.25		0.864699
410.375		0.864699
410.5		0.864699
410.625		0.864699
410.75		0.864699
410.875		0.864699
411		0.864699
411.125		0.868655
411.25		0.868655
411.375		0.868655
411.5		0.868655
411.625		0.868655
411.75		0.868655
411.875		0.868655
412		0.868655
412.125		0.869086
412.25		0.869086
412.375		0.869086
412.5		0.869086
412.625		0.869086
412.75		0.869086
412.875		0.869086
413		0.869086
413.125		0.871897
413.25		0.871897
413.375		0.871897
413.5		0.871897
413.625		0.871897
413.75		0.871897
413.875		0.871897
414		0.871897
414.125		0.87436
414.25		0.87436
414.375		0.87436
414.5		0.87436
414.625		0.87436
414.75		0.87436
414.875		0.87436
415		0.87436
415.125		0.875779
415.25		0.875779
415.375		0.875779
415.5		0.875779
415.625		0.875779
415.75		0.875779
415.875		0.875779
416		0.875779
416.125		0.87908
416.25		0.87908
416.375		0.87908
416.5		0.87908
416.625		0.87908
416.75		0.87908
416.875		0.87908
417		0.87908
417.125		0.879735
417.25		0.879735
417.375		0.879735
417.5		0.879735
417.625		0.879735
417.75		0.879735
417.875		0.879735
418		0.879735
418.125		0.880705
418.25		0.880705
418.375		0.880705
418.5		0.880705
418.625		0.880705
418.75		0.880705
418.875		0.880705
419		0.880705
419.125		0.884902
419.25		0.884902
419.375		0.884902
419.5		0.884902
419.625		0.884902
419.75		0.884902
419.875		0.884902
420		0.884902
420.125		0.887515
420.25		0.887515
420.375		0.887515
420.5		0.887515
420.625		0.887515
420.75		0.887515
420.875		0.887515
421		0.887515
421.125		0.88783
421.25		0.88783
421.375		0.88783
421.5		0.88783
421.625		0.88783
421.75		0.88783
421.875		0.88783
422		0.88783
422.125		0.891317
422.25		0.891317
422.375		0.891317
422.5		0.891317
422.625		0.891317
422.75		0.891317
422.875		0.891317
423		0.891317
423.125		0.891679
423.25		0.891679
423.375		0.891679
423.5		0.891679
423.625		0.891679
423.75		0.891679
423.875		0.891679
424		0.891679
424.125		0.897842
424.25		0.897842
424.375		0.897842
424.5		0.897842
424.625		0.897842
424.75		0.897842
424.875		0.897842
425		0.897842
425.125		0.898175
425.25		0.898175
425.375		0.898175
425.5		0.898175
425.625		0.898175
425.75		0.898175
425.875		0.898175
426		0.898175
426.125		0.899141
426.25		0.899141
426.375		0.899141
426.5		0.899141
426.625		0.899141
426.75		0.899141
426.875		0.899141
427		0.899141
427.125		0.89973
427.25		0.89973
427.375		0.89973
427.5		0.89973
427.625		0.89973
427.75		0.89973
427.875		0.89973
428		0.89973
428.125		0.902072
428.25		0.902072
428.375		0.902072
428.5		0.902072
428.625		0.902072
428.75		0.902072
428.875		0.902072
429		0.902072
429.125		0.907093
429.25		0.907093
429.375		0.907093
429.5		0.907093
429.625		0.907093
429.75		0.907093
429.875		0.907093
430		0.907093
430.125		0.908278
430.25		0.908278
430.375		0.908278
430.5		0.908278
430.625		0.908278
430.75		0.908278
430.875		0.908278
431		0.908278
431.125		0.908842
431.25		0.908842
431.375		0.908842
431.5		0.908842
431.625		0.908842
431.75		0.908842
431.875		0.908842
432		0.908842
432.125		0.910423
432.25		0.910423
432.375		0.910423
432.5		0.910423
432.625		0.910423
432.75		0.910423
432.875		0.910423
433		0.910423
433.125		0.911308
433.25		0.911308
433.375		0.911308
433.5		0.911308
433.625		0.911308
433.75		0.911308
433.875		0.911308
434		0.911308
434.125		0.913588
434.25		0.913588
434.375		0.913588
434.5		0.913588
434.625		0.913588
434.75		0.913588
434.875		0.913588
435		0.913588
435.125		0.917375
435.25		0.917375
435.375		0.917375
435.5		0.917375
435.625		0.917375
435.75		0.917375
435.875		0.917375
436		0.917375
436.125		0.918685
436.25		0.918685
436.375		0.918685
436.5		0.918685
436.625		0.918685
436.75		0.918685
436.875		0.918685
437		0.918685
437.125		0.919644
437.25		0.919644
437.375		0.919644
437.5		0.919644
437.625		0.919644
437.75		0.919644
437.875		0.919644
438		0.919644
438.125		0.92293
438.25		0.92293
438.375		0.92293
438.5		0.92293
438.625		0.92293
438.75		0.92293
438.875		0.92293
439		0.92293
439.125		0.924672
439.25		0.924672
439.375		0.924672
439.5		0.924672
439.625		0.924672
439.75		0.924672
439.875		0.924672
440		0.924672
440.125		0.92558
440.25		0.92558
440.375		0.92558
440.5		0.92558
440.625		0.92558
440.75		0.92558
440.875		0.92558
441		0.92558
441.125		0.929598
441.25		0.929598
441.375		0.929598
441.5		0.929598
441.625		0.929598
441.75		0.929598
441.875		0.929598
442		0.929598
442.125		0.932529
442.25		0.932529
442.375		0.932529
442.5		0.932529
442.625		0.932529
442.75		0.932529
442.875		0.932529
443		0.932529
443.125		0.933839
443.25		0.933839
443.375		0.933839
443.5		0.933839
443.625		0.933839
443.75		0.933839
443.875		0.933839
444		0.933839
444.125		0.93453
444.25		0.93453
444.375		0.93453
444.5		0.93453
444.625		0.93453
444.75		0.93453
444.875		0.93453
445		0.93453
445.125		0.938018
445.25		0.938018
445.375		0.938018
445.5		0.938018
445.625		0.938018
445.75		0.938018
445.875		0.938018
446		0.938018
446.125		0.94264
446.25		0.94264
446.375		0.94264
446.5		0.94264
446.625		0.94264
446.75		0.94264
446.875		0.94264
447		0.94264
447.125		0.94306
447.25		0.94306
447.375		0.94306
447.5		0.94306
447.625		0.94306
447.75		0.94306
447.875		0.94306
448		0.94306
448.125		0.943657
448.25		0.943657
448.375		0.943657
448.5		0.943657
448.625		0.943657
448.75		0.943657
448.875		0.943657
449		0.943657
449.125		0.943957
449.25		0.943957
449.375		0.943957
449.5		0.943957
449.625		0.943957
449.75		0.943957
449.875		0.943957
450		0.943957
450.125		0.949109
450.25		0.949109
450.375		0.949109
450.5		0.949109
450.625		0.949109
450.75		0.949109
450.875		0.949109
451		0.949109
451.125		0.952695
451.25		0.952695
451.375		0.952695
451.5		0.952695
451.625		0.952695
451.75		0.952695
451.875		0.952695
452		0.952695
452.125		0.953347
452.25		0.953347
452.375		0.953347
452.5		0.953347
452.625		0.953347
452.75		0.953347
452.875		0.953347
453		0.953347
453.125		0.953881
453.25		0.953881
453.375		0.953881
453.5		0.953881
453.625		0.953881
453.75		0.953881
453.875		0.953881
454		0.953881
454.125		0.957544
454.25		0.957544
454.375		0.957544
454.5		0.957544
454.625		0.957544
454.75		0.957544
454.875		0.957544
455		0.957544
455.125		0.959429
455.25		0.959429
455.375		0.959429
455.5		0.959429
455.625		0.959429
455.75		0.959429
455.875		0.959429
456		0.959429
456.125		0.961536
456.25		0.961536
456.375		0.961536
456.5		0.961536
456.625		0.961536
456.75		0.961536
456.875		0.961536
457		0.961536
457.125		0.964596
457.25		0.964596
457.375		0.964596
457.5		0.964596
457.625		0.964596
457.75		0.964596
457.875		0.964596
458		0.964596
458.125		0.965558
458.25		0.965558
458.375		0.965558
458.5		0.965558
458.625		0.965558
458.75		0.965558
458.875		0.965558
459		0.965558
459.125		0.968043
459.25		0.968043
459.375		0.968043
459.5		0.968043
459.625		0.968043
459.75		0.968043
459.875		0.968043
460		0.968043
460.125		0.969953
460.25		0.969953
460.375		0.969953
460.5		0.969953
460.625		0.969953
460.75		0.969953
460.875		0.969953
461		0.969953
461.125		0.971775
461.25		0.971775
461.375		0.971775
461.5		0.971775
461.625		0.971775
461.75		0.971775
461.875		0.971775
462		0.971775
462.125		0.972072
462.25		0.972072
462.375		0.972072
462.5		0.972072
462.625		0.972072
462.75		0.972072
462.875		0.972072
463		0.972072
463.125		0.976719
463.25		0.976719
463.375		0.976719
463.5		0.976719
463.625		0.976719
463.75		0.976719
463.875		0.976719
464		0.976719
464.125		0.979738
464.25		0.979738
464.375		0.979738
464.5		0.979738
464.625		0.979738
464.75		0.979738
464.875		0.979738
465		0.979738
465.125		0.980488
465.25		0.980488
465.375		0.980488
465.5		0.980488
465.625		0.980488
465.75		0.980488
465.875		0.980488
466		0.980488
466.125		0.981539
466.25		0.981539
466.375		0.981539
466.5		0.981539
466.625		0.981539
466.75		0.981539
466.875		0.981539
467		0.981539
467.125		0.982823
467.25		0.982823
467.375		0.982823
467.5		0.982823
467.625		0.982823
467.75		0.982823
467.875		0.982823
468		0.982823
468.125		0.988524
468.25		0.988524
468.375		0.988524
468.5		0.988524
468.625		0.988524
468.75		0.988524
468.875		0.988524
469		0.988524
469.125		0.989867
469.25		0.989867
469.375		0.989867
469.5		0.989867
469.625		0.989867
469.75		0.989867
469.875		0.989867
470		0.989867
470.125		0.990705
470.25		0.990705
470.375		0.990705
470.5		0.990705
470.625		0.990705
470.75		0.990705
470.875		0.990705
471		0.990705
471.125		0.991927
471.25		0.991927
471.375		0.991927
471.5		0.991927
471.625		0.991927
471.75		0.991927
471.875		0.991927
472		0.991927
472.125		0.992974
472.25		0.992974
472.375		0.992974
472.5		0.992974
472.625		0.992974
472.75		0.992974
472.875		0.992974
473		0.992974
473.125		0.999722
473.25		0.999722
473.375		0.999722
473.5		0.999722
473.625		0.999722
473.75		0.999722
473.875		0.999722
474		0.999722
474.125		0.999832
474.25		0.999832
474.375		0.999832
474.5		0.999832
474.625		0.999832
474.75		0.999832
474.875		0.999832
475		0.999832
475.125		0.999982
475.25		0.999982
475.375		0.999982
475.5		0.999982
475.625		0.999982
475.75		0.999982
475.875		0.999982
476		0.999982
476.125		1
476.25		1
476.375		1
476.5		1
476.625		1
476.75		1
476.875		1
477		1
477.125		1
477.25		1
477.375		1
477.5		1
477.625		1
477.75		1
477.875		1
478		1
478.125		1
478.25		1
478.375		1
478.5		1
478.625		1
478.75		1
478.875		1
479		1
479.125		1
479.25		1
479.375		1
479.5		1
479.625		1
479.75		1
479.875		1
480		1
480.125		1
480.25		1
480.375		1
480.5		1
480.625		1
480.75		1
480.875		1
481		1
481.125		1
481.25		1
481.375		1
481.5		1
481.625		1
481.75		1
481.875		1
482		1
482.125		1
482.25		1
482.375		1
482.5		1
482.625		1
482.75		1
482.875		1
483		1
483.125		1
483.25		1
483.375		1
483.5		1
483.625		1
483.75		1
483.875		1
484		1
484.125		1
484.25		1
484.375		1
484.5		1
484.625		1
484.75		1
484.875		1
485		1
485.125		1
485.25		1
485.375		1
485.5		1
485.625		1
485.75		1
485.875		1
486		1
486.125		1
486.25		1
486.375		1
486.5		1
486.625		1
486.75		1
486.875		1
487		1
487.125		1
487.25		1
487.375		1
487.5		1
487.625		1
487.75		1
487.875		1
488		1
488.125		1
488.25		1
488.375		1
488.5		1
488.625		1
488.75		1
488.875		1
489		1
489.125		1
489.25		1
489.375		1
489.5		1
489.625		1
489.75		1
489.875		1
490		1
490.125		1
490.25		1
490.375		1
490.5		1
490.625		1
490.75		1
490.875		1
491		1
491.125		1
491.25		1
491.375		1
491.5		1
491.625		1
491.75		1
491.875		1
492		1
492.125		1
492.25		1
492.375		1
492.5		1
492.625		1
492.75		1
492.875		1
493		1
493.125		1
493.25		1
493.375		1
493.5		1
493.625		1
493.75		1
493.875		1
494		1
494.125		1
494.25		1
494.375		1
494.5		1
494.625		1
494.75		1
494.875		1
495		1
495.125		1
495.25		1
495.375		1
495.5		1
495.625		1
495.75		1
495.875		1
496		1
496.125		1
496.25		1
496.375		1
496.5		1
496.625		1
496.75		1
496.875		1
497		1
497.125		1
497.25		1
497.375		1
497.5		1
497.625		1
497.75		1
497.875		1
498		1
498.125		1
498.25		1
498.375		1
498.5		1
498.625		1
498.75		1
498.875		1
499		1
499.125		1
499.25		1
499.375		1
499.5		1
499.625		1
499.75		1
499.875		1
500		1
