# Calibration file of tamex_id 0 @ channel 7
# fine_T bin		 Calibration value
0.125		0
0.25		0
0.375		0
0.5		0
0.625		0
0.75		0
0.875		0
1		0
1.125		0
1.25		0
1.375		0
1.5		0
1.625		0
1.75		0
1.875		0
2		0
2.125		0
2.25		0
2.375		0
2.5		0
2.625		0
2.75		0
2.875		0
3		0
3.125		0
3.25		0
3.375		0
3.5		0
3.625		0
3.75		0
3.875		0
4		0
4.125		0
4.25		0
4.375		0
4.5		0
4.625		0
4.75		0
4.875		0
5		0
5.125		0
5.25		0
5.375		0
5.5		0
5.625		0
5.75		0
5.875		0
6		0
6.125		0
6.25		0
6.375		0
6.5		0
6.625		0
6.75		0
6.875		0
7		0
7.125		0
7.25		0
7.375		0
7.5		0
7.625		0
7.75		0
7.875		0
8		0
8.125		0
8.25		0
8.375		0
8.5		0
8.625		0
8.75		0
8.875		0
9		0
9.125		0
9.25		0
9.375		0
9.5		0
9.625		0
9.75		0
9.875		0
10		0
10.125		0
10.25		0
10.375		0
10.5		0
10.625		0
10.75		0
10.875		0
11		0
11.125		0
11.25		0
11.375		0
11.5		0
11.625		0
11.75		0
11.875		0
12		0
12.125		0
12.25		0
12.375		0
12.5		0
12.625		0
12.75		0
12.875		0
13		0
13.125		0
13.25		0
13.375		0
13.5		0
13.625		0
13.75		0
13.875		0
14		0
14.125		0
14.25		0
14.375		0
14.5		0
14.625		0
14.75		0
14.875		0
15		0
15.125		0
15.25		0
15.375		0
15.5		0
15.625		0
15.75		0
15.875		0
16		0
16.125		0.00659744
16.25		0.00659744
16.375		0.00659744
16.5		0.00659744
16.625		0.00659744
16.75		0.00659744
16.875		0.00659744
17		0.00659744
17.125		0.00925734
17.25		0.00925734
17.375		0.00925734
17.5		0.00925734
17.625		0.00925734
17.75		0.00925734
17.875		0.00925734
18		0.00925734
18.125		0.0121245
18.25		0.0121245
18.375		0.0121245
18.5		0.0121245
18.625		0.0121245
18.75		0.0121245
18.875		0.0121245
19		0.0121245
19.125		0.0137824
19.25		0.0137824
19.375		0.0137824
19.5		0.0137824
19.625		0.0137824
19.75		0.0137824
19.875		0.0137824
20		0.0137824
20.125		0.0191786
20.25		0.0191786
20.375		0.0191786
20.5		0.0191786
20.625		0.0191786
20.75		0.0191786
20.875		0.0191786
21		0.0191786
21.125		0.0205267
21.25		0.0205267
21.375		0.0205267
21.5		0.0205267
21.625		0.0205267
21.75		0.0205267
21.875		0.0205267
22		0.0205267
22.125		0.022742
22.25		0.022742
22.375		0.022742
22.5		0.022742
22.625		0.022742
22.75		0.022742
22.875		0.022742
23		0.022742
23.125		0.0241303
23.25		0.0241303
23.375		0.0241303
23.5		0.0241303
23.625		0.0241303
23.75		0.0241303
23.875		0.0241303
24		0.0241303
24.125		0.0278183
24.25		0.0278183
24.375		0.0278183
24.5		0.0278183
24.625		0.0278183
24.75		0.0278183
24.875		0.0278183
25		0.0278183
25.125		0.0312589
25.25		0.0312589
25.375		0.0312589
25.5		0.0312589
25.625		0.0312589
25.75		0.0312589
25.875		0.0312589
26		0.0312589
26.125		0.0321462
26.25		0.0321462
26.375		0.0321462
26.5		0.0321462
26.625		0.0321462
26.75		0.0321462
26.875		0.0321462
27		0.0321462
27.125		0.0325647
27.25		0.0325647
27.375		0.0325647
27.5		0.0325647
27.625		0.0325647
27.75		0.0325647
27.875		0.0325647
28		0.0325647
28.125		0.0369972
28.25		0.0369972
28.375		0.0369972
28.5		0.0369972
28.625		0.0369972
28.75		0.0369972
28.875		0.0369972
29		0.0369972
29.125		0.0376611
29.25		0.0376611
29.375		0.0376611
29.5		0.0376611
29.625		0.0376611
29.75		0.0376611
29.875		0.0376611
30		0.0376611
30.125		0.0378644
30.25		0.0378644
30.375		0.0378644
30.5		0.0378644
30.625		0.0378644
30.75		0.0378644
30.875		0.0378644
31		0.0378644
31.125		0.0432908
31.25		0.0432908
31.375		0.0432908
31.5		0.0432908
31.625		0.0432908
31.75		0.0432908
31.875		0.0432908
32		0.0432908
32.125		0.0456227
32.25		0.0456227
32.375		0.0456227
32.5		0.0456227
32.625		0.0456227
32.75		0.0456227
32.875		0.0456227
33		0.0456227
33.125		0.0484315
33.25		0.0484315
33.375		0.0484315
33.5		0.0484315
33.625		0.0484315
33.75		0.0484315
33.875		0.0484315
34		0.0484315
34.125		0.0486428
34.25		0.0486428
34.375		0.0486428
34.5		0.0486428
34.625		0.0486428
34.75		0.0486428
34.875		0.0486428
35		0.0486428
35.125		0.0508701
35.25		0.0508701
35.375		0.0508701
35.5		0.0508701
35.625		0.0508701
35.75		0.0508701
35.875		0.0508701
36		0.0508701
36.125		0.0533107
36.25		0.0533107
36.375		0.0533107
36.5		0.0533107
36.625		0.0533107
36.75		0.0533107
36.875		0.0533107
37		0.0533107
37.125		0.0536266
37.25		0.0536266
37.375		0.0536266
37.5		0.0536266
37.625		0.0536266
37.75		0.0536266
37.875		0.0536266
38		0.0536266
38.125		0.0575641
38.25		0.0575641
38.375		0.0575641
38.5		0.0575641
38.625		0.0575641
38.75		0.0575641
38.875		0.0575641
39		0.0575641
39.125		0.05822
39.25		0.05822
39.375		0.05822
39.5		0.05822
39.625		0.05822
39.75		0.05822
39.875		0.05822
40		0.05822
40.125		0.0610349
40.25		0.0610349
40.375		0.0610349
40.5		0.0610349
40.625		0.0610349
40.75		0.0610349
40.875		0.0610349
41		0.0610349
41.125		0.0640086
41.25		0.0640086
41.375		0.0640086
41.5		0.0640086
41.625		0.0640086
41.75		0.0640086
41.875		0.0640086
42		0.0640086
42.125		0.0650046
42.25		0.0650046
42.375		0.0650046
42.5		0.0650046
42.625		0.0650046
42.75		0.0650046
42.875		0.0650046
43		0.0650046
43.125		0.0653406
43.25		0.0653406
43.375		0.0653406
43.5		0.0653406
43.625		0.0653406
43.75		0.0653406
43.875		0.0653406
44		0.0653406
44.125		0.0693486
44.25		0.0693486
44.375		0.0693486
44.5		0.0693486
44.625		0.0693486
44.75		0.0693486
44.875		0.0693486
45		0.0693486
45.125		0.0721835
45.25		0.0721835
45.375		0.0721835
45.5		0.0721835
45.625		0.0721835
45.75		0.0721835
45.875		0.0721835
46		0.0721835
46.125		0.0750446
46.25		0.0750446
46.375		0.0750446
46.5		0.0750446
46.625		0.0750446
46.75		0.0750446
46.875		0.0750446
47		0.0750446
47.125		0.076612
47.25		0.076612
47.375		0.076612
47.5		0.076612
47.625		0.076612
47.75		0.076612
47.875		0.076612
48		0.076612
48.125		0.0778594
48.25		0.0778594
48.375		0.0778594
48.5		0.0778594
48.625		0.0778594
48.75		0.0778594
48.875		0.0778594
49		0.0778594
49.125		0.0805696
49.25		0.0805696
49.375		0.0805696
49.5		0.0805696
49.625		0.0805696
49.75		0.0805696
49.875		0.0805696
50		0.0805696
50.125		0.0811511
50.25		0.0811511
50.375		0.0811511
50.5		0.0811511
50.625		0.0811511
50.75		0.0811511
50.875		0.0811511
51		0.0811511
51.125		0.0866419
51.25		0.0866419
51.375		0.0866419
51.5		0.0866419
51.625		0.0866419
51.75		0.0866419
51.875		0.0866419
52		0.0866419
52.125		0.086988
52.25		0.086988
52.375		0.086988
52.5		0.086988
52.625		0.086988
52.75		0.086988
52.875		0.086988
53		0.086988
53.125		0.0890021
53.25		0.0890021
53.375		0.0890021
53.5		0.0890021
53.625		0.0890021
53.75		0.0890021
53.875		0.0890021
54		0.0890021
54.125		0.0935311
54.25		0.0935311
54.375		0.0935311
54.5		0.0935311
54.625		0.0935311
54.75		0.0935311
54.875		0.0935311
55		0.0935311
55.125		0.0936941
55.25		0.0936941
55.375		0.0936941
55.5		0.0936941
55.625		0.0936941
55.75		0.0936941
55.875		0.0936941
56		0.0936941
56.125		0.094004
56.25		0.094004
56.375		0.094004
56.5		0.094004
56.625		0.094004
56.75		0.094004
56.875		0.094004
57		0.094004
57.125		0.0957122
57.25		0.0957122
57.375		0.0957122
57.5		0.0957122
57.625		0.0957122
57.75		0.0957122
57.875		0.0957122
58		0.0957122
58.125		0.102424
58.25		0.102424
58.375		0.102424
58.5		0.102424
58.625		0.102424
58.75		0.102424
58.875		0.102424
59		0.102424
59.125		0.103629
59.25		0.103629
59.375		0.103629
59.5		0.103629
59.625		0.103629
59.75		0.103629
59.875		0.103629
60		0.103629
60.125		0.10545
60.25		0.10545
60.375		0.10545
60.5		0.10545
60.625		0.10545
60.75		0.10545
60.875		0.10545
61		0.10545
61.125		0.107106
61.25		0.107106
61.375		0.107106
61.5		0.107106
61.625		0.107106
61.75		0.107106
61.875		0.107106
62		0.107106
62.125		0.110082
62.25		0.110082
62.375		0.110082
62.5		0.110082
62.625		0.110082
62.75		0.110082
62.875		0.110082
63		0.110082
63.125		0.110688
63.25		0.110688
63.375		0.110688
63.5		0.110688
63.625		0.110688
63.75		0.110688
63.875		0.110688
64		0.110688
64.125		0.113356
64.25		0.113356
64.375		0.113356
64.5		0.113356
64.625		0.113356
64.75		0.113356
64.875		0.113356
65		0.113356
65.125		0.114072
65.25		0.114072
65.375		0.114072
65.5		0.114072
65.625		0.114072
65.75		0.114072
65.875		0.114072
66		0.114072
66.125		0.119545
66.25		0.119545
66.375		0.119545
66.5		0.119545
66.625		0.119545
66.75		0.119545
66.875		0.119545
67		0.119545
67.125		0.119758
67.25		0.119758
67.375		0.119758
67.5		0.119758
67.625		0.119758
67.75		0.119758
67.875		0.119758
68		0.119758
68.125		0.120044
68.25		0.120044
68.375		0.120044
68.5		0.120044
68.625		0.120044
68.75		0.120044
68.875		0.120044
69		0.120044
69.125		0.122794
69.25		0.122794
69.375		0.122794
69.5		0.122794
69.625		0.122794
69.75		0.122794
69.875		0.122794
70		0.122794
70.125		0.125613
70.25		0.125613
70.375		0.125613
70.5		0.125613
70.625		0.125613
70.75		0.125613
70.875		0.125613
71		0.125613
71.125		0.129633
71.25		0.129633
71.375		0.129633
71.5		0.129633
71.625		0.129633
71.75		0.129633
71.875		0.129633
72		0.129633
72.125		0.129951
72.25		0.129951
72.375		0.129951
72.5		0.129951
72.625		0.129951
72.75		0.129951
72.875		0.129951
73		0.129951
73.125		0.130082
73.25		0.130082
73.375		0.130082
73.5		0.130082
73.625		0.130082
73.75		0.130082
73.875		0.130082
74		0.130082
74.125		0.134116
74.25		0.134116
74.375		0.134116
74.5		0.134116
74.625		0.134116
74.75		0.134116
74.875		0.134116
75		0.134116
75.125		0.135609
75.25		0.135609
75.375		0.135609
75.5		0.135609
75.625		0.135609
75.75		0.135609
75.875		0.135609
76		0.135609
76.125		0.139184
76.25		0.139184
76.375		0.139184
76.5		0.139184
76.625		0.139184
76.75		0.139184
76.875		0.139184
77		0.139184
77.125		0.141715
77.25		0.141715
77.375		0.141715
77.5		0.141715
77.625		0.141715
77.75		0.141715
77.875		0.141715
78		0.141715
78.125		0.141995
78.25		0.141995
78.375		0.141995
78.5		0.141995
78.625		0.141995
78.75		0.141995
78.875		0.141995
79		0.141995
79.125		0.14352
79.25		0.14352
79.375		0.14352
79.5		0.14352
79.625		0.14352
79.75		0.14352
79.875		0.14352
80		0.14352
80.125		0.147538
80.25		0.147538
80.375		0.147538
80.5		0.147538
80.625		0.147538
80.75		0.147538
80.875		0.147538
81		0.147538
81.125		0.148814
81.25		0.148814
81.375		0.148814
81.5		0.148814
81.625		0.148814
81.75		0.148814
81.875		0.148814
82		0.148814
82.125		0.149093
82.25		0.149093
82.375		0.149093
82.5		0.149093
82.625		0.149093
82.75		0.149093
82.875		0.149093
83		0.149093
83.125		0.152522
83.25		0.152522
83.375		0.152522
83.5		0.152522
83.625		0.152522
83.75		0.152522
83.875		0.152522
84		0.152522
84.125		0.157916
84.25		0.157916
84.375		0.157916
84.5		0.157916
84.625		0.157916
84.75		0.157916
84.875		0.157916
85		0.157916
85.125		0.158161
85.25		0.158161
85.375		0.158161
85.5		0.158161
85.625		0.158161
85.75		0.158161
85.875		0.158161
86		0.158161
86.125		0.159431
86.25		0.159431
86.375		0.159431
86.5		0.159431
86.625		0.159431
86.75		0.159431
86.875		0.159431
87		0.159431
87.125		0.160765
87.25		0.160765
87.375		0.160765
87.5		0.160765
87.625		0.160765
87.75		0.160765
87.875		0.160765
88		0.160765
88.125		0.164604
88.25		0.164604
88.375		0.164604
88.5		0.164604
88.625		0.164604
88.75		0.164604
88.875		0.164604
89		0.164604
89.125		0.165196
89.25		0.165196
89.375		0.165196
89.5		0.165196
89.625		0.165196
89.75		0.165196
89.875		0.165196
90		0.165196
90.125		0.168123
90.25		0.168123
90.375		0.168123
90.5		0.168123
90.625		0.168123
90.75		0.168123
90.875		0.168123
91		0.168123
91.125		0.169395
91.25		0.169395
91.375		0.169395
91.5		0.169395
91.625		0.169395
91.75		0.169395
91.875		0.169395
92		0.169395
92.125		0.17365
92.25		0.17365
92.375		0.17365
92.5		0.17365
92.625		0.17365
92.75		0.17365
92.875		0.17365
93		0.17365
93.125		0.174465
93.25		0.174465
93.375		0.174465
93.5		0.174465
93.625		0.174465
93.75		0.174465
93.875		0.174465
94		0.174465
94.125		0.176236
94.25		0.176236
94.375		0.176236
94.5		0.176236
94.625		0.176236
94.75		0.176236
94.875		0.176236
95		0.176236
95.125		0.176795
95.25		0.176795
95.375		0.176795
95.5		0.176795
95.625		0.176795
95.75		0.176795
95.875		0.176795
96		0.176795
96.125		0.183923
96.25		0.183923
96.375		0.183923
96.5		0.183923
96.625		0.183923
96.75		0.183923
96.875		0.183923
97		0.183923
97.125		0.184227
97.25		0.184227
97.375		0.184227
97.5		0.184227
97.625		0.184227
97.75		0.184227
97.875		0.184227
98		0.184227
98.125		0.184616
98.25		0.184616
98.375		0.184616
98.5		0.184616
98.625		0.184616
98.75		0.184616
98.875		0.184616
99		0.184616
99.125		0.188815
99.25		0.188815
99.375		0.188815
99.5		0.188815
99.625		0.188815
99.75		0.188815
99.875		0.188815
100		0.188815
100.125		0.189451
100.25		0.189451
100.375		0.189451
100.5		0.189451
100.625		0.189451
100.75		0.189451
100.875		0.189451
101		0.189451
101.125		0.193157
101.25		0.193157
101.375		0.193157
101.5		0.193157
101.625		0.193157
101.75		0.193157
101.875		0.193157
102		0.193157
102.125		0.193374
102.25		0.193374
102.375		0.193374
102.5		0.193374
102.625		0.193374
102.75		0.193374
102.875		0.193374
103		0.193374
103.125		0.19611
103.25		0.19611
103.375		0.19611
103.5		0.19611
103.625		0.19611
103.75		0.19611
103.875		0.19611
104		0.19611
104.125		0.199295
104.25		0.199295
104.375		0.199295
104.5		0.199295
104.625		0.199295
104.75		0.199295
104.875		0.199295
105		0.199295
105.125		0.200786
105.25		0.200786
105.375		0.200786
105.5		0.200786
105.625		0.200786
105.75		0.200786
105.875		0.200786
106		0.200786
106.125		0.202334
106.25		0.202334
106.375		0.202334
106.5		0.202334
106.625		0.202334
106.75		0.202334
106.875		0.202334
107		0.202334
107.125		0.203599
107.25		0.203599
107.375		0.203599
107.5		0.203599
107.625		0.203599
107.75		0.203599
107.875		0.203599
108		0.203599
108.125		0.207498
108.25		0.207498
108.375		0.207498
108.5		0.207498
108.625		0.207498
108.75		0.207498
108.875		0.207498
109		0.207498
109.125		0.209235
109.25		0.209235
109.375		0.209235
109.5		0.209235
109.625		0.209235
109.75		0.209235
109.875		0.209235
110		0.209235
110.125		0.212661
110.25		0.212661
110.375		0.212661
110.5		0.212661
110.625		0.212661
110.75		0.212661
110.875		0.212661
111		0.212661
111.125		0.213943
111.25		0.213943
111.375		0.213943
111.5		0.213943
111.625		0.213943
111.75		0.213943
111.875		0.213943
112		0.213943
112.125		0.214498
112.25		0.214498
112.375		0.214498
112.5		0.214498
112.625		0.214498
112.75		0.214498
112.875		0.214498
113		0.214498
113.125		0.218136
113.25		0.218136
113.375		0.218136
113.5		0.218136
113.625		0.218136
113.75		0.218136
113.875		0.218136
114		0.218136
114.125		0.221518
114.25		0.221518
114.375		0.221518
114.5		0.221518
114.625		0.221518
114.75		0.221518
114.875		0.221518
115		0.221518
115.125		0.222792
115.25		0.222792
115.375		0.222792
115.5		0.222792
115.625		0.222792
115.75		0.222792
115.875		0.222792
116		0.222792
116.125		0.224685
116.25		0.224685
116.375		0.224685
116.5		0.224685
116.625		0.224685
116.75		0.224685
116.875		0.224685
117		0.224685
117.125		0.2269
117.25		0.2269
117.375		0.2269
117.5		0.2269
117.625		0.2269
117.75		0.2269
117.875		0.2269
118		0.2269
118.125		0.228029
118.25		0.228029
118.375		0.228029
118.5		0.228029
118.625		0.228029
118.75		0.228029
118.875		0.228029
119		0.228029
119.125		0.232118
119.25		0.232118
119.375		0.232118
119.5		0.232118
119.625		0.232118
119.75		0.232118
119.875		0.232118
120		0.232118
120.125		0.233623
120.25		0.233623
120.375		0.233623
120.5		0.233623
120.625		0.233623
120.75		0.233623
120.875		0.233623
121		0.233623
121.125		0.234049
121.25		0.234049
121.375		0.234049
121.5		0.234049
121.625		0.234049
121.75		0.234049
121.875		0.234049
122		0.234049
122.125		0.237427
122.25		0.237427
122.375		0.237427
122.5		0.237427
122.625		0.237427
122.75		0.237427
122.875		0.237427
123		0.237427
123.125		0.237612
123.25		0.237612
123.375		0.237612
123.5		0.237612
123.625		0.237612
123.75		0.237612
123.875		0.237612
124		0.237612
124.125		0.240284
124.25		0.240284
124.375		0.240284
124.5		0.240284
124.625		0.240284
124.75		0.240284
124.875		0.240284
125		0.240284
125.125		0.243473
125.25		0.243473
125.375		0.243473
125.5		0.243473
125.625		0.243473
125.75		0.243473
125.875		0.243473
126		0.243473
126.125		0.245524
126.25		0.245524
126.375		0.245524
126.5		0.245524
126.625		0.245524
126.75		0.245524
126.875		0.245524
127		0.245524
127.125		0.248648
127.25		0.248648
127.375		0.248648
127.5		0.248648
127.625		0.248648
127.75		0.248648
127.875		0.248648
128		0.248648
128.125		0.250041
128.25		0.250041
128.375		0.250041
128.5		0.250041
128.625		0.250041
128.75		0.250041
128.875		0.250041
129		0.250041
129.125		0.251942
129.25		0.251942
129.375		0.251942
129.5		0.251942
129.625		0.251942
129.75		0.251942
129.875		0.251942
130		0.251942
130.125		0.255375
130.25		0.255375
130.375		0.255375
130.5		0.255375
130.625		0.255375
130.75		0.255375
130.875		0.255375
131		0.255375
131.125		0.257143
131.25		0.257143
131.375		0.257143
131.5		0.257143
131.625		0.257143
131.75		0.257143
131.875		0.257143
132		0.257143
132.125		0.258701
132.25		0.258701
132.375		0.258701
132.5		0.258701
132.625		0.258701
132.75		0.258701
132.875		0.258701
133		0.258701
133.125		0.260439
133.25		0.260439
133.375		0.260439
133.5		0.260439
133.625		0.260439
133.75		0.260439
133.875		0.260439
134		0.260439
134.125		0.262288
134.25		0.262288
134.375		0.262288
134.5		0.262288
134.625		0.262288
134.75		0.262288
134.875		0.262288
135		0.262288
135.125		0.266107
135.25		0.266107
135.375		0.266107
135.5		0.266107
135.625		0.266107
135.75		0.266107
135.875		0.266107
136		0.266107
136.125		0.269336
136.25		0.269336
136.375		0.269336
136.5		0.269336
136.625		0.269336
136.75		0.269336
136.875		0.269336
137		0.269336
137.125		0.269511
137.25		0.269511
137.375		0.269511
137.5		0.269511
137.625		0.269511
137.75		0.269511
137.875		0.269511
138		0.269511
138.125		0.272018
138.25		0.272018
138.375		0.272018
138.5		0.272018
138.625		0.272018
138.75		0.272018
138.875		0.272018
139		0.272018
139.125		0.272608
139.25		0.272608
139.375		0.272608
139.5		0.272608
139.625		0.272608
139.75		0.272608
139.875		0.272608
140		0.272608
140.125		0.278736
140.25		0.278736
140.375		0.278736
140.5		0.278736
140.625		0.278736
140.75		0.278736
140.875		0.278736
141		0.278736
141.125		0.279209
141.25		0.279209
141.375		0.279209
141.5		0.279209
141.625		0.279209
141.75		0.279209
141.875		0.279209
142		0.279209
142.125		0.280996
142.25		0.280996
142.375		0.280996
142.5		0.280996
142.625		0.280996
142.75		0.280996
142.875		0.280996
143		0.280996
143.125		0.283772
143.25		0.283772
143.375		0.283772
143.5		0.283772
143.625		0.283772
143.75		0.283772
143.875		0.283772
144		0.283772
144.125		0.28747
144.25		0.28747
144.375		0.28747
144.5		0.28747
144.625		0.28747
144.75		0.28747
144.875		0.28747
145		0.28747
145.125		0.287788
145.25		0.287788
145.375		0.287788
145.5		0.287788
145.625		0.287788
145.75		0.287788
145.875		0.287788
146		0.287788
146.125		0.289416
146.25		0.289416
146.375		0.289416
146.5		0.289416
146.625		0.289416
146.75		0.289416
146.875		0.289416
147		0.289416
147.125		0.291233
147.25		0.291233
147.375		0.291233
147.5		0.291233
147.625		0.291233
147.75		0.291233
147.875		0.291233
148		0.291233
148.125		0.295319
148.25		0.295319
148.375		0.295319
148.5		0.295319
148.625		0.295319
148.75		0.295319
148.875		0.295319
149		0.295319
149.125		0.295784
149.25		0.295784
149.375		0.295784
149.5		0.295784
149.625		0.295784
149.75		0.295784
149.875		0.295784
150		0.295784
150.125		0.298251
150.25		0.298251
150.375		0.298251
150.5		0.298251
150.625		0.298251
150.75		0.298251
150.875		0.298251
151		0.298251
151.125		0.298468
151.25		0.298468
151.375		0.298468
151.5		0.298468
151.625		0.298468
151.75		0.298468
151.875		0.298468
152		0.298468
152.125		0.302496
152.25		0.302496
152.375		0.302496
152.5		0.302496
152.625		0.302496
152.75		0.302496
152.875		0.302496
153		0.302496
153.125		0.304555
153.25		0.304555
153.375		0.304555
153.5		0.304555
153.625		0.304555
153.75		0.304555
153.875		0.304555
154		0.304555
154.125		0.304736
154.25		0.304736
154.375		0.304736
154.5		0.304736
154.625		0.304736
154.75		0.304736
154.875		0.304736
155		0.304736
155.125		0.308516
155.25		0.308516
155.375		0.308516
155.5		0.308516
155.625		0.308516
155.75		0.308516
155.875		0.308516
156		0.308516
156.125		0.314363
156.25		0.314363
156.375		0.314363
156.5		0.314363
156.625		0.314363
156.75		0.314363
156.875		0.314363
157		0.314363
157.125		0.314621
157.25		0.314621
157.375		0.314621
157.5		0.314621
157.625		0.314621
157.75		0.314621
157.875		0.314621
158		0.314621
158.125		0.314804
158.25		0.314804
158.375		0.314804
158.5		0.314804
158.625		0.314804
158.75		0.314804
158.875		0.314804
159		0.314804
159.125		0.315339
159.25		0.315339
159.375		0.315339
159.5		0.315339
159.625		0.315339
159.75		0.315339
159.875		0.315339
160		0.315339
160.125		0.318257
160.25		0.318257
160.375		0.318257
160.5		0.318257
160.625		0.318257
160.75		0.318257
160.875		0.318257
161		0.318257
161.125		0.32321
161.25		0.32321
161.375		0.32321
161.5		0.32321
161.625		0.32321
161.75		0.32321
161.875		0.32321
162		0.32321
162.125		0.324584
162.25		0.324584
162.375		0.324584
162.5		0.324584
162.625		0.324584
162.75		0.324584
162.875		0.324584
163		0.324584
163.125		0.327341
163.25		0.327341
163.375		0.327341
163.5		0.327341
163.625		0.327341
163.75		0.327341
163.875		0.327341
164		0.327341
164.125		0.327546
164.25		0.327546
164.375		0.327546
164.5		0.327546
164.625		0.327546
164.75		0.327546
164.875		0.327546
165		0.327546
165.125		0.331335
165.25		0.331335
165.375		0.331335
165.5		0.331335
165.625		0.331335
165.75		0.331335
165.875		0.331335
166		0.331335
166.125		0.333972
166.25		0.333972
166.375		0.333972
166.5		0.333972
166.625		0.333972
166.75		0.333972
166.875		0.333972
167		0.333972
167.125		0.336075
167.25		0.336075
167.375		0.336075
167.5		0.336075
167.625		0.336075
167.75		0.336075
167.875		0.336075
168		0.336075
168.125		0.337463
168.25		0.337463
168.375		0.337463
168.5		0.337463
168.625		0.337463
168.75		0.337463
168.875		0.337463
169		0.337463
169.125		0.338113
169.25		0.338113
169.375		0.338113
169.5		0.338113
169.625		0.338113
169.75		0.338113
169.875		0.338113
170		0.338113
170.125		0.339952
170.25		0.339952
170.375		0.339952
170.5		0.339952
170.625		0.339952
170.75		0.339952
170.875		0.339952
171		0.339952
171.125		0.340799
171.25		0.340799
171.375		0.340799
171.5		0.340799
171.625		0.340799
171.75		0.340799
171.875		0.340799
172		0.340799
172.125		0.345099
172.25		0.345099
172.375		0.345099
172.5		0.345099
172.625		0.345099
172.75		0.345099
172.875		0.345099
173		0.345099
173.125		0.348344
173.25		0.348344
173.375		0.348344
173.5		0.348344
173.625		0.348344
173.75		0.348344
173.875		0.348344
174		0.348344
174.125		0.351717
174.25		0.351717
174.375		0.351717
174.5		0.351717
174.625		0.351717
174.75		0.351717
174.875		0.351717
175		0.351717
175.125		0.352678
175.25		0.352678
175.375		0.352678
175.5		0.352678
175.625		0.352678
175.75		0.352678
175.875		0.352678
176		0.352678
176.125		0.35328
176.25		0.35328
176.375		0.35328
176.5		0.35328
176.625		0.35328
176.75		0.35328
176.875		0.35328
177		0.35328
177.125		0.354672
177.25		0.354672
177.375		0.354672
177.5		0.354672
177.625		0.354672
177.75		0.354672
177.875		0.354672
178		0.354672
178.125		0.359986
178.25		0.359986
178.375		0.359986
178.5		0.359986
178.625		0.359986
178.75		0.359986
178.875		0.359986
179		0.359986
179.125		0.360499
179.25		0.360499
179.375		0.360499
179.5		0.360499
179.625		0.360499
179.75		0.360499
179.875		0.360499
180		0.360499
180.125		0.360841
180.25		0.360841
180.375		0.360841
180.5		0.360841
180.625		0.360841
180.75		0.360841
180.875		0.360841
181		0.360841
181.125		0.364113
181.25		0.364113
181.375		0.364113
181.5		0.364113
181.625		0.364113
181.75		0.364113
181.875		0.364113
182		0.364113
182.125		0.365754
182.25		0.365754
182.375		0.365754
182.5		0.365754
182.625		0.365754
182.75		0.365754
182.875		0.365754
183		0.365754
183.125		0.369948
183.25		0.369948
183.375		0.369948
183.5		0.369948
183.625		0.369948
183.75		0.369948
183.875		0.369948
184		0.369948
184.125		0.371275
184.25		0.371275
184.375		0.371275
184.5		0.371275
184.625		0.371275
184.75		0.371275
184.875		0.371275
185		0.371275
185.125		0.371523
185.25		0.371523
185.375		0.371523
185.5		0.371523
185.625		0.371523
185.75		0.371523
185.875		0.371523
186		0.371523
186.125		0.371754
186.25		0.371754
186.375		0.371754
186.5		0.371754
186.625		0.371754
186.75		0.371754
186.875		0.371754
187		0.371754
187.125		0.377744
187.25		0.377744
187.375		0.377744
187.5		0.377744
187.625		0.377744
187.75		0.377744
187.875		0.377744
188		0.377744
188.125		0.378627
188.25		0.378627
188.375		0.378627
188.5		0.378627
188.625		0.378627
188.75		0.378627
188.875		0.378627
189		0.378627
189.125		0.381631
189.25		0.381631
189.375		0.381631
189.5		0.381631
189.625		0.381631
189.75		0.381631
189.875		0.381631
190		0.381631
190.125		0.38234
190.25		0.38234
190.375		0.38234
190.5		0.38234
190.625		0.38234
190.75		0.38234
190.875		0.38234
191		0.38234
191.125		0.384448
191.25		0.384448
191.375		0.384448
191.5		0.384448
191.625		0.384448
191.75		0.384448
191.875		0.384448
192		0.384448
192.125		0.3898
192.25		0.3898
192.375		0.3898
192.5		0.3898
192.625		0.3898
192.75		0.3898
192.875		0.3898
193		0.3898
193.125		0.390034
193.25		0.390034
193.375		0.390034
193.5		0.390034
193.625		0.390034
193.75		0.390034
193.875		0.390034
194		0.390034
194.125		0.390404
194.25		0.390404
194.375		0.390404
194.5		0.390404
194.625		0.390404
194.75		0.390404
194.875		0.390404
195		0.390404
195.125		0.393414
195.25		0.393414
195.375		0.393414
195.5		0.393414
195.625		0.393414
195.75		0.393414
195.875		0.393414
196		0.393414
196.125		0.398814
196.25		0.398814
196.375		0.398814
196.5		0.398814
196.625		0.398814
196.75		0.398814
196.875		0.398814
197		0.398814
197.125		0.399878
197.25		0.399878
197.375		0.399878
197.5		0.399878
197.625		0.399878
197.75		0.399878
197.875		0.399878
198		0.399878
198.125		0.402132
198.25		0.402132
198.375		0.402132
198.5		0.402132
198.625		0.402132
198.75		0.402132
198.875		0.402132
199		0.402132
199.125		0.40255
199.25		0.40255
199.375		0.40255
199.5		0.40255
199.625		0.40255
199.75		0.40255
199.875		0.40255
200		0.40255
200.125		0.405408
200.25		0.405408
200.375		0.405408
200.5		0.405408
200.625		0.405408
200.75		0.405408
200.875		0.405408
201		0.405408
201.125		0.40787
201.25		0.40787
201.375		0.40787
201.5		0.40787
201.625		0.40787
201.75		0.40787
201.875		0.40787
202		0.40787
202.125		0.409637
202.25		0.409637
202.375		0.409637
202.5		0.409637
202.625		0.409637
202.75		0.409637
202.875		0.409637
203		0.409637
203.125		0.41022
203.25		0.41022
203.375		0.41022
203.5		0.41022
203.625		0.41022
203.75		0.41022
203.875		0.41022
204		0.41022
204.125		0.415552
204.25		0.415552
204.375		0.415552
204.5		0.415552
204.625		0.415552
204.75		0.415552
204.875		0.415552
205		0.415552
205.125		0.416566
205.25		0.416566
205.375		0.416566
205.5		0.416566
205.625		0.416566
205.75		0.416566
205.875		0.416566
206		0.416566
206.125		0.417303
206.25		0.417303
206.375		0.417303
206.5		0.417303
206.625		0.417303
206.75		0.417303
206.875		0.417303
207		0.417303
207.125		0.419293
207.25		0.419293
207.375		0.419293
207.5		0.419293
207.625		0.419293
207.75		0.419293
207.875		0.419293
208		0.419293
208.125		0.423111
208.25		0.423111
208.375		0.423111
208.5		0.423111
208.625		0.423111
208.75		0.423111
208.875		0.423111
209		0.423111
209.125		0.426461
209.25		0.426461
209.375		0.426461
209.5		0.426461
209.625		0.426461
209.75		0.426461
209.875		0.426461
210		0.426461
210.125		0.426985
210.25		0.426985
210.375		0.426985
210.5		0.426985
210.625		0.426985
210.75		0.426985
210.875		0.426985
211		0.426985
211.125		0.427369
211.25		0.427369
211.375		0.427369
211.5		0.427369
211.625		0.427369
211.75		0.427369
211.875		0.427369
212		0.427369
212.125		0.432184
212.25		0.432184
212.375		0.432184
212.5		0.432184
212.625		0.432184
212.75		0.432184
212.875		0.432184
213		0.432184
213.125		0.433614
213.25		0.433614
213.375		0.433614
213.5		0.433614
213.625		0.433614
213.75		0.433614
213.875		0.433614
214		0.433614
214.125		0.434622
214.25		0.434622
214.375		0.434622
214.5		0.434622
214.625		0.434622
214.75		0.434622
214.875		0.434622
215		0.434622
215.125		0.438342
215.25		0.438342
215.375		0.438342
215.5		0.438342
215.625		0.438342
215.75		0.438342
215.875		0.438342
216		0.438342
216.125		0.438912
216.25		0.438912
216.375		0.438912
216.5		0.438912
216.625		0.438912
216.75		0.438912
216.875		0.438912
217		0.438912
217.125		0.443121
217.25		0.443121
217.375		0.443121
217.5		0.443121
217.625		0.443121
217.75		0.443121
217.875		0.443121
218		0.443121
218.125		0.444908
218.25		0.444908
218.375		0.444908
218.5		0.444908
218.625		0.444908
218.75		0.444908
218.875		0.444908
219		0.444908
219.125		0.446827
219.25		0.446827
219.375		0.446827
219.5		0.446827
219.625		0.446827
219.75		0.446827
219.875		0.446827
220		0.446827
220.125		0.447034
220.25		0.447034
220.375		0.447034
220.5		0.447034
220.625		0.447034
220.75		0.447034
220.875		0.447034
221		0.447034
221.125		0.447634
221.25		0.447634
221.375		0.447634
221.5		0.447634
221.625		0.447634
221.75		0.447634
221.875		0.447634
222		0.447634
222.125		0.45605
222.25		0.45605
222.375		0.45605
222.5		0.45605
222.625		0.45605
222.75		0.45605
222.875		0.45605
223		0.45605
223.125		0.45634
223.25		0.45634
223.375		0.45634
223.5		0.45634
223.625		0.45634
223.75		0.45634
223.875		0.45634
224		0.45634
224.125		0.457511
224.25		0.457511
224.375		0.457511
224.5		0.457511
224.625		0.457511
224.75		0.457511
224.875		0.457511
225		0.457511
225.125		0.459422
225.25		0.459422
225.375		0.459422
225.5		0.459422
225.625		0.459422
225.75		0.459422
225.875		0.459422
226		0.459422
226.125		0.464267
226.25		0.464267
226.375		0.464267
226.5		0.464267
226.625		0.464267
226.75		0.464267
226.875		0.464267
227		0.464267
227.125		0.464509
227.25		0.464509
227.375		0.464509
227.5		0.464509
227.625		0.464509
227.75		0.464509
227.875		0.464509
228		0.464509
228.125		0.466807
228.25		0.466807
228.375		0.466807
228.5		0.466807
228.625		0.466807
228.75		0.466807
228.875		0.466807
229		0.466807
229.125		0.467185
229.25		0.467185
229.375		0.467185
229.5		0.467185
229.625		0.467185
229.75		0.467185
229.875		0.467185
230		0.467185
230.125		0.470483
230.25		0.470483
230.375		0.470483
230.5		0.470483
230.625		0.470483
230.75		0.470483
230.875		0.470483
231		0.470483
231.125		0.472239
231.25		0.472239
231.375		0.472239
231.5		0.472239
231.625		0.472239
231.75		0.472239
231.875		0.472239
232		0.472239
232.125		0.476967
232.25		0.476967
232.375		0.476967
232.5		0.476967
232.625		0.476967
232.75		0.476967
232.875		0.476967
233		0.476967
233.125		0.477162
233.25		0.477162
233.375		0.477162
233.5		0.477162
233.625		0.477162
233.75		0.477162
233.875		0.477162
234		0.477162
234.125		0.477263
234.25		0.477263
234.375		0.477263
234.5		0.477263
234.625		0.477263
234.75		0.477263
234.875		0.477263
235		0.477263
235.125		0.480985
235.25		0.480985
235.375		0.480985
235.5		0.480985
235.625		0.480985
235.75		0.480985
235.875		0.480985
236		0.480985
236.125		0.48179
236.25		0.48179
236.375		0.48179
236.5		0.48179
236.625		0.48179
236.75		0.48179
236.875		0.48179
237		0.48179
237.125		0.483981
237.25		0.483981
237.375		0.483981
237.5		0.483981
237.625		0.483981
237.75		0.483981
237.875		0.483981
238		0.483981
238.125		0.487543
238.25		0.487543
238.375		0.487543
238.5		0.487543
238.625		0.487543
238.75		0.487543
238.875		0.487543
239		0.487543
239.125		0.488478
239.25		0.488478
239.375		0.488478
239.5		0.488478
239.625		0.488478
239.75		0.488478
239.875		0.488478
240		0.488478
240.125		0.491351
240.25		0.491351
240.375		0.491351
240.5		0.491351
240.625		0.491351
240.75		0.491351
240.875		0.491351
241		0.491351
241.125		0.493856
241.25		0.493856
241.375		0.493856
241.5		0.493856
241.625		0.493856
241.75		0.493856
241.875		0.493856
242		0.493856
242.125		0.49485
242.25		0.49485
242.375		0.49485
242.5		0.49485
242.625		0.49485
242.75		0.49485
242.875		0.49485
243		0.49485
243.125		0.498868
243.25		0.498868
243.375		0.498868
243.5		0.498868
243.625		0.498868
243.75		0.498868
243.875		0.498868
244		0.498868
244.125		0.499146
244.25		0.499146
244.375		0.499146
244.5		0.499146
244.625		0.499146
244.75		0.499146
244.875		0.499146
245		0.499146
245.125		0.502786
245.25		0.502786
245.375		0.502786
245.5		0.502786
245.625		0.502786
245.75		0.502786
245.875		0.502786
246		0.502786
246.125		0.50459
246.25		0.50459
246.375		0.50459
246.5		0.50459
246.625		0.50459
246.75		0.50459
246.875		0.50459
247		0.50459
247.125		0.505144
247.25		0.505144
247.375		0.505144
247.5		0.505144
247.625		0.505144
247.75		0.505144
247.875		0.505144
248		0.505144
248.125		0.50981
248.25		0.50981
248.375		0.50981
248.5		0.50981
248.625		0.50981
248.75		0.50981
248.875		0.50981
249		0.50981
249.125		0.510262
249.25		0.510262
249.375		0.510262
249.5		0.510262
249.625		0.510262
249.75		0.510262
249.875		0.510262
250		0.510262
250.125		0.510608
250.25		0.510608
250.375		0.510608
250.5		0.510608
250.625		0.510608
250.75		0.510608
250.875		0.510608
251		0.510608
251.125		0.515033
251.25		0.515033
251.375		0.515033
251.5		0.515033
251.625		0.515033
251.75		0.515033
251.875		0.515033
252		0.515033
252.125		0.517178
252.25		0.517178
252.375		0.517178
252.5		0.517178
252.625		0.517178
252.75		0.517178
252.875		0.517178
253		0.517178
253.125		0.517828
253.25		0.517828
253.375		0.517828
253.5		0.517828
253.625		0.517828
253.75		0.517828
253.875		0.517828
254		0.517828
254.125		0.52156
254.25		0.52156
254.375		0.52156
254.5		0.52156
254.625		0.52156
254.75		0.52156
254.875		0.52156
255		0.52156
255.125		0.523137
255.25		0.523137
255.375		0.523137
255.5		0.523137
255.625		0.523137
255.75		0.523137
255.875		0.523137
256		0.523137
256.125		0.527371
256.25		0.527371
256.375		0.527371
256.5		0.527371
256.625		0.527371
256.75		0.527371
256.875		0.527371
257		0.527371
257.125		0.528006
257.25		0.528006
257.375		0.528006
257.5		0.528006
257.625		0.528006
257.75		0.528006
257.875		0.528006
258		0.528006
258.125		0.529632
258.25		0.529632
258.375		0.529632
258.5		0.529632
258.625		0.529632
258.75		0.529632
258.875		0.529632
259		0.529632
259.125		0.530286
259.25		0.530286
259.375		0.530286
259.5		0.530286
259.625		0.530286
259.75		0.530286
259.875		0.530286
260		0.530286
260.125		0.536077
260.25		0.536077
260.375		0.536077
260.5		0.536077
260.625		0.536077
260.75		0.536077
260.875		0.536077
261		0.536077
261.125		0.536785
261.25		0.536785
261.375		0.536785
261.5		0.536785
261.625		0.536785
261.75		0.536785
261.875		0.536785
262		0.536785
262.125		0.53832
262.25		0.53832
262.375		0.53832
262.5		0.53832
262.625		0.53832
262.75		0.53832
262.875		0.53832
263		0.53832
263.125		0.539125
263.25		0.539125
263.375		0.539125
263.5		0.539125
263.625		0.539125
263.75		0.539125
263.875		0.539125
264		0.539125
264.125		0.541624
264.25		0.541624
264.375		0.541624
264.5		0.541624
264.625		0.541624
264.75		0.541624
264.875		0.541624
265		0.541624
265.125		0.545479
265.25		0.545479
265.375		0.545479
265.5		0.545479
265.625		0.545479
265.75		0.545479
265.875		0.545479
266		0.545479
266.125		0.546036
266.25		0.546036
266.375		0.546036
266.5		0.546036
266.625		0.546036
266.75		0.546036
266.875		0.546036
267		0.546036
267.125		0.548855
267.25		0.548855
267.375		0.548855
267.5		0.548855
267.625		0.548855
267.75		0.548855
267.875		0.548855
268		0.548855
268.125		0.550404
268.25		0.550404
268.375		0.550404
268.5		0.550404
268.625		0.550404
268.75		0.550404
268.875		0.550404
269		0.550404
269.125		0.554322
269.25		0.554322
269.375		0.554322
269.5		0.554322
269.625		0.554322
269.75		0.554322
269.875		0.554322
270		0.554322
270.125		0.556837
270.25		0.556837
270.375		0.556837
270.5		0.556837
270.625		0.556837
270.75		0.556837
270.875		0.556837
271		0.556837
271.125		0.557028
271.25		0.557028
271.375		0.557028
271.5		0.557028
271.625		0.557028
271.75		0.557028
271.875		0.557028
272		0.557028
272.125		0.559849
272.25		0.559849
272.375		0.559849
272.5		0.559849
272.625		0.559849
272.75		0.559849
272.875		0.559849
273		0.559849
273.125		0.561287
273.25		0.561287
273.375		0.561287
273.5		0.561287
273.625		0.561287
273.75		0.561287
273.875		0.561287
274		0.561287
274.125		0.565947
274.25		0.565947
274.375		0.565947
274.5		0.565947
274.625		0.565947
274.75		0.565947
274.875		0.565947
275		0.565947
275.125		0.566499
275.25		0.566499
275.375		0.566499
275.5		0.566499
275.625		0.566499
275.75		0.566499
275.875		0.566499
276		0.566499
276.125		0.566774
276.25		0.566774
276.375		0.566774
276.5		0.566774
276.625		0.566774
276.75		0.566774
276.875		0.566774
277		0.566774
277.125		0.571185
277.25		0.571185
277.375		0.571185
277.5		0.571185
277.625		0.571185
277.75		0.571185
277.875		0.571185
278		0.571185
278.125		0.574861
278.25		0.574861
278.375		0.574861
278.5		0.574861
278.625		0.574861
278.75		0.574861
278.875		0.574861
279		0.574861
279.125		0.575508
279.25		0.575508
279.375		0.575508
279.5		0.575508
279.625		0.575508
279.75		0.575508
279.875		0.575508
280		0.575508
280.125		0.577315
280.25		0.577315
280.375		0.577315
280.5		0.577315
280.625		0.577315
280.75		0.577315
280.875		0.577315
281		0.577315
281.125		0.578818
281.25		0.578818
281.375		0.578818
281.5		0.578818
281.625		0.578818
281.75		0.578818
281.875		0.578818
282		0.578818
282.125		0.584806
282.25		0.584806
282.375		0.584806
282.5		0.584806
282.625		0.584806
282.75		0.584806
282.875		0.584806
283		0.584806
283.125		0.586088
283.25		0.586088
283.375		0.586088
283.5		0.586088
283.625		0.586088
283.75		0.586088
283.875		0.586088
284		0.586088
284.125		0.589045
284.25		0.589045
284.375		0.589045
284.5		0.589045
284.625		0.589045
284.75		0.589045
284.875		0.589045
285		0.589045
285.125		0.592102
285.25		0.592102
285.375		0.592102
285.5		0.592102
285.625		0.592102
285.75		0.592102
285.875		0.592102
286		0.592102
286.125		0.592582
286.25		0.592582
286.375		0.592582
286.5		0.592582
286.625		0.592582
286.75		0.592582
286.875		0.592582
287		0.592582
287.125		0.594834
287.25		0.594834
287.375		0.594834
287.5		0.594834
287.625		0.594834
287.75		0.594834
287.875		0.594834
288		0.594834
288.125		0.597932
288.25		0.597932
288.375		0.597932
288.5		0.597932
288.625		0.597932
288.75		0.597932
288.875		0.597932
289		0.597932
289.125		0.60394
289.25		0.60394
289.375		0.60394
289.5		0.60394
289.625		0.60394
289.75		0.60394
289.875		0.60394
290		0.60394
290.125		0.603964
290.25		0.603964
290.375		0.603964
290.5		0.603964
290.625		0.603964
290.75		0.603964
290.875		0.603964
291		0.603964
291.125		0.604393
291.25		0.604393
291.375		0.604393
291.5		0.604393
291.625		0.604393
291.75		0.604393
291.875		0.604393
292		0.604393
292.125		0.60463
292.25		0.60463
292.375		0.60463
292.5		0.60463
292.625		0.60463
292.75		0.60463
292.875		0.60463
293		0.60463
293.125		0.606751
293.25		0.606751
293.375		0.606751
293.5		0.606751
293.625		0.606751
293.75		0.606751
293.875		0.606751
294		0.606751
294.125		0.610765
294.25		0.610765
294.375		0.610765
294.5		0.610765
294.625		0.610765
294.75		0.610765
294.875		0.610765
295		0.610765
295.125		0.614009
295.25		0.614009
295.375		0.614009
295.5		0.614009
295.625		0.614009
295.75		0.614009
295.875		0.614009
296		0.614009
296.125		0.614538
296.25		0.614538
296.375		0.614538
296.5		0.614538
296.625		0.614538
296.75		0.614538
296.875		0.614538
297		0.614538
297.125		0.615328
297.25		0.615328
297.375		0.615328
297.5		0.615328
297.625		0.615328
297.75		0.615328
297.875		0.615328
298		0.615328
298.125		0.619908
298.25		0.619908
298.375		0.619908
298.5		0.619908
298.625		0.619908
298.75		0.619908
298.875		0.619908
299		0.619908
299.125		0.622777
299.25		0.622777
299.375		0.622777
299.5		0.622777
299.625		0.622777
299.75		0.622777
299.875		0.622777
300		0.622777
300.125		0.623636
300.25		0.623636
300.375		0.623636
300.5		0.623636
300.625		0.623636
300.75		0.623636
300.875		0.623636
301		0.623636
301.125		0.624799
301.25		0.624799
301.375		0.624799
301.5		0.624799
301.625		0.624799
301.75		0.624799
301.875		0.624799
302		0.624799
302.125		0.627149
302.25		0.627149
302.375		0.627149
302.5		0.627149
302.625		0.627149
302.75		0.627149
302.875		0.627149
303		0.627149
303.125		0.631155
303.25		0.631155
303.375		0.631155
303.5		0.631155
303.625		0.631155
303.75		0.631155
303.875		0.631155
304		0.631155
304.125		0.632256
304.25		0.632256
304.375		0.632256
304.5		0.632256
304.625		0.632256
304.75		0.632256
304.875		0.632256
305		0.632256
305.125		0.634916
305.25		0.634916
305.375		0.634916
305.5		0.634916
305.625		0.634916
305.75		0.634916
305.875		0.634916
306		0.634916
306.125		0.638575
306.25		0.638575
306.375		0.638575
306.5		0.638575
306.625		0.638575
306.75		0.638575
306.875		0.638575
307		0.638575
307.125		0.640595
307.25		0.640595
307.375		0.640595
307.5		0.640595
307.625		0.640595
307.75		0.640595
307.875		0.640595
308		0.640595
308.125		0.643457
308.25		0.643457
308.375		0.643457
308.5		0.643457
308.625		0.643457
308.75		0.643457
308.875		0.643457
309		0.643457
309.125		0.648141
309.25		0.648141
309.375		0.648141
309.5		0.648141
309.625		0.648141
309.75		0.648141
309.875		0.648141
310		0.648141
310.125		0.64933
310.25		0.64933
310.375		0.64933
310.5		0.64933
310.625		0.64933
310.75		0.64933
310.875		0.64933
311		0.64933
311.125		0.652623
311.25		0.652623
311.375		0.652623
311.5		0.652623
311.625		0.652623
311.75		0.652623
311.875		0.652623
312		0.652623
312.125		0.654497
312.25		0.654497
312.375		0.654497
312.5		0.654497
312.625		0.654497
312.75		0.654497
312.875		0.654497
313		0.654497
313.125		0.658682
313.25		0.658682
313.375		0.658682
313.5		0.658682
313.625		0.658682
313.75		0.658682
313.875		0.658682
314		0.658682
314.125		0.659553
314.25		0.659553
314.375		0.659553
314.5		0.659553
314.625		0.659553
314.75		0.659553
314.875		0.659553
315		0.659553
315.125		0.66068
315.25		0.66068
315.375		0.66068
315.5		0.66068
315.625		0.66068
315.75		0.66068
315.875		0.66068
316		0.66068
316.125		0.665066
316.25		0.665066
316.375		0.665066
316.5		0.665066
316.625		0.665066
316.75		0.665066
316.875		0.665066
317		0.665066
317.125		0.665195
317.25		0.665195
317.375		0.665195
317.5		0.665195
317.625		0.665195
317.75		0.665195
317.875		0.665195
318		0.665195
318.125		0.667689
318.25		0.667689
318.375		0.667689
318.5		0.667689
318.625		0.667689
318.75		0.667689
318.875		0.667689
319		0.667689
319.125		0.671832
319.25		0.671832
319.375		0.671832
319.5		0.671832
319.625		0.671832
319.75		0.671832
319.875		0.671832
320		0.671832
320.125		0.672126
320.25		0.672126
320.375		0.672126
320.5		0.672126
320.625		0.672126
320.75		0.672126
320.875		0.672126
321		0.672126
321.125		0.675351
321.25		0.675351
321.375		0.675351
321.5		0.675351
321.625		0.675351
321.75		0.675351
321.875		0.675351
322		0.675351
322.125		0.675758
322.25		0.675758
322.375		0.675758
322.5		0.675758
322.625		0.675758
322.75		0.675758
322.875		0.675758
323		0.675758
323.125		0.679544
323.25		0.679544
323.375		0.679544
323.5		0.679544
323.625		0.679544
323.75		0.679544
323.875		0.679544
324		0.679544
324.125		0.679979
324.25		0.679979
324.375		0.679979
324.5		0.679979
324.625		0.679979
324.75		0.679979
324.875		0.679979
325		0.679979
325.125		0.683067
325.25		0.683067
325.375		0.683067
325.5		0.683067
325.625		0.683067
325.75		0.683067
325.875		0.683067
326		0.683067
326.125		0.688446
326.25		0.688446
326.375		0.688446
326.5		0.688446
326.625		0.688446
326.75		0.688446
326.875		0.688446
327		0.688446
327.125		0.689381
327.25		0.689381
327.375		0.689381
327.5		0.689381
327.625		0.689381
327.75		0.689381
327.875		0.689381
328		0.689381
328.125		0.689685
328.25		0.689685
328.375		0.689685
328.5		0.689685
328.625		0.689685
328.75		0.689685
328.875		0.689685
329		0.689685
329.125		0.691602
329.25		0.691602
329.375		0.691602
329.5		0.691602
329.625		0.691602
329.75		0.691602
329.875		0.691602
330		0.691602
330.125		0.695303
330.25		0.695303
330.375		0.695303
330.5		0.695303
330.625		0.695303
330.75		0.695303
330.875		0.695303
331		0.695303
331.125		0.696834
331.25		0.696834
331.375		0.696834
331.5		0.696834
331.625		0.696834
331.75		0.696834
331.875		0.696834
332		0.696834
332.125		0.701351
332.25		0.701351
332.375		0.701351
332.5		0.701351
332.625		0.701351
332.75		0.701351
332.875		0.701351
333		0.701351
333.125		0.701815
333.25		0.701815
333.375		0.701815
333.5		0.701815
333.625		0.701815
333.75		0.701815
333.875		0.701815
334		0.701815
334.125		0.703582
334.25		0.703582
334.375		0.703582
334.5		0.703582
334.625		0.703582
334.75		0.703582
334.875		0.703582
335		0.703582
335.125		0.704892
335.25		0.704892
335.375		0.704892
335.5		0.704892
335.625		0.704892
335.75		0.704892
335.875		0.704892
336		0.704892
336.125		0.707015
336.25		0.707015
336.375		0.707015
336.5		0.707015
336.625		0.707015
336.75		0.707015
336.875		0.707015
337		0.707015
337.125		0.70786
337.25		0.70786
337.375		0.70786
337.5		0.70786
337.625		0.70786
337.75		0.70786
337.875		0.70786
338		0.70786
338.125		0.709972
338.25		0.709972
338.375		0.709972
338.5		0.709972
338.625		0.709972
338.75		0.709972
338.875		0.709972
339		0.709972
339.125		0.714399
339.25		0.714399
339.375		0.714399
339.5		0.714399
339.625		0.714399
339.75		0.714399
339.875		0.714399
340		0.714399
340.125		0.716789
340.25		0.716789
340.375		0.716789
340.5		0.716789
340.625		0.716789
340.75		0.716789
340.875		0.716789
341		0.716789
341.125		0.722306
341.25		0.722306
341.375		0.722306
341.5		0.722306
341.625		0.722306
341.75		0.722306
341.875		0.722306
342		0.722306
342.125		0.722859
342.25		0.722859
342.375		0.722859
342.5		0.722859
342.625		0.722859
342.75		0.722859
342.875		0.722859
343		0.722859
343.125		0.727429
343.25		0.727429
343.375		0.727429
343.5		0.727429
343.625		0.727429
343.75		0.727429
343.875		0.727429
344		0.727429
344.125		0.727962
344.25		0.727962
344.375		0.727962
344.5		0.727962
344.625		0.727962
344.75		0.727962
344.875		0.727962
345		0.727962
345.125		0.730795
345.25		0.730795
345.375		0.730795
345.5		0.730795
345.625		0.730795
345.75		0.730795
345.875		0.730795
346		0.730795
346.125		0.731155
346.25		0.731155
346.375		0.731155
346.5		0.731155
346.625		0.731155
346.75		0.731155
346.875		0.731155
347		0.731155
347.125		0.736036
347.25		0.736036
347.375		0.736036
347.5		0.736036
347.625		0.736036
347.75		0.736036
347.875		0.736036
348		0.736036
348.125		0.737891
348.25		0.737891
348.375		0.737891
348.5		0.737891
348.625		0.737891
348.75		0.737891
348.875		0.737891
349		0.737891
349.125		0.738197
349.25		0.738197
349.375		0.738197
349.5		0.738197
349.625		0.738197
349.75		0.738197
349.875		0.738197
350		0.738197
350.125		0.739849
350.25		0.739849
350.375		0.739849
350.5		0.739849
350.625		0.739849
350.75		0.739849
350.875		0.739849
351		0.739849
351.125		0.74112
351.25		0.74112
351.375		0.74112
351.5		0.74112
351.625		0.74112
351.75		0.74112
351.875		0.74112
352		0.74112
352.125		0.743136
352.25		0.743136
352.375		0.743136
352.5		0.743136
352.625		0.743136
352.75		0.743136
352.875		0.743136
353		0.743136
353.125		0.746865
353.25		0.746865
353.375		0.746865
353.5		0.746865
353.625		0.746865
353.75		0.746865
353.875		0.746865
354		0.746865
354.125		0.746865
354.25		0.746865
354.375		0.746865
354.5		0.746865
354.625		0.746865
354.75		0.746865
354.875		0.746865
355		0.746865
355.125		0.750261
355.25		0.750261
355.375		0.750261
355.5		0.750261
355.625		0.750261
355.75		0.750261
355.875		0.750261
356		0.750261
356.125		0.752156
356.25		0.752156
356.375		0.752156
356.5		0.752156
356.625		0.752156
356.75		0.752156
356.875		0.752156
357		0.752156
357.125		0.752547
357.25		0.752547
357.375		0.752547
357.5		0.752547
357.625		0.752547
357.75		0.752547
357.875		0.752547
358		0.752547
358.125		0.75805
358.25		0.75805
358.375		0.75805
358.5		0.75805
358.625		0.75805
358.75		0.75805
358.875		0.75805
359		0.75805
359.125		0.758388
359.25		0.758388
359.375		0.758388
359.5		0.758388
359.625		0.758388
359.75		0.758388
359.875		0.758388
360		0.758388
360.125		0.758657
360.25		0.758657
360.375		0.758657
360.5		0.758657
360.625		0.758657
360.75		0.758657
360.875		0.758657
361		0.758657
361.125		0.764068
361.25		0.764068
361.375		0.764068
361.5		0.764068
361.625		0.764068
361.75		0.764068
361.875		0.764068
362		0.764068
362.125		0.764991
362.25		0.764991
362.375		0.764991
362.5		0.764991
362.625		0.764991
362.75		0.764991
362.875		0.764991
363		0.764991
363.125		0.76752
363.25		0.76752
363.375		0.76752
363.5		0.76752
363.625		0.76752
363.75		0.76752
363.875		0.76752
364		0.76752
364.125		0.76915
364.25		0.76915
364.375		0.76915
364.5		0.76915
364.625		0.76915
364.75		0.76915
364.875		0.76915
365		0.76915
365.125		0.77011
365.25		0.77011
365.375		0.77011
365.5		0.77011
365.625		0.77011
365.75		0.77011
365.875		0.77011
366		0.77011
366.125		0.77348
366.25		0.77348
366.375		0.77348
366.5		0.77348
366.625		0.77348
366.75		0.77348
366.875		0.77348
367		0.77348
367.125		0.776367
367.25		0.776367
367.375		0.776367
367.5		0.776367
367.625		0.776367
367.75		0.776367
367.875		0.776367
368		0.776367
368.125		0.780293
368.25		0.780293
368.375		0.780293
368.5		0.780293
368.625		0.780293
368.75		0.780293
368.875		0.780293
369		0.780293
369.125		0.783194
369.25		0.783194
369.375		0.783194
369.5		0.783194
369.625		0.783194
369.75		0.783194
369.875		0.783194
370		0.783194
370.125		0.785168
370.25		0.785168
370.375		0.785168
370.5		0.785168
370.625		0.785168
370.75		0.785168
370.875		0.785168
371		0.785168
371.125		0.787846
371.25		0.787846
371.375		0.787846
371.5		0.787846
371.625		0.787846
371.75		0.787846
371.875		0.787846
372		0.787846
372.125		0.790916
372.25		0.790916
372.375		0.790916
372.5		0.790916
372.625		0.790916
372.75		0.790916
372.875		0.790916
373		0.790916
373.125		0.793041
373.25		0.793041
373.375		0.793041
373.5		0.793041
373.625		0.793041
373.75		0.793041
373.875		0.793041
374		0.793041
374.125		0.793795
374.25		0.793795
374.375		0.793795
374.5		0.793795
374.625		0.793795
374.75		0.793795
374.875		0.793795
375		0.793795
375.125		0.798338
375.25		0.798338
375.375		0.798338
375.5		0.798338
375.625		0.798338
375.75		0.798338
375.875		0.798338
376		0.798338
376.125		0.799447
376.25		0.799447
376.375		0.799447
376.5		0.799447
376.625		0.799447
376.75		0.799447
376.875		0.799447
377		0.799447
377.125		0.802602
377.25		0.802602
377.375		0.802602
377.5		0.802602
377.625		0.802602
377.75		0.802602
377.875		0.802602
378		0.802602
378.125		0.803544
378.25		0.803544
378.375		0.803544
378.5		0.803544
378.625		0.803544
378.75		0.803544
378.875		0.803544
379		0.803544
379.125		0.805807
379.25		0.805807
379.375		0.805807
379.5		0.805807
379.625		0.805807
379.75		0.805807
379.875		0.805807
380		0.805807
380.125		0.80961
380.25		0.80961
380.375		0.80961
380.5		0.80961
380.625		0.80961
380.75		0.80961
380.875		0.80961
381		0.80961
381.125		0.810853
381.25		0.810853
381.375		0.810853
381.5		0.810853
381.625		0.810853
381.75		0.810853
381.875		0.810853
382		0.810853
382.125		0.811272
382.25		0.811272
382.375		0.811272
382.5		0.811272
382.625		0.811272
382.75		0.811272
382.875		0.811272
383		0.811272
383.125		0.816288
383.25		0.816288
383.375		0.816288
383.5		0.816288
383.625		0.816288
383.75		0.816288
383.875		0.816288
384		0.816288
384.125		0.821024
384.25		0.821024
384.375		0.821024
384.5		0.821024
384.625		0.821024
384.75		0.821024
384.875		0.821024
385		0.821024
385.125		0.822618
385.25		0.822618
385.375		0.822618
385.5		0.822618
385.625		0.822618
385.75		0.822618
385.875		0.822618
386		0.822618
386.125		0.823358
386.25		0.823358
386.375		0.823358
386.5		0.823358
386.625		0.823358
386.75		0.823358
386.875		0.823358
387		0.823358
387.125		0.824545
387.25		0.824545
387.375		0.824545
387.5		0.824545
387.625		0.824545
387.75		0.824545
387.875		0.824545
388		0.824545
388.125		0.826026
388.25		0.826026
388.375		0.826026
388.5		0.826026
388.625		0.826026
388.75		0.826026
388.875		0.826026
389		0.826026
389.125		0.829016
389.25		0.829016
389.375		0.829016
389.5		0.829016
389.625		0.829016
389.75		0.829016
389.875		0.829016
390		0.829016
390.125		0.832141
390.25		0.832141
390.375		0.832141
390.5		0.832141
390.625		0.832141
390.75		0.832141
390.875		0.832141
391		0.832141
391.125		0.833967
391.25		0.833967
391.375		0.833967
391.5		0.833967
391.625		0.833967
391.75		0.833967
391.875		0.833967
392		0.833967
392.125		0.836981
392.25		0.836981
392.375		0.836981
392.5		0.836981
392.625		0.836981
392.75		0.836981
392.875		0.836981
393		0.836981
393.125		0.837541
393.25		0.837541
393.375		0.837541
393.5		0.837541
393.625		0.837541
393.75		0.837541
393.875		0.837541
394		0.837541
394.125		0.837931
394.25		0.837931
394.375		0.837931
394.5		0.837931
394.625		0.837931
394.75		0.837931
394.875		0.837931
395		0.837931
395.125		0.839629
395.25		0.839629
395.375		0.839629
395.5		0.839629
395.625		0.839629
395.75		0.839629
395.875		0.839629
396		0.839629
396.125		0.840321
396.25		0.840321
396.375		0.840321
396.5		0.840321
396.625		0.840321
396.75		0.840321
396.875		0.840321
397		0.840321
397.125		0.847681
397.25		0.847681
397.375		0.847681
397.5		0.847681
397.625		0.847681
397.75		0.847681
397.875		0.847681
398		0.847681
398.125		0.848792
398.25		0.848792
398.375		0.848792
398.5		0.848792
398.625		0.848792
398.75		0.848792
398.875		0.848792
399		0.848792
399.125		0.84942
399.25		0.84942
399.375		0.84942
399.5		0.84942
399.625		0.84942
399.75		0.84942
399.875		0.84942
400		0.84942
400.125		0.850953
400.25		0.850953
400.375		0.850953
400.5		0.850953
400.625		0.850953
400.75		0.850953
400.875		0.850953
401		0.850953
401.125		0.85253
401.25		0.85253
401.375		0.85253
401.5		0.85253
401.625		0.85253
401.75		0.85253
401.875		0.85253
402		0.85253
402.125		0.855573
402.25		0.855573
402.375		0.855573
402.5		0.855573
402.625		0.855573
402.75		0.855573
402.875		0.855573
403		0.855573
403.125		0.858963
403.25		0.858963
403.375		0.858963
403.5		0.858963
403.625		0.858963
403.75		0.858963
403.875		0.858963
404		0.858963
404.125		0.859653
404.25		0.859653
404.375		0.859653
404.5		0.859653
404.625		0.859653
404.75		0.859653
404.875		0.859653
405		0.859653
405.125		0.863977
405.25		0.863977
405.375		0.863977
405.5		0.863977
405.625		0.863977
405.75		0.863977
405.875		0.863977
406		0.863977
406.125		0.864291
406.25		0.864291
406.375		0.864291
406.5		0.864291
406.625		0.864291
406.75		0.864291
406.875		0.864291
407		0.864291
407.125		0.8659
407.25		0.8659
407.375		0.8659
407.5		0.8659
407.625		0.8659
407.75		0.8659
407.875		0.8659
408		0.8659
408.125		0.867572
408.25		0.867572
408.375		0.867572
408.5		0.867572
408.625		0.867572
408.75		0.867572
408.875		0.867572
409		0.867572
409.125		0.870049
409.25		0.870049
409.375		0.870049
409.5		0.870049
409.625		0.870049
409.75		0.870049
409.875		0.870049
410		0.870049
410.125		0.875818
410.25		0.875818
410.375		0.875818
410.5		0.875818
410.625		0.875818
410.75		0.875818
410.875		0.875818
411		0.875818
411.125		0.876081
411.25		0.876081
411.375		0.876081
411.5		0.876081
411.625		0.876081
411.75		0.876081
411.875		0.876081
412		0.876081
412.125		0.876797
412.25		0.876797
412.375		0.876797
412.5		0.876797
412.625		0.876797
412.75		0.876797
412.875		0.876797
413		0.876797
413.125		0.879093
413.25		0.879093
413.375		0.879093
413.5		0.879093
413.625		0.879093
413.75		0.879093
413.875		0.879093
414		0.879093
414.125		0.882093
414.25		0.882093
414.375		0.882093
414.5		0.882093
414.625		0.882093
414.75		0.882093
414.875		0.882093
415		0.882093
415.125		0.884155
415.25		0.884155
415.375		0.884155
415.5		0.884155
415.625		0.884155
415.75		0.884155
415.875		0.884155
416		0.884155
416.125		0.887033
416.25		0.887033
416.375		0.887033
416.5		0.887033
416.625		0.887033
416.75		0.887033
416.875		0.887033
417		0.887033
417.125		0.887727
417.25		0.887727
417.375		0.887727
417.5		0.887727
417.625		0.887727
417.75		0.887727
417.875		0.887727
418		0.887727
418.125		0.890071
418.25		0.890071
418.375		0.890071
418.5		0.890071
418.625		0.890071
418.75		0.890071
418.875		0.890071
419		0.890071
419.125		0.892061
419.25		0.892061
419.375		0.892061
419.5		0.892061
419.625		0.892061
419.75		0.892061
419.875		0.892061
420		0.892061
420.125		0.893244
420.25		0.893244
420.375		0.893244
420.5		0.893244
420.625		0.893244
420.75		0.893244
420.875		0.893244
421		0.893244
421.125		0.897224
421.25		0.897224
421.375		0.897224
421.5		0.897224
421.625		0.897224
421.75		0.897224
421.875		0.897224
422		0.897224
422.125		0.89762
422.25		0.89762
422.375		0.89762
422.5		0.89762
422.625		0.89762
422.75		0.89762
422.875		0.89762
423		0.89762
423.125		0.898354
423.25		0.898354
423.375		0.898354
423.5		0.898354
423.625		0.898354
423.75		0.898354
423.875		0.898354
424		0.898354
424.125		0.901157
424.25		0.901157
424.375		0.901157
424.5		0.901157
424.625		0.901157
424.75		0.901157
424.875		0.901157
425		0.901157
425.125		0.906628
425.25		0.906628
425.375		0.906628
425.5		0.906628
425.625		0.906628
425.75		0.906628
425.875		0.906628
426		0.906628
426.125		0.907348
426.25		0.907348
426.375		0.907348
426.5		0.907348
426.625		0.907348
426.75		0.907348
426.875		0.907348
427		0.907348
427.125		0.908209
427.25		0.908209
427.375		0.908209
427.5		0.908209
427.625		0.908209
427.75		0.908209
427.875		0.908209
428		0.908209
428.125		0.910008
428.25		0.910008
428.375		0.910008
428.5		0.910008
428.625		0.910008
428.75		0.910008
428.875		0.910008
429		0.910008
429.125		0.910288
429.25		0.910288
429.375		0.910288
429.5		0.910288
429.625		0.910288
429.75		0.910288
429.875		0.910288
430		0.910288
430.125		0.914034
430.25		0.914034
430.375		0.914034
430.5		0.914034
430.625		0.914034
430.75		0.914034
430.875		0.914034
431		0.914034
431.125		0.918368
431.25		0.918368
431.375		0.918368
431.5		0.918368
431.625		0.918368
431.75		0.918368
431.875		0.918368
432		0.918368
432.125		0.91876
432.25		0.91876
432.375		0.91876
432.5		0.91876
432.625		0.91876
432.75		0.91876
432.875		0.91876
433		0.91876
433.125		0.919617
433.25		0.919617
433.375		0.919617
433.5		0.919617
433.625		0.919617
433.75		0.919617
433.875		0.919617
434		0.919617
434.125		0.920273
434.25		0.920273
434.375		0.920273
434.5		0.920273
434.625		0.920273
434.75		0.920273
434.875		0.920273
435		0.920273
435.125		0.92605
435.25		0.92605
435.375		0.92605
435.5		0.92605
435.625		0.92605
435.75		0.92605
435.875		0.92605
436		0.92605
436.125		0.928066
436.25		0.928066
436.375		0.928066
436.5		0.928066
436.625		0.928066
436.75		0.928066
436.875		0.928066
437		0.928066
437.125		0.930609
437.25		0.930609
437.375		0.930609
437.5		0.930609
437.625		0.930609
437.75		0.930609
437.875		0.930609
438		0.930609
438.125		0.930975
438.25		0.930975
438.375		0.930975
438.5		0.930975
438.625		0.930975
438.75		0.930975
438.875		0.930975
439		0.930975
439.125		0.933207
439.25		0.933207
439.375		0.933207
439.5		0.933207
439.625		0.933207
439.75		0.933207
439.875		0.933207
440		0.933207
440.125		0.938941
440.25		0.938941
440.375		0.938941
440.5		0.938941
440.625		0.938941
440.75		0.938941
440.875		0.938941
441		0.938941
441.125		0.93974
441.25		0.93974
441.375		0.93974
441.5		0.93974
441.625		0.93974
441.75		0.93974
441.875		0.93974
442		0.93974
442.125		0.940299
442.25		0.940299
442.375		0.940299
442.5		0.940299
442.625		0.940299
442.75		0.940299
442.875		0.940299
443		0.940299
443.125		0.941541
443.25		0.941541
443.375		0.941541
443.5		0.941541
443.625		0.941541
443.75		0.941541
443.875		0.941541
444		0.941541
444.125		0.947035
444.25		0.947035
444.375		0.947035
444.5		0.947035
444.625		0.947035
444.75		0.947035
444.875		0.947035
445		0.947035
445.125		0.947295
445.25		0.947295
445.375		0.947295
445.5		0.947295
445.625		0.947295
445.75		0.947295
445.875		0.947295
446		0.947295
446.125		0.949148
446.25		0.949148
446.375		0.949148
446.5		0.949148
446.625		0.949148
446.75		0.949148
446.875		0.949148
447		0.949148
447.125		0.950744
447.25		0.950744
447.375		0.950744
447.5		0.950744
447.625		0.950744
447.75		0.950744
447.875		0.950744
448		0.950744
448.125		0.953619
448.25		0.953619
448.375		0.953619
448.5		0.953619
448.625		0.953619
448.75		0.953619
448.875		0.953619
449		0.953619
449.125		0.954007
449.25		0.954007
449.375		0.954007
449.5		0.954007
449.625		0.954007
449.75		0.954007
449.875		0.954007
450		0.954007
450.125		0.957407
450.25		0.957407
450.375		0.957407
450.5		0.957407
450.625		0.957407
450.75		0.957407
450.875		0.957407
451		0.957407
451.125		0.959373
451.25		0.959373
451.375		0.959373
451.5		0.959373
451.625		0.959373
451.75		0.959373
451.875		0.959373
452		0.959373
452.125		0.963323
452.25		0.963323
452.375		0.963323
452.5		0.963323
452.625		0.963323
452.75		0.963323
452.875		0.963323
453		0.963323
453.125		0.963779
453.25		0.963779
453.375		0.963779
453.5		0.963779
453.625		0.963779
453.75		0.963779
453.875		0.963779
454		0.963779
454.125		0.964079
454.25		0.964079
454.375		0.964079
454.5		0.964079
454.625		0.964079
454.75		0.964079
454.875		0.964079
455		0.964079
455.125		0.966409
455.25		0.966409
455.375		0.966409
455.5		0.966409
455.625		0.966409
455.75		0.966409
455.875		0.966409
456		0.966409
456.125		0.9696
456.25		0.9696
456.375		0.9696
456.5		0.9696
456.625		0.9696
456.75		0.9696
456.875		0.9696
457		0.9696
457.125		0.971675
457.25		0.971675
457.375		0.971675
457.5		0.971675
457.625		0.971675
457.75		0.971675
457.875		0.971675
458		0.971675
458.125		0.973725
458.25		0.973725
458.375		0.973725
458.5		0.973725
458.625		0.973725
458.75		0.973725
458.875		0.973725
459		0.973725
459.125		0.974582
459.25		0.974582
459.375		0.974582
459.5		0.974582
459.625		0.974582
459.75		0.974582
459.875		0.974582
460		0.974582
460.125		0.978085
460.25		0.978085
460.375		0.978085
460.5		0.978085
460.625		0.978085
460.75		0.978085
460.875		0.978085
461		0.978085
461.125		0.980852
461.25		0.980852
461.375		0.980852
461.5		0.980852
461.625		0.980852
461.75		0.980852
461.875		0.980852
462		0.980852
462.125		0.984779
462.25		0.984779
462.375		0.984779
462.5		0.984779
462.625		0.984779
462.75		0.984779
462.875		0.984779
463		0.984779
463.125		0.984976
463.25		0.984976
463.375		0.984976
463.5		0.984976
463.625		0.984976
463.75		0.984976
463.875		0.984976
464		0.984976
464.125		0.985169
464.25		0.985169
464.375		0.985169
464.5		0.985169
464.625		0.985169
464.75		0.985169
464.875		0.985169
465		0.985169
465.125		0.990038
465.25		0.990038
465.375		0.990038
465.5		0.990038
465.625		0.990038
465.75		0.990038
465.875		0.990038
466		0.990038
466.125		0.993944
466.25		0.993944
466.375		0.993944
466.5		0.993944
466.625		0.993944
466.75		0.993944
466.875		0.993944
467		0.993944
467.125		0.994141
467.25		0.994141
467.375		0.994141
467.5		0.994141
467.625		0.994141
467.75		0.994141
467.875		0.994141
468		0.994141
468.125		0.995549
468.25		0.995549
468.375		0.995549
468.5		0.995549
468.625		0.995549
468.75		0.995549
468.875		0.995549
469		0.995549
469.125		0.995793
469.25		0.995793
469.375		0.995793
469.5		0.995793
469.625		0.995793
469.75		0.995793
469.875		0.995793
470		0.995793
470.125		0.999932
470.25		0.999932
470.375		0.999932
470.5		0.999932
470.625		0.999932
470.75		0.999932
470.875		0.999932
471		0.999932
471.125		0.99999
471.25		0.99999
471.375		0.99999
471.5		0.99999
471.625		0.99999
471.75		0.99999
471.875		0.99999
472		0.99999
472.125		1
472.25		1
472.375		1
472.5		1
472.625		1
472.75		1
472.875		1
473		1
473.125		1
473.25		1
473.375		1
473.5		1
473.625		1
473.75		1
473.875		1
474		1
474.125		1
474.25		1
474.375		1
474.5		1
474.625		1
474.75		1
474.875		1
475		1
475.125		1
475.25		1
475.375		1
475.5		1
475.625		1
475.75		1
475.875		1
476		1
476.125		1
476.25		1
476.375		1
476.5		1
476.625		1
476.75		1
476.875		1
477		1
477.125		1
477.25		1
477.375		1
477.5		1
477.625		1
477.75		1
477.875		1
478		1
478.125		1
478.25		1
478.375		1
478.5		1
478.625		1
478.75		1
478.875		1
479		1
479.125		1
479.25		1
479.375		1
479.5		1
479.625		1
479.75		1
479.875		1
480		1
480.125		1
480.25		1
480.375		1
480.5		1
480.625		1
480.75		1
480.875		1
481		1
481.125		1
481.25		1
481.375		1
481.5		1
481.625		1
481.75		1
481.875		1
482		1
482.125		1
482.25		1
482.375		1
482.5		1
482.625		1
482.75		1
482.875		1
483		1
483.125		1
483.25		1
483.375		1
483.5		1
483.625		1
483.75		1
483.875		1
484		1
484.125		1
484.25		1
484.375		1
484.5		1
484.625		1
484.75		1
484.875		1
485		1
485.125		1
485.25		1
485.375		1
485.5		1
485.625		1
485.75		1
485.875		1
486		1
486.125		1
486.25		1
486.375		1
486.5		1
486.625		1
486.75		1
486.875		1
487		1
487.125		1
487.25		1
487.375		1
487.5		1
487.625		1
487.75		1
487.875		1
488		1
488.125		1
488.25		1
488.375		1
488.5		1
488.625		1
488.75		1
488.875		1
489		1
489.125		1
489.25		1
489.375		1
489.5		1
489.625		1
489.75		1
489.875		1
490		1
490.125		1
490.25		1
490.375		1
490.5		1
490.625		1
490.75		1
490.875		1
491		1
491.125		1
491.25		1
491.375		1
491.5		1
491.625		1
491.75		1
491.875		1
492		1
492.125		1
492.25		1
492.375		1
492.5		1
492.625		1
492.75		1
492.875		1
493		1
493.125		1
493.25		1
493.375		1
493.5		1
493.625		1
493.75		1
493.875		1
494		1
494.125		1
494.25		1
494.375		1
494.5		1
494.625		1
494.75		1
494.875		1
495		1
495.125		1
495.25		1
495.375		1
495.5		1
495.625		1
495.75		1
495.875		1
496		1
496.125		1
496.25		1
496.375		1
496.5		1
496.625		1
496.75		1
496.875		1
497		1
497.125		1
497.25		1
497.375		1
497.5		1
497.625		1
497.75		1
497.875		1
498		1
498.125		1
498.25		1
498.375		1
498.5		1
498.625		1
498.75		1
498.875		1
499		1
499.125		1
499.25		1
499.375		1
499.5		1
499.625		1
499.75		1
499.875		1
500		1
