# Calibration file of tamex_id 1 @ channel 12
# fine_T bin		 Calibration value
0.125		0
0.25		0
0.375		0
0.5		0
0.625		0
0.75		0
0.875		0
1		0
1.125		0
1.25		0
1.375		0
1.5		0
1.625		0
1.75		0
1.875		0
2		0
2.125		0
2.25		0
2.375		0
2.5		0
2.625		0
2.75		0
2.875		0
3		0
3.125		0
3.25		0
3.375		0
3.5		0
3.625		0
3.75		0
3.875		0
4		0
4.125		0
4.25		0
4.375		0
4.5		0
4.625		0
4.75		0
4.875		0
5		0
5.125		0
5.25		0
5.375		0
5.5		0
5.625		0
5.75		0
5.875		0
6		0
6.125		0
6.25		0
6.375		0
6.5		0
6.625		0
6.75		0
6.875		0
7		0
7.125		0
7.25		0
7.375		0
7.5		0
7.625		0
7.75		0
7.875		0
8		0
8.125		0
8.25		0
8.375		0
8.5		0
8.625		0
8.75		0
8.875		0
9		0
9.125		0
9.25		0
9.375		0
9.5		0
9.625		0
9.75		0
9.875		0
10		0
10.125		0
10.25		0
10.375		0
10.5		0
10.625		0
10.75		0
10.875		0
11		0
11.125		0
11.25		0
11.375		0
11.5		0
11.625		0
11.75		0
11.875		0
12		0
12.125		0
12.25		0
12.375		0
12.5		0
12.625		0
12.75		0
12.875		0
13		0
13.125		0
13.25		0
13.375		0
13.5		0
13.625		0
13.75		0
13.875		0
14		0
14.125		0
14.25		0
14.375		0
14.5		0
14.625		0
14.75		0
14.875		0
15		0
15.125		0
15.25		0
15.375		0
15.5		0
15.625		0
15.75		0
15.875		0
16		0
16.125		0.00944982
16.25		0.00944982
16.375		0.00944982
16.5		0.00944982
16.625		0.00944982
16.75		0.00944982
16.875		0.00944982
17		0.00944982
17.125		0.00970387
17.25		0.00970387
17.375		0.00970387
17.5		0.00970387
17.625		0.00970387
17.75		0.00970387
17.875		0.00970387
18		0.00970387
18.125		0.010956
18.25		0.010956
18.375		0.010956
18.5		0.010956
18.625		0.010956
18.75		0.010956
18.875		0.010956
19		0.010956
19.125		0.0149187
19.25		0.0149187
19.375		0.0149187
19.5		0.0149187
19.625		0.0149187
19.75		0.0149187
19.875		0.0149187
20		0.0149187
20.125		0.0211702
20.25		0.0211702
20.375		0.0211702
20.5		0.0211702
20.625		0.0211702
20.75		0.0211702
20.875		0.0211702
21		0.0211702
21.125		0.021447
21.25		0.021447
21.375		0.021447
21.5		0.021447
21.625		0.021447
21.75		0.021447
21.875		0.021447
22		0.021447
22.125		0.0216738
22.25		0.0216738
22.375		0.0216738
22.5		0.0216738
22.625		0.0216738
22.75		0.0216738
22.875		0.0216738
23		0.0216738
23.125		0.0267163
23.25		0.0267163
23.375		0.0267163
23.5		0.0267163
23.625		0.0267163
23.75		0.0267163
23.875		0.0267163
24		0.0267163
24.125		0.0292545
24.25		0.0292545
24.375		0.0292545
24.5		0.0292545
24.625		0.0292545
24.75		0.0292545
24.875		0.0292545
25		0.0292545
25.125		0.0311939
25.25		0.0311939
25.375		0.0311939
25.5		0.0311939
25.625		0.0311939
25.75		0.0311939
25.875		0.0311939
26		0.0311939
26.125		0.0318903
26.25		0.0318903
26.375		0.0318903
26.5		0.0318903
26.625		0.0318903
26.75		0.0318903
26.875		0.0318903
27		0.0318903
27.125		0.0324097
27.25		0.0324097
27.375		0.0324097
27.5		0.0324097
27.625		0.0324097
27.75		0.0324097
27.875		0.0324097
28		0.0324097
28.125		0.034542
28.25		0.034542
28.375		0.034542
28.5		0.034542
28.625		0.034542
28.75		0.034542
28.875		0.034542
29		0.034542
29.125		0.0356534
29.25		0.0356534
29.375		0.0356534
29.5		0.0356534
29.625		0.0356534
29.75		0.0356534
29.875		0.0356534
30		0.0356534
30.125		0.0414399
30.25		0.0414399
30.375		0.0414399
30.5		0.0414399
30.625		0.0414399
30.75		0.0414399
30.875		0.0414399
31		0.0414399
31.125		0.0416101
31.25		0.0416101
31.375		0.0416101
31.5		0.0416101
31.625		0.0416101
31.75		0.0416101
31.875		0.0416101
32		0.0416101
32.125		0.0417053
32.25		0.0417053
32.375		0.0417053
32.5		0.0417053
32.625		0.0417053
32.75		0.0417053
32.875		0.0417053
33		0.0417053
33.125		0.0448447
33.25		0.0448447
33.375		0.0448447
33.5		0.0448447
33.625		0.0448447
33.75		0.0448447
33.875		0.0448447
34		0.0448447
34.125		0.0468635
34.25		0.0468635
34.375		0.0468635
34.5		0.0468635
34.625		0.0468635
34.75		0.0468635
34.875		0.0468635
35		0.0468635
35.125		0.048635
35.25		0.048635
35.375		0.048635
35.5		0.048635
35.625		0.048635
35.75		0.048635
35.875		0.048635
36		0.048635
36.125		0.0498463
36.25		0.0498463
36.375		0.0498463
36.5		0.0498463
36.625		0.0498463
36.75		0.0498463
36.875		0.0498463
37		0.0498463
37.125		0.0544964
37.25		0.0544964
37.375		0.0544964
37.5		0.0544964
37.625		0.0544964
37.75		0.0544964
37.875		0.0544964
38		0.0544964
38.125		0.0547754
38.25		0.0547754
38.375		0.0547754
38.5		0.0547754
38.625		0.0547754
38.75		0.0547754
38.875		0.0547754
39		0.0547754
39.125		0.0587109
39.25		0.0587109
39.375		0.0587109
39.5		0.0587109
39.625		0.0587109
39.75		0.0587109
39.875		0.0587109
40		0.0587109
40.125		0.059092
40.25		0.059092
40.375		0.059092
40.5		0.059092
40.625		0.059092
40.75		0.059092
40.875		0.059092
41		0.059092
41.125		0.0626306
41.25		0.0626306
41.375		0.0626306
41.5		0.0626306
41.625		0.0626306
41.75		0.0626306
41.875		0.0626306
42		0.0626306
42.125		0.0635424
42.25		0.0635424
42.375		0.0635424
42.5		0.0635424
42.625		0.0635424
42.75		0.0635424
42.875		0.0635424
43		0.0635424
43.125		0.0656021
43.25		0.0656021
43.375		0.0656021
43.5		0.0656021
43.625		0.0656021
43.75		0.0656021
43.875		0.0656021
44		0.0656021
44.125		0.065906
44.25		0.065906
44.375		0.065906
44.5		0.065906
44.625		0.065906
44.75		0.065906
44.875		0.065906
45		0.065906
45.125		0.0707738
45.25		0.0707738
45.375		0.0707738
45.5		0.0707738
45.625		0.0707738
45.75		0.0707738
45.875		0.0707738
46		0.0707738
46.125		0.0733076
46.25		0.0733076
46.375		0.0733076
46.5		0.0733076
46.625		0.0733076
46.75		0.0733076
46.875		0.0733076
47		0.0733076
47.125		0.074047
47.25		0.074047
47.375		0.074047
47.5		0.074047
47.625		0.074047
47.75		0.074047
47.875		0.074047
48		0.074047
48.125		0.0761248
48.25		0.0761248
48.375		0.0761248
48.5		0.0761248
48.625		0.0761248
48.75		0.0761248
48.875		0.0761248
49		0.0761248
49.125		0.0764719
49.25		0.0764719
49.375		0.0764719
49.5		0.0764719
49.625		0.0764719
49.75		0.0764719
49.875		0.0764719
50		0.0764719
50.125		0.0779349
50.25		0.0779349
50.375		0.0779349
50.5		0.0779349
50.625		0.0779349
50.75		0.0779349
50.875		0.0779349
51		0.0779349
51.125		0.0830318
51.25		0.0830318
51.375		0.0830318
51.5		0.0830318
51.625		0.0830318
51.75		0.0830318
51.875		0.0830318
52		0.0830318
52.125		0.0857924
52.25		0.0857924
52.375		0.0857924
52.5		0.0857924
52.625		0.0857924
52.75		0.0857924
52.875		0.0857924
53		0.0857924
53.125		0.0872101
53.25		0.0872101
53.375		0.0872101
53.5		0.0872101
53.625		0.0872101
53.75		0.0872101
53.875		0.0872101
54		0.0872101
54.125		0.0881514
54.25		0.0881514
54.375		0.0881514
54.5		0.0881514
54.625		0.0881514
54.75		0.0881514
54.875		0.0881514
55		0.0881514
55.125		0.088596
55.25		0.088596
55.375		0.088596
55.5		0.088596
55.625		0.088596
55.75		0.088596
55.875		0.088596
56		0.088596
56.125		0.0900682
56.25		0.0900682
56.375		0.0900682
56.5		0.0900682
56.625		0.0900682
56.75		0.0900682
56.875		0.0900682
57		0.0900682
57.125		0.0961767
57.25		0.0961767
57.375		0.0961767
57.5		0.0961767
57.625		0.0961767
57.75		0.0961767
57.875		0.0961767
58		0.0961767
58.125		0.0981366
58.25		0.0981366
58.375		0.0981366
58.5		0.0981366
58.625		0.0981366
58.75		0.0981366
58.875		0.0981366
59		0.0981366
59.125		0.0995384
59.25		0.0995384
59.375		0.0995384
59.5		0.0995384
59.625		0.0995384
59.75		0.0995384
59.875		0.0995384
60		0.0995384
60.125		0.100171
60.25		0.100171
60.375		0.100171
60.5		0.100171
60.625		0.100171
60.75		0.100171
60.875		0.100171
61		0.100171
61.125		0.100378
61.25		0.100378
61.375		0.100378
61.5		0.100378
61.625		0.100378
61.75		0.100378
61.875		0.100378
62		0.100378
62.125		0.107618
62.25		0.107618
62.375		0.107618
62.5		0.107618
62.625		0.107618
62.75		0.107618
62.875		0.107618
63		0.107618
63.125		0.108074
63.25		0.108074
63.375		0.108074
63.5		0.108074
63.625		0.108074
63.75		0.108074
63.875		0.108074
64		0.108074
64.125		0.10919
64.25		0.10919
64.375		0.10919
64.5		0.10919
64.625		0.10919
64.75		0.10919
64.875		0.10919
65		0.10919
65.125		0.112549
65.25		0.112549
65.375		0.112549
65.5		0.112549
65.625		0.112549
65.75		0.112549
65.875		0.112549
66		0.112549
66.125		0.113371
66.25		0.113371
66.375		0.113371
66.5		0.113371
66.625		0.113371
66.75		0.113371
66.875		0.113371
67		0.113371
67.125		0.115169
67.25		0.115169
67.375		0.115169
67.5		0.115169
67.625		0.115169
67.75		0.115169
67.875		0.115169
68		0.115169
68.125		0.11871
68.25		0.11871
68.375		0.11871
68.5		0.11871
68.625		0.11871
68.75		0.11871
68.875		0.11871
69		0.11871
69.125		0.120359
69.25		0.120359
69.375		0.120359
69.5		0.120359
69.625		0.120359
69.75		0.120359
69.875		0.120359
70		0.120359
70.125		0.123469
70.25		0.123469
70.375		0.123469
70.5		0.123469
70.625		0.123469
70.75		0.123469
70.875		0.123469
71		0.123469
71.125		0.125819
71.25		0.125819
71.375		0.125819
71.5		0.125819
71.625		0.125819
71.75		0.125819
71.875		0.125819
72		0.125819
72.125		0.127069
72.25		0.127069
72.375		0.127069
72.5		0.127069
72.625		0.127069
72.75		0.127069
72.875		0.127069
73		0.127069
73.125		0.128645
73.25		0.128645
73.375		0.128645
73.5		0.128645
73.625		0.128645
73.75		0.128645
73.875		0.128645
74		0.128645
74.125		0.130782
74.25		0.130782
74.375		0.130782
74.5		0.130782
74.625		0.130782
74.75		0.130782
74.875		0.130782
75		0.130782
75.125		0.134523
75.25		0.134523
75.375		0.134523
75.5		0.134523
75.625		0.134523
75.75		0.134523
75.875		0.134523
76		0.134523
76.125		0.135641
76.25		0.135641
76.375		0.135641
76.5		0.135641
76.625		0.135641
76.75		0.135641
76.875		0.135641
77		0.135641
77.125		0.138236
77.25		0.138236
77.375		0.138236
77.5		0.138236
77.625		0.138236
77.75		0.138236
77.875		0.138236
78		0.138236
78.125		0.13942
78.25		0.13942
78.375		0.13942
78.5		0.13942
78.625		0.13942
78.75		0.13942
78.875		0.13942
79		0.13942
79.125		0.142484
79.25		0.142484
79.375		0.142484
79.5		0.142484
79.625		0.142484
79.75		0.142484
79.875		0.142484
80		0.142484
80.125		0.144081
80.25		0.144081
80.375		0.144081
80.5		0.144081
80.625		0.144081
80.75		0.144081
80.875		0.144081
81		0.144081
81.125		0.146586
81.25		0.146586
81.375		0.146586
81.5		0.146586
81.625		0.146586
81.75		0.146586
81.875		0.146586
82		0.146586
82.125		0.148763
82.25		0.148763
82.375		0.148763
82.5		0.148763
82.625		0.148763
82.75		0.148763
82.875		0.148763
83		0.148763
83.125		0.14924
83.25		0.14924
83.375		0.14924
83.5		0.14924
83.625		0.14924
83.75		0.14924
83.875		0.14924
84		0.14924
84.125		0.152408
84.25		0.152408
84.375		0.152408
84.5		0.152408
84.625		0.152408
84.75		0.152408
84.875		0.152408
85		0.152408
85.125		0.154736
85.25		0.154736
85.375		0.154736
85.5		0.154736
85.625		0.154736
85.75		0.154736
85.875		0.154736
86		0.154736
86.125		0.157369
86.25		0.157369
86.375		0.157369
86.5		0.157369
86.625		0.157369
86.75		0.157369
86.875		0.157369
87		0.157369
87.125		0.157623
87.25		0.157623
87.375		0.157623
87.5		0.157623
87.625		0.157623
87.75		0.157623
87.875		0.157623
88		0.157623
88.125		0.162105
88.25		0.162105
88.375		0.162105
88.5		0.162105
88.625		0.162105
88.75		0.162105
88.875		0.162105
89		0.162105
89.125		0.163489
89.25		0.163489
89.375		0.163489
89.5		0.163489
89.625		0.163489
89.75		0.163489
89.875		0.163489
90		0.163489
90.125		0.165599
90.25		0.165599
90.375		0.165599
90.5		0.165599
90.625		0.165599
90.75		0.165599
90.875		0.165599
91		0.165599
91.125		0.168702
91.25		0.168702
91.375		0.168702
91.5		0.168702
91.625		0.168702
91.75		0.168702
91.875		0.168702
92		0.168702
92.125		0.168933
92.25		0.168933
92.375		0.168933
92.5		0.168933
92.625		0.168933
92.75		0.168933
92.875		0.168933
93		0.168933
93.125		0.1721
93.25		0.1721
93.375		0.1721
93.5		0.1721
93.625		0.1721
93.75		0.1721
93.875		0.1721
94		0.1721
94.125		0.173622
94.25		0.173622
94.375		0.173622
94.5		0.173622
94.625		0.173622
94.75		0.173622
94.875		0.173622
95		0.173622
95.125		0.175967
95.25		0.175967
95.375		0.175967
95.5		0.175967
95.625		0.175967
95.75		0.175967
95.875		0.175967
96		0.175967
96.125		0.177798
96.25		0.177798
96.375		0.177798
96.5		0.177798
96.625		0.177798
96.75		0.177798
96.875		0.177798
97		0.177798
97.125		0.178886
97.25		0.178886
97.375		0.178886
97.5		0.178886
97.625		0.178886
97.75		0.178886
97.875		0.178886
98		0.178886
98.125		0.185068
98.25		0.185068
98.375		0.185068
98.5		0.185068
98.625		0.185068
98.75		0.185068
98.875		0.185068
99		0.185068
99.125		0.185857
99.25		0.185857
99.375		0.185857
99.5		0.185857
99.625		0.185857
99.75		0.185857
99.875		0.185857
100		0.185857
100.125		0.18612
100.25		0.18612
100.375		0.18612
100.5		0.18612
100.625		0.18612
100.75		0.18612
100.875		0.18612
101		0.18612
101.125		0.18634
101.25		0.18634
101.375		0.18634
101.5		0.18634
101.625		0.18634
101.75		0.18634
101.875		0.18634
102		0.18634
102.125		0.190906
102.25		0.190906
102.375		0.190906
102.5		0.190906
102.625		0.190906
102.75		0.190906
102.875		0.190906
103		0.190906
103.125		0.194731
103.25		0.194731
103.375		0.194731
103.5		0.194731
103.625		0.194731
103.75		0.194731
103.875		0.194731
104		0.194731
104.125		0.195908
104.25		0.195908
104.375		0.195908
104.5		0.195908
104.625		0.195908
104.75		0.195908
104.875		0.195908
105		0.195908
105.125		0.19807
105.25		0.19807
105.375		0.19807
105.5		0.19807
105.625		0.19807
105.75		0.19807
105.875		0.19807
106		0.19807
106.125		0.199179
106.25		0.199179
106.375		0.199179
106.5		0.199179
106.625		0.199179
106.75		0.199179
106.875		0.199179
107		0.199179
107.125		0.201946
107.25		0.201946
107.375		0.201946
107.5		0.201946
107.625		0.201946
107.75		0.201946
107.875		0.201946
108		0.201946
108.125		0.202216
108.25		0.202216
108.375		0.202216
108.5		0.202216
108.625		0.202216
108.75		0.202216
108.875		0.202216
109		0.202216
109.125		0.207399
109.25		0.207399
109.375		0.207399
109.5		0.207399
109.625		0.207399
109.75		0.207399
109.875		0.207399
110		0.207399
110.125		0.207783
110.25		0.207783
110.375		0.207783
110.5		0.207783
110.625		0.207783
110.75		0.207783
110.875		0.207783
111		0.207783
111.125		0.212889
111.25		0.212889
111.375		0.212889
111.5		0.212889
111.625		0.212889
111.75		0.212889
111.875		0.212889
112		0.212889
112.125		0.213728
112.25		0.213728
112.375		0.213728
112.5		0.213728
112.625		0.213728
112.75		0.213728
112.875		0.213728
113		0.213728
113.125		0.214041
113.25		0.214041
113.375		0.214041
113.5		0.214041
113.625		0.214041
113.75		0.214041
113.875		0.214041
114		0.214041
114.125		0.21701
114.25		0.21701
114.375		0.21701
114.5		0.21701
114.625		0.21701
114.75		0.21701
114.875		0.21701
115		0.21701
115.125		0.217902
115.25		0.217902
115.375		0.217902
115.5		0.217902
115.625		0.217902
115.75		0.217902
115.875		0.217902
116		0.217902
116.125		0.218666
116.25		0.218666
116.375		0.218666
116.5		0.218666
116.625		0.218666
116.75		0.218666
116.875		0.218666
117		0.218666
117.125		0.223012
117.25		0.223012
117.375		0.223012
117.5		0.223012
117.625		0.223012
117.75		0.223012
117.875		0.223012
118		0.223012
118.125		0.226285
118.25		0.226285
118.375		0.226285
118.5		0.226285
118.625		0.226285
118.75		0.226285
118.875		0.226285
119		0.226285
119.125		0.229069
119.25		0.229069
119.375		0.229069
119.5		0.229069
119.625		0.229069
119.75		0.229069
119.875		0.229069
120		0.229069
120.125		0.22949
120.25		0.22949
120.375		0.22949
120.5		0.22949
120.625		0.22949
120.75		0.22949
120.875		0.22949
121		0.22949
121.125		0.230488
121.25		0.230488
121.375		0.230488
121.5		0.230488
121.625		0.230488
121.75		0.230488
121.875		0.230488
122		0.230488
122.125		0.230702
122.25		0.230702
122.375		0.230702
122.5		0.230702
122.625		0.230702
122.75		0.230702
122.875		0.230702
123		0.230702
123.125		0.233213
123.25		0.233213
123.375		0.233213
123.5		0.233213
123.625		0.233213
123.75		0.233213
123.875		0.233213
124		0.233213
124.125		0.23929
124.25		0.23929
124.375		0.23929
124.5		0.23929
124.625		0.23929
124.75		0.23929
124.875		0.23929
125		0.23929
125.125		0.239557
125.25		0.239557
125.375		0.239557
125.5		0.239557
125.625		0.239557
125.75		0.239557
125.875		0.239557
126		0.239557
126.125		0.239918
126.25		0.239918
126.375		0.239918
126.5		0.239918
126.625		0.239918
126.75		0.239918
126.875		0.239918
127		0.239918
127.125		0.241313
127.25		0.241313
127.375		0.241313
127.5		0.241313
127.625		0.241313
127.75		0.241313
127.875		0.241313
128		0.241313
128.125		0.24597
128.25		0.24597
128.375		0.24597
128.5		0.24597
128.625		0.24597
128.75		0.24597
128.875		0.24597
129		0.24597
129.125		0.246174
129.25		0.246174
129.375		0.246174
129.5		0.246174
129.625		0.246174
129.75		0.246174
129.875		0.246174
130		0.246174
130.125		0.249499
130.25		0.249499
130.375		0.249499
130.5		0.249499
130.625		0.249499
130.75		0.249499
130.875		0.249499
131		0.249499
131.125		0.249737
131.25		0.249737
131.375		0.249737
131.5		0.249737
131.625		0.249737
131.75		0.249737
131.875		0.249737
132		0.249737
132.125		0.252459
132.25		0.252459
132.375		0.252459
132.5		0.252459
132.625		0.252459
132.75		0.252459
132.875		0.252459
133		0.252459
133.125		0.257354
133.25		0.257354
133.375		0.257354
133.5		0.257354
133.625		0.257354
133.75		0.257354
133.875		0.257354
134		0.257354
134.125		0.257609
134.25		0.257609
134.375		0.257609
134.5		0.257609
134.625		0.257609
134.75		0.257609
134.875		0.257609
135		0.257609
135.125		0.257808
135.25		0.257808
135.375		0.257808
135.5		0.257808
135.625		0.257808
135.75		0.257808
135.875		0.257808
136		0.257808
136.125		0.260968
136.25		0.260968
136.375		0.260968
136.5		0.260968
136.625		0.260968
136.75		0.260968
136.875		0.260968
137		0.260968
137.125		0.264751
137.25		0.264751
137.375		0.264751
137.5		0.264751
137.625		0.264751
137.75		0.264751
137.875		0.264751
138		0.264751
138.125		0.267183
138.25		0.267183
138.375		0.267183
138.5		0.267183
138.625		0.267183
138.75		0.267183
138.875		0.267183
139		0.267183
139.125		0.267718
139.25		0.267718
139.375		0.267718
139.5		0.267718
139.625		0.267718
139.75		0.267718
139.875		0.267718
140		0.267718
140.125		0.270459
140.25		0.270459
140.375		0.270459
140.5		0.270459
140.625		0.270459
140.75		0.270459
140.875		0.270459
141		0.270459
141.125		0.272765
141.25		0.272765
141.375		0.272765
141.5		0.272765
141.625		0.272765
141.75		0.272765
141.875		0.272765
142		0.272765
142.125		0.274816
142.25		0.274816
142.375		0.274816
142.5		0.274816
142.625		0.274816
142.75		0.274816
142.875		0.274816
143		0.274816
143.125		0.275197
143.25		0.275197
143.375		0.275197
143.5		0.275197
143.625		0.275197
143.75		0.275197
143.875		0.275197
144		0.275197
144.125		0.280226
144.25		0.280226
144.375		0.280226
144.5		0.280226
144.625		0.280226
144.75		0.280226
144.875		0.280226
145		0.280226
145.125		0.281576
145.25		0.281576
145.375		0.281576
145.5		0.281576
145.625		0.281576
145.75		0.281576
145.875		0.281576
146		0.281576
146.125		0.282617
146.25		0.282617
146.375		0.282617
146.5		0.282617
146.625		0.282617
146.75		0.282617
146.875		0.282617
147		0.282617
147.125		0.285593
147.25		0.285593
147.375		0.285593
147.5		0.285593
147.625		0.285593
147.75		0.285593
147.875		0.285593
148		0.285593
148.125		0.28689
148.25		0.28689
148.375		0.28689
148.5		0.28689
148.625		0.28689
148.75		0.28689
148.875		0.28689
149		0.28689
149.125		0.287262
149.25		0.287262
149.375		0.287262
149.5		0.287262
149.625		0.287262
149.75		0.287262
149.875		0.287262
150		0.287262
150.125		0.291719
150.25		0.291719
150.375		0.291719
150.5		0.291719
150.625		0.291719
150.75		0.291719
150.875		0.291719
151		0.291719
151.125		0.293126
151.25		0.293126
151.375		0.293126
151.5		0.293126
151.625		0.293126
151.75		0.293126
151.875		0.293126
152		0.293126
152.125		0.294618
152.25		0.294618
152.375		0.294618
152.5		0.294618
152.625		0.294618
152.75		0.294618
152.875		0.294618
153		0.294618
153.125		0.295671
153.25		0.295671
153.375		0.295671
153.5		0.295671
153.625		0.295671
153.75		0.295671
153.875		0.295671
154		0.295671
154.125		0.298465
154.25		0.298465
154.375		0.298465
154.5		0.298465
154.625		0.298465
154.75		0.298465
154.875		0.298465
155		0.298465
155.125		0.299702
155.25		0.299702
155.375		0.299702
155.5		0.299702
155.625		0.299702
155.75		0.299702
155.875		0.299702
156		0.299702
156.125		0.303367
156.25		0.303367
156.375		0.303367
156.5		0.303367
156.625		0.303367
156.75		0.303367
156.875		0.303367
157		0.303367
157.125		0.306611
157.25		0.306611
157.375		0.306611
157.5		0.306611
157.625		0.306611
157.75		0.306611
157.875		0.306611
158		0.306611
158.125		0.307874
158.25		0.307874
158.375		0.307874
158.5		0.307874
158.625		0.307874
158.75		0.307874
158.875		0.307874
159		0.307874
159.125		0.310156
159.25		0.310156
159.375		0.310156
159.5		0.310156
159.625		0.310156
159.75		0.310156
159.875		0.310156
160		0.310156
160.125		0.312506
160.25		0.312506
160.375		0.312506
160.5		0.312506
160.625		0.312506
160.75		0.312506
160.875		0.312506
161		0.312506
161.125		0.312765
161.25		0.312765
161.375		0.312765
161.5		0.312765
161.625		0.312765
161.75		0.312765
161.875		0.312765
162		0.312765
162.125		0.31675
162.25		0.31675
162.375		0.31675
162.5		0.31675
162.625		0.31675
162.75		0.31675
162.875		0.31675
163		0.31675
163.125		0.318123
163.25		0.318123
163.375		0.318123
163.5		0.318123
163.625		0.318123
163.75		0.318123
163.875		0.318123
164		0.318123
164.125		0.321351
164.25		0.321351
164.375		0.321351
164.5		0.321351
164.625		0.321351
164.75		0.321351
164.875		0.321351
165		0.321351
165.125		0.321763
165.25		0.321763
165.375		0.321763
165.5		0.321763
165.625		0.321763
165.75		0.321763
165.875		0.321763
166		0.321763
166.125		0.325654
166.25		0.325654
166.375		0.325654
166.5		0.325654
166.625		0.325654
166.75		0.325654
166.875		0.325654
167		0.325654
167.125		0.329991
167.25		0.329991
167.375		0.329991
167.5		0.329991
167.625		0.329991
167.75		0.329991
167.875		0.329991
168		0.329991
168.125		0.330211
168.25		0.330211
168.375		0.330211
168.5		0.330211
168.625		0.330211
168.75		0.330211
168.875		0.330211
169		0.330211
169.125		0.332413
169.25		0.332413
169.375		0.332413
169.5		0.332413
169.625		0.332413
169.75		0.332413
169.875		0.332413
170		0.332413
170.125		0.33355
170.25		0.33355
170.375		0.33355
170.5		0.33355
170.625		0.33355
170.75		0.33355
170.875		0.33355
171		0.33355
171.125		0.335949
171.25		0.335949
171.375		0.335949
171.5		0.335949
171.625		0.335949
171.75		0.335949
171.875		0.335949
172		0.335949
172.125		0.337022
172.25		0.337022
172.375		0.337022
172.5		0.337022
172.625		0.337022
172.75		0.337022
172.875		0.337022
173		0.337022
173.125		0.342147
173.25		0.342147
173.375		0.342147
173.5		0.342147
173.625		0.342147
173.75		0.342147
173.875		0.342147
174		0.342147
174.125		0.344857
174.25		0.344857
174.375		0.344857
174.5		0.344857
174.625		0.344857
174.75		0.344857
174.875		0.344857
175		0.344857
175.125		0.345658
175.25		0.345658
175.375		0.345658
175.5		0.345658
175.625		0.345658
175.75		0.345658
175.875		0.345658
176		0.345658
176.125		0.34852
176.25		0.34852
176.375		0.34852
176.5		0.34852
176.625		0.34852
176.75		0.34852
176.875		0.34852
177		0.34852
177.125		0.34906
177.25		0.34906
177.375		0.34906
177.5		0.34906
177.625		0.34906
177.75		0.34906
177.875		0.34906
178		0.34906
178.125		0.350639
178.25		0.350639
178.375		0.350639
178.5		0.350639
178.625		0.350639
178.75		0.350639
178.875		0.350639
179		0.350639
179.125		0.353994
179.25		0.353994
179.375		0.353994
179.5		0.353994
179.625		0.353994
179.75		0.353994
179.875		0.353994
180		0.353994
180.125		0.358855
180.25		0.358855
180.375		0.358855
180.5		0.358855
180.625		0.358855
180.75		0.358855
180.875		0.358855
181		0.358855
181.125		0.360926
181.25		0.360926
181.375		0.360926
181.5		0.360926
181.625		0.360926
181.75		0.360926
181.875		0.360926
182		0.360926
182.125		0.362028
182.25		0.362028
182.375		0.362028
182.5		0.362028
182.625		0.362028
182.75		0.362028
182.875		0.362028
183		0.362028
183.125		0.363582
183.25		0.363582
183.375		0.363582
183.5		0.363582
183.625		0.363582
183.75		0.363582
183.875		0.363582
184		0.363582
184.125		0.367007
184.25		0.367007
184.375		0.367007
184.5		0.367007
184.625		0.367007
184.75		0.367007
184.875		0.367007
185		0.367007
185.125		0.36789
185.25		0.36789
185.375		0.36789
185.5		0.36789
185.625		0.36789
185.75		0.36789
185.875		0.36789
186		0.36789
186.125		0.370634
186.25		0.370634
186.375		0.370634
186.5		0.370634
186.625		0.370634
186.75		0.370634
186.875		0.370634
187		0.370634
187.125		0.371653
187.25		0.371653
187.375		0.371653
187.5		0.371653
187.625		0.371653
187.75		0.371653
187.875		0.371653
188		0.371653
188.125		0.37719
188.25		0.37719
188.375		0.37719
188.5		0.37719
188.625		0.37719
188.75		0.37719
188.875		0.37719
189		0.37719
189.125		0.37976
189.25		0.37976
189.375		0.37976
189.5		0.37976
189.625		0.37976
189.75		0.37976
189.875		0.37976
190		0.37976
190.125		0.380086
190.25		0.380086
190.375		0.380086
190.5		0.380086
190.625		0.380086
190.75		0.380086
190.875		0.380086
191		0.380086
191.125		0.380243
191.25		0.380243
191.375		0.380243
191.5		0.380243
191.625		0.380243
191.75		0.380243
191.875		0.380243
192		0.380243
192.125		0.385034
192.25		0.385034
192.375		0.385034
192.5		0.385034
192.625		0.385034
192.75		0.385034
192.875		0.385034
193		0.385034
193.125		0.385444
193.25		0.385444
193.375		0.385444
193.5		0.385444
193.625		0.385444
193.75		0.385444
193.875		0.385444
194		0.385444
194.125		0.387241
194.25		0.387241
194.375		0.387241
194.5		0.387241
194.625		0.387241
194.75		0.387241
194.875		0.387241
195		0.387241
195.125		0.389008
195.25		0.389008
195.375		0.389008
195.5		0.389008
195.625		0.389008
195.75		0.389008
195.875		0.389008
196		0.389008
196.125		0.392011
196.25		0.392011
196.375		0.392011
196.5		0.392011
196.625		0.392011
196.75		0.392011
196.875		0.392011
197		0.392011
197.125		0.395463
197.25		0.395463
197.375		0.395463
197.5		0.395463
197.625		0.395463
197.75		0.395463
197.875		0.395463
198		0.395463
198.125		0.395856
198.25		0.395856
198.375		0.395856
198.5		0.395856
198.625		0.395856
198.75		0.395856
198.875		0.395856
199		0.395856
199.125		0.396042
199.25		0.396042
199.375		0.396042
199.5		0.396042
199.625		0.396042
199.75		0.396042
199.875		0.396042
200		0.396042
200.125		0.397446
200.25		0.397446
200.375		0.397446
200.5		0.397446
200.625		0.397446
200.75		0.397446
200.875		0.397446
201		0.397446
201.125		0.399866
201.25		0.399866
201.375		0.399866
201.5		0.399866
201.625		0.399866
201.75		0.399866
201.875		0.399866
202		0.399866
202.125		0.403595
202.25		0.403595
202.375		0.403595
202.5		0.403595
202.625		0.403595
202.75		0.403595
202.875		0.403595
203		0.403595
203.125		0.407191
203.25		0.407191
203.375		0.407191
203.5		0.407191
203.625		0.407191
203.75		0.407191
203.875		0.407191
204		0.407191
204.125		0.407769
204.25		0.407769
204.375		0.407769
204.5		0.407769
204.625		0.407769
204.75		0.407769
204.875		0.407769
205		0.407769
205.125		0.408273
205.25		0.408273
205.375		0.408273
205.5		0.408273
205.625		0.408273
205.75		0.408273
205.875		0.408273
206		0.408273
206.125		0.414703
206.25		0.414703
206.375		0.414703
206.5		0.414703
206.625		0.414703
206.75		0.414703
206.875		0.414703
207		0.414703
207.125		0.415781
207.25		0.415781
207.375		0.415781
207.5		0.415781
207.625		0.415781
207.75		0.415781
207.875		0.415781
208		0.415781
208.125		0.417028
208.25		0.417028
208.375		0.417028
208.5		0.417028
208.625		0.417028
208.75		0.417028
208.875		0.417028
209		0.417028
209.125		0.41934
209.25		0.41934
209.375		0.41934
209.5		0.41934
209.625		0.41934
209.75		0.41934
209.875		0.41934
210		0.41934
210.125		0.421247
210.25		0.421247
210.375		0.421247
210.5		0.421247
210.625		0.421247
210.75		0.421247
210.875		0.421247
211		0.421247
211.125		0.424285
211.25		0.424285
211.375		0.424285
211.5		0.424285
211.625		0.424285
211.75		0.424285
211.875		0.424285
212		0.424285
212.125		0.424736
212.25		0.424736
212.375		0.424736
212.5		0.424736
212.625		0.424736
212.75		0.424736
212.875		0.424736
213		0.424736
213.125		0.42788
213.25		0.42788
213.375		0.42788
213.5		0.42788
213.625		0.42788
213.75		0.42788
213.875		0.42788
214		0.42788
214.125		0.430808
214.25		0.430808
214.375		0.430808
214.5		0.430808
214.625		0.430808
214.75		0.430808
214.875		0.430808
215		0.430808
215.125		0.43136
215.25		0.43136
215.375		0.43136
215.5		0.43136
215.625		0.43136
215.75		0.43136
215.875		0.43136
216		0.43136
216.125		0.434283
216.25		0.434283
216.375		0.434283
216.5		0.434283
216.625		0.434283
216.75		0.434283
216.875		0.434283
217		0.434283
217.125		0.434556
217.25		0.434556
217.375		0.434556
217.5		0.434556
217.625		0.434556
217.75		0.434556
217.875		0.434556
218		0.434556
218.125		0.434857
218.25		0.434857
218.375		0.434857
218.5		0.434857
218.625		0.434857
218.75		0.434857
218.875		0.434857
219		0.434857
219.125		0.442152
219.25		0.442152
219.375		0.442152
219.5		0.442152
219.625		0.442152
219.75		0.442152
219.875		0.442152
220		0.442152
220.125		0.442481
220.25		0.442481
220.375		0.442481
220.5		0.442481
220.625		0.442481
220.75		0.442481
220.875		0.442481
221		0.442481
221.125		0.442724
221.25		0.442724
221.375		0.442724
221.5		0.442724
221.625		0.442724
221.75		0.442724
221.875		0.442724
222		0.442724
222.125		0.445267
222.25		0.445267
222.375		0.445267
222.5		0.445267
222.625		0.445267
222.75		0.445267
222.875		0.445267
223		0.445267
223.125		0.445489
223.25		0.445489
223.375		0.445489
223.5		0.445489
223.625		0.445489
223.75		0.445489
223.875		0.445489
224		0.445489
224.125		0.451974
224.25		0.451974
224.375		0.451974
224.5		0.451974
224.625		0.451974
224.75		0.451974
224.875		0.451974
225		0.451974
225.125		0.453342
225.25		0.453342
225.375		0.453342
225.5		0.453342
225.625		0.453342
225.75		0.453342
225.875		0.453342
226		0.453342
226.125		0.454517
226.25		0.454517
226.375		0.454517
226.5		0.454517
226.625		0.454517
226.75		0.454517
226.875		0.454517
227		0.454517
227.125		0.454946
227.25		0.454946
227.375		0.454946
227.5		0.454946
227.625		0.454946
227.75		0.454946
227.875		0.454946
228		0.454946
228.125		0.459598
228.25		0.459598
228.375		0.459598
228.5		0.459598
228.625		0.459598
228.75		0.459598
228.875		0.459598
229		0.459598
229.125		0.461868
229.25		0.461868
229.375		0.461868
229.5		0.461868
229.625		0.461868
229.75		0.461868
229.875		0.461868
230		0.461868
230.125		0.463375
230.25		0.463375
230.375		0.463375
230.5		0.463375
230.625		0.463375
230.75		0.463375
230.875		0.463375
231		0.463375
231.125		0.464815
231.25		0.464815
231.375		0.464815
231.5		0.464815
231.625		0.464815
231.75		0.464815
231.875		0.464815
232		0.464815
232.125		0.467707
232.25		0.467707
232.375		0.467707
232.5		0.467707
232.625		0.467707
232.75		0.467707
232.875		0.467707
233		0.467707
233.125		0.471985
233.25		0.471985
233.375		0.471985
233.5		0.471985
233.625		0.471985
233.75		0.471985
233.875		0.471985
234		0.471985
234.125		0.472702
234.25		0.472702
234.375		0.472702
234.5		0.472702
234.625		0.472702
234.75		0.472702
234.875		0.472702
235		0.472702
235.125		0.47446
235.25		0.47446
235.375		0.47446
235.5		0.47446
235.625		0.47446
235.75		0.47446
235.875		0.47446
236		0.47446
236.125		0.477688
236.25		0.477688
236.375		0.477688
236.5		0.477688
236.625		0.477688
236.75		0.477688
236.875		0.477688
237		0.477688
237.125		0.479207
237.25		0.479207
237.375		0.479207
237.5		0.479207
237.625		0.479207
237.75		0.479207
237.875		0.479207
238		0.479207
238.125		0.480591
238.25		0.480591
238.375		0.480591
238.5		0.480591
238.625		0.480591
238.75		0.480591
238.875		0.480591
239		0.480591
239.125		0.481353
239.25		0.481353
239.375		0.481353
239.5		0.481353
239.625		0.481353
239.75		0.481353
239.875		0.481353
240		0.481353
240.125		0.483835
240.25		0.483835
240.375		0.483835
240.5		0.483835
240.625		0.483835
240.75		0.483835
240.875		0.483835
241		0.483835
241.125		0.487448
241.25		0.487448
241.375		0.487448
241.5		0.487448
241.625		0.487448
241.75		0.487448
241.875		0.487448
242		0.487448
242.125		0.489841
242.25		0.489841
242.375		0.489841
242.5		0.489841
242.625		0.489841
242.75		0.489841
242.875		0.489841
243		0.489841
243.125		0.490492
243.25		0.490492
243.375		0.490492
243.5		0.490492
243.625		0.490492
243.75		0.490492
243.875		0.490492
244		0.490492
244.125		0.493471
244.25		0.493471
244.375		0.493471
244.5		0.493471
244.625		0.493471
244.75		0.493471
244.875		0.493471
245		0.493471
245.125		0.494056
245.25		0.494056
245.375		0.494056
245.5		0.494056
245.625		0.494056
245.75		0.494056
245.875		0.494056
246		0.494056
246.125		0.497436
246.25		0.497436
246.375		0.497436
246.5		0.497436
246.625		0.497436
246.75		0.497436
246.875		0.497436
247		0.497436
247.125		0.500827
247.25		0.500827
247.375		0.500827
247.5		0.500827
247.625		0.500827
247.75		0.500827
247.875		0.500827
248		0.500827
248.125		0.502245
248.25		0.502245
248.375		0.502245
248.5		0.502245
248.625		0.502245
248.75		0.502245
248.875		0.502245
249		0.502245
249.125		0.503678
249.25		0.503678
249.375		0.503678
249.5		0.503678
249.625		0.503678
249.75		0.503678
249.875		0.503678
250		0.503678
250.125		0.505772
250.25		0.505772
250.375		0.505772
250.5		0.505772
250.625		0.505772
250.75		0.505772
250.875		0.505772
251		0.505772
251.125		0.506024
251.25		0.506024
251.375		0.506024
251.5		0.506024
251.625		0.506024
251.75		0.506024
251.875		0.506024
252		0.506024
252.125		0.508752
252.25		0.508752
252.375		0.508752
252.5		0.508752
252.625		0.508752
252.75		0.508752
252.875		0.508752
253		0.508752
253.125		0.510417
253.25		0.510417
253.375		0.510417
253.5		0.510417
253.625		0.510417
253.75		0.510417
253.875		0.510417
254		0.510417
254.125		0.51208
254.25		0.51208
254.375		0.51208
254.5		0.51208
254.625		0.51208
254.75		0.51208
254.875		0.51208
255		0.51208
255.125		0.516043
255.25		0.516043
255.375		0.516043
255.5		0.516043
255.625		0.516043
255.75		0.516043
255.875		0.516043
256		0.516043
256.125		0.517159
256.25		0.517159
256.375		0.517159
256.5		0.517159
256.625		0.517159
256.75		0.517159
256.875		0.517159
257		0.517159
257.125		0.518456
257.25		0.518456
257.375		0.518456
257.5		0.518456
257.625		0.518456
257.75		0.518456
257.875		0.518456
258		0.518456
258.125		0.522383
258.25		0.522383
258.375		0.522383
258.5		0.522383
258.625		0.522383
258.75		0.522383
258.875		0.522383
259		0.522383
259.125		0.522571
259.25		0.522571
259.375		0.522571
259.5		0.522571
259.625		0.522571
259.75		0.522571
259.875		0.522571
260		0.522571
260.125		0.526289
260.25		0.526289
260.375		0.526289
260.5		0.526289
260.625		0.526289
260.75		0.526289
260.875		0.526289
261		0.526289
261.125		0.526695
261.25		0.526695
261.375		0.526695
261.5		0.526695
261.625		0.526695
261.75		0.526695
261.875		0.526695
262		0.526695
262.125		0.530279
262.25		0.530279
262.375		0.530279
262.5		0.530279
262.625		0.530279
262.75		0.530279
262.875		0.530279
263		0.530279
263.125		0.533695
263.25		0.533695
263.375		0.533695
263.5		0.533695
263.625		0.533695
263.75		0.533695
263.875		0.533695
264		0.533695
264.125		0.535289
264.25		0.535289
264.375		0.535289
264.5		0.535289
264.625		0.535289
264.75		0.535289
264.875		0.535289
265		0.535289
265.125		0.536553
265.25		0.536553
265.375		0.536553
265.5		0.536553
265.625		0.536553
265.75		0.536553
265.875		0.536553
266		0.536553
266.125		0.537605
266.25		0.537605
266.375		0.537605
266.5		0.537605
266.625		0.537605
266.75		0.537605
266.875		0.537605
267		0.537605
267.125		0.538694
267.25		0.538694
267.375		0.538694
267.5		0.538694
267.625		0.538694
267.75		0.538694
267.875		0.538694
268		0.538694
268.125		0.54476
268.25		0.54476
268.375		0.54476
268.5		0.54476
268.625		0.54476
268.75		0.54476
268.875		0.54476
269		0.54476
269.125		0.545678
269.25		0.545678
269.375		0.545678
269.5		0.545678
269.625		0.545678
269.75		0.545678
269.875		0.545678
270		0.545678
270.125		0.54657
270.25		0.54657
270.375		0.54657
270.5		0.54657
270.625		0.54657
270.75		0.54657
270.875		0.54657
271		0.54657
271.125		0.546815
271.25		0.546815
271.375		0.546815
271.5		0.546815
271.625		0.546815
271.75		0.546815
271.875		0.546815
272		0.546815
272.125		0.550133
272.25		0.550133
272.375		0.550133
272.5		0.550133
272.625		0.550133
272.75		0.550133
272.875		0.550133
273		0.550133
273.125		0.550542
273.25		0.550542
273.375		0.550542
273.5		0.550542
273.625		0.550542
273.75		0.550542
273.875		0.550542
274		0.550542
274.125		0.557791
274.25		0.557791
274.375		0.557791
274.5		0.557791
274.625		0.557791
274.75		0.557791
274.875		0.557791
275		0.557791
275.125		0.558912
275.25		0.558912
275.375		0.558912
275.5		0.558912
275.625		0.558912
275.75		0.558912
275.875		0.558912
276		0.558912
276.125		0.559873
276.25		0.559873
276.375		0.559873
276.5		0.559873
276.625		0.559873
276.75		0.559873
276.875		0.559873
277		0.559873
277.125		0.559876
277.25		0.559876
277.375		0.559876
277.5		0.559876
277.625		0.559876
277.75		0.559876
277.875		0.559876
278		0.559876
278.125		0.56172
278.25		0.56172
278.375		0.56172
278.5		0.56172
278.625		0.56172
278.75		0.56172
278.875		0.56172
279		0.56172
279.125		0.562348
279.25		0.562348
279.375		0.562348
279.5		0.562348
279.625		0.562348
279.75		0.562348
279.875		0.562348
280		0.562348
280.125		0.568967
280.25		0.568967
280.375		0.568967
280.5		0.568967
280.625		0.568967
280.75		0.568967
280.875		0.568967
281		0.568967
281.125		0.572018
281.25		0.572018
281.375		0.572018
281.5		0.572018
281.625		0.572018
281.75		0.572018
281.875		0.572018
282		0.572018
282.125		0.572184
282.25		0.572184
282.375		0.572184
282.5		0.572184
282.625		0.572184
282.75		0.572184
282.875		0.572184
283		0.572184
283.125		0.577689
283.25		0.577689
283.375		0.577689
283.5		0.577689
283.625		0.577689
283.75		0.577689
283.875		0.577689
284		0.577689
284.125		0.579077
284.25		0.579077
284.375		0.579077
284.5		0.579077
284.625		0.579077
284.75		0.579077
284.875		0.579077
285		0.579077
285.125		0.580635
285.25		0.580635
285.375		0.580635
285.5		0.580635
285.625		0.580635
285.75		0.580635
285.875		0.580635
286		0.580635
286.125		0.583648
286.25		0.583648
286.375		0.583648
286.5		0.583648
286.625		0.583648
286.75		0.583648
286.875		0.583648
287		0.583648
287.125		0.583648
287.25		0.583648
287.375		0.583648
287.5		0.583648
287.625		0.583648
287.75		0.583648
287.875		0.583648
288		0.583648
288.125		0.584353
288.25		0.584353
288.375		0.584353
288.5		0.584353
288.625		0.584353
288.75		0.584353
288.875		0.584353
289		0.584353
289.125		0.587164
289.25		0.587164
289.375		0.587164
289.5		0.587164
289.625		0.587164
289.75		0.587164
289.875		0.587164
290		0.587164
290.125		0.590641
290.25		0.590641
290.375		0.590641
290.5		0.590641
290.625		0.590641
290.75		0.590641
290.875		0.590641
291		0.590641
291.125		0.591129
291.25		0.591129
291.375		0.591129
291.5		0.591129
291.625		0.591129
291.75		0.591129
291.875		0.591129
292		0.591129
292.125		0.595556
292.25		0.595556
292.375		0.595556
292.5		0.595556
292.625		0.595556
292.75		0.595556
292.875		0.595556
293		0.595556
293.125		0.595976
293.25		0.595976
293.375		0.595976
293.5		0.595976
293.625		0.595976
293.75		0.595976
293.875		0.595976
294		0.595976
294.125		0.599329
294.25		0.599329
294.375		0.599329
294.5		0.599329
294.625		0.599329
294.75		0.599329
294.875		0.599329
295		0.599329
295.125		0.599542
295.25		0.599542
295.375		0.599542
295.5		0.599542
295.625		0.599542
295.75		0.599542
295.875		0.599542
296		0.599542
296.125		0.599871
296.25		0.599871
296.375		0.599871
296.5		0.599871
296.625		0.599871
296.75		0.599871
296.875		0.599871
297		0.599871
297.125		0.605977
297.25		0.605977
297.375		0.605977
297.5		0.605977
297.625		0.605977
297.75		0.605977
297.875		0.605977
298		0.605977
298.125		0.606834
298.25		0.606834
298.375		0.606834
298.5		0.606834
298.625		0.606834
298.75		0.606834
298.875		0.606834
299		0.606834
299.125		0.610078
299.25		0.610078
299.375		0.610078
299.5		0.610078
299.625		0.610078
299.75		0.610078
299.875		0.610078
300		0.610078
300.125		0.611176
300.25		0.611176
300.375		0.611176
300.5		0.611176
300.625		0.611176
300.75		0.611176
300.875		0.611176
301		0.611176
301.125		0.61143
301.25		0.61143
301.375		0.61143
301.5		0.61143
301.625		0.61143
301.75		0.61143
301.875		0.61143
302		0.61143
302.125		0.616121
302.25		0.616121
302.375		0.616121
302.5		0.616121
302.625		0.616121
302.75		0.616121
302.875		0.616121
303		0.616121
303.125		0.61718
303.25		0.61718
303.375		0.61718
303.5		0.61718
303.625		0.61718
303.75		0.61718
303.875		0.61718
304		0.61718
304.125		0.622472
304.25		0.622472
304.375		0.622472
304.5		0.622472
304.625		0.622472
304.75		0.622472
304.875		0.622472
305		0.622472
305.125		0.627501
305.25		0.627501
305.375		0.627501
305.5		0.627501
305.625		0.627501
305.75		0.627501
305.875		0.627501
306		0.627501
306.125		0.628286
306.25		0.628286
306.375		0.628286
306.5		0.628286
306.625		0.628286
306.75		0.628286
306.875		0.628286
307		0.628286
307.125		0.62954
307.25		0.62954
307.375		0.62954
307.5		0.62954
307.625		0.62954
307.75		0.62954
307.875		0.62954
308		0.62954
308.125		0.634041
308.25		0.634041
308.375		0.634041
308.5		0.634041
308.625		0.634041
308.75		0.634041
308.875		0.634041
309		0.634041
309.125		0.636853
309.25		0.636853
309.375		0.636853
309.5		0.636853
309.625		0.636853
309.75		0.636853
309.875		0.636853
310		0.636853
310.125		0.640299
310.25		0.640299
310.375		0.640299
310.5		0.640299
310.625		0.640299
310.75		0.640299
310.875		0.640299
311		0.640299
311.125		0.640596
311.25		0.640596
311.375		0.640596
311.5		0.640596
311.625		0.640596
311.75		0.640596
311.875		0.640596
312		0.640596
312.125		0.64193
312.25		0.64193
312.375		0.64193
312.5		0.64193
312.625		0.64193
312.75		0.64193
312.875		0.64193
313		0.64193
313.125		0.643441
313.25		0.643441
313.375		0.643441
313.5		0.643441
313.625		0.643441
313.75		0.643441
313.875		0.643441
314		0.643441
314.125		0.644933
314.25		0.644933
314.375		0.644933
314.5		0.644933
314.625		0.644933
314.75		0.644933
314.875		0.644933
315		0.644933
315.125		0.649114
315.25		0.649114
315.375		0.649114
315.5		0.649114
315.625		0.649114
315.75		0.649114
315.875		0.649114
316		0.649114
316.125		0.654133
316.25		0.654133
316.375		0.654133
316.5		0.654133
316.625		0.654133
316.75		0.654133
316.875		0.654133
317		0.654133
317.125		0.655984
317.25		0.655984
317.375		0.655984
317.5		0.655984
317.625		0.655984
317.75		0.655984
317.875		0.655984
318		0.655984
318.125		0.656395
318.25		0.656395
318.375		0.656395
318.5		0.656395
318.625		0.656395
318.75		0.656395
318.875		0.656395
319		0.656395
319.125		0.65688
319.25		0.65688
319.375		0.65688
319.5		0.65688
319.625		0.65688
319.75		0.65688
319.875		0.65688
320		0.65688
320.125		0.661115
320.25		0.661115
320.375		0.661115
320.5		0.661115
320.625		0.661115
320.75		0.661115
320.875		0.661115
321		0.661115
321.125		0.663125
321.25		0.663125
321.375		0.663125
321.5		0.663125
321.625		0.663125
321.75		0.663125
321.875		0.663125
322		0.663125
322.125		0.66682
322.25		0.66682
322.375		0.66682
322.5		0.66682
322.625		0.66682
322.75		0.66682
322.875		0.66682
323		0.66682
323.125		0.669708
323.25		0.669708
323.375		0.669708
323.5		0.669708
323.625		0.669708
323.75		0.669708
323.875		0.669708
324		0.669708
324.125		0.670043
324.25		0.670043
324.375		0.670043
324.5		0.670043
324.625		0.670043
324.75		0.670043
324.875		0.670043
325		0.670043
325.125		0.67145
325.25		0.67145
325.375		0.67145
325.5		0.67145
325.625		0.67145
325.75		0.67145
325.875		0.67145
326		0.67145
326.125		0.674192
326.25		0.674192
326.375		0.674192
326.5		0.674192
326.625		0.674192
326.75		0.674192
326.875		0.674192
327		0.674192
327.125		0.674657
327.25		0.674657
327.375		0.674657
327.5		0.674657
327.625		0.674657
327.75		0.674657
327.875		0.674657
328		0.674657
328.125		0.680718
328.25		0.680718
328.375		0.680718
328.5		0.680718
328.625		0.680718
328.75		0.680718
328.875		0.680718
329		0.680718
329.125		0.681818
329.25		0.681818
329.375		0.681818
329.5		0.681818
329.625		0.681818
329.75		0.681818
329.875		0.681818
330		0.681818
330.125		0.682748
330.25		0.682748
330.375		0.682748
330.5		0.682748
330.625		0.682748
330.75		0.682748
330.875		0.682748
331		0.682748
331.125		0.683141
331.25		0.683141
331.375		0.683141
331.5		0.683141
331.625		0.683141
331.75		0.683141
331.875		0.683141
332		0.683141
332.125		0.684651
332.25		0.684651
332.375		0.684651
332.5		0.684651
332.625		0.684651
332.75		0.684651
332.875		0.684651
333		0.684651
333.125		0.690082
333.25		0.690082
333.375		0.690082
333.5		0.690082
333.625		0.690082
333.75		0.690082
333.875		0.690082
334		0.690082
334.125		0.690529
334.25		0.690529
334.375		0.690529
334.5		0.690529
334.625		0.690529
334.75		0.690529
334.875		0.690529
335		0.690529
335.125		0.692894
335.25		0.692894
335.375		0.692894
335.5		0.692894
335.625		0.692894
335.75		0.692894
335.875		0.692894
336		0.692894
336.125		0.695471
336.25		0.695471
336.375		0.695471
336.5		0.695471
336.625		0.695471
336.75		0.695471
336.875		0.695471
337		0.695471
337.125		0.697554
337.25		0.697554
337.375		0.697554
337.5		0.697554
337.625		0.697554
337.75		0.697554
337.875		0.697554
338		0.697554
338.125		0.699956
338.25		0.699956
338.375		0.699956
338.5		0.699956
338.625		0.699956
338.75		0.699956
338.875		0.699956
339		0.699956
339.125		0.700895
339.25		0.700895
339.375		0.700895
339.5		0.700895
339.625		0.700895
339.75		0.700895
339.875		0.700895
340		0.700895
340.125		0.702097
340.25		0.702097
340.375		0.702097
340.5		0.702097
340.625		0.702097
340.75		0.702097
340.875		0.702097
341		0.702097
341.125		0.705191
341.25		0.705191
341.375		0.705191
341.5		0.705191
341.625		0.705191
341.75		0.705191
341.875		0.705191
342		0.705191
342.125		0.709943
342.25		0.709943
342.375		0.709943
342.5		0.709943
342.625		0.709943
342.75		0.709943
342.875		0.709943
343		0.709943
343.125		0.712012
343.25		0.712012
343.375		0.712012
343.5		0.712012
343.625		0.712012
343.75		0.712012
343.875		0.712012
344		0.712012
344.125		0.712536
344.25		0.712536
344.375		0.712536
344.5		0.712536
344.625		0.712536
344.75		0.712536
344.875		0.712536
345		0.712536
345.125		0.717311
345.25		0.717311
345.375		0.717311
345.5		0.717311
345.625		0.717311
345.75		0.717311
345.875		0.717311
346		0.717311
346.125		0.721512
346.25		0.721512
346.375		0.721512
346.5		0.721512
346.625		0.721512
346.75		0.721512
346.875		0.721512
347		0.721512
347.125		0.723406
347.25		0.723406
347.375		0.723406
347.5		0.723406
347.625		0.723406
347.75		0.723406
347.875		0.723406
348		0.723406
348.125		0.724252
348.25		0.724252
348.375		0.724252
348.5		0.724252
348.625		0.724252
348.75		0.724252
348.875		0.724252
349		0.724252
349.125		0.727525
349.25		0.727525
349.375		0.727525
349.5		0.727525
349.625		0.727525
349.75		0.727525
349.875		0.727525
350		0.727525
350.125		0.727992
350.25		0.727992
350.375		0.727992
350.5		0.727992
350.625		0.727992
350.75		0.727992
350.875		0.727992
351		0.727992
351.125		0.731018
351.25		0.731018
351.375		0.731018
351.5		0.731018
351.625		0.731018
351.75		0.731018
351.875		0.731018
352		0.731018
352.125		0.732554
352.25		0.732554
352.375		0.732554
352.5		0.732554
352.625		0.732554
352.75		0.732554
352.875		0.732554
353		0.732554
353.125		0.732554
353.25		0.732554
353.375		0.732554
353.5		0.732554
353.625		0.732554
353.75		0.732554
353.875		0.732554
354		0.732554
354.125		0.73536
354.25		0.73536
354.375		0.73536
354.5		0.73536
354.625		0.73536
354.75		0.73536
354.875		0.73536
355		0.73536
355.125		0.738084
355.25		0.738084
355.375		0.738084
355.5		0.738084
355.625		0.738084
355.75		0.738084
355.875		0.738084
356		0.738084
356.125		0.739815
356.25		0.739815
356.375		0.739815
356.5		0.739815
356.625		0.739815
356.75		0.739815
356.875		0.739815
357		0.739815
357.125		0.741926
357.25		0.741926
357.375		0.741926
357.5		0.741926
357.625		0.741926
357.75		0.741926
357.875		0.741926
358		0.741926
358.125		0.745474
358.25		0.745474
358.375		0.745474
358.5		0.745474
358.625		0.745474
358.75		0.745474
358.875		0.745474
359		0.745474
359.125		0.74701
359.25		0.74701
359.375		0.74701
359.5		0.74701
359.625		0.74701
359.75		0.74701
359.875		0.74701
360		0.74701
360.125		0.749192
360.25		0.749192
360.375		0.749192
360.5		0.749192
360.625		0.749192
360.75		0.749192
360.875		0.749192
361		0.749192
361.125		0.75019
361.25		0.75019
361.375		0.75019
361.5		0.75019
361.625		0.75019
361.75		0.75019
361.875		0.75019
362		0.75019
362.125		0.7534
362.25		0.7534
362.375		0.7534
362.5		0.7534
362.625		0.7534
362.75		0.7534
362.875		0.7534
363		0.7534
363.125		0.756176
363.25		0.756176
363.375		0.756176
363.5		0.756176
363.625		0.756176
363.75		0.756176
363.875		0.756176
364		0.756176
364.125		0.759193
364.25		0.759193
364.375		0.759193
364.5		0.759193
364.625		0.759193
364.75		0.759193
364.875		0.759193
365		0.759193
365.125		0.760168
365.25		0.760168
365.375		0.760168
365.5		0.760168
365.625		0.760168
365.75		0.760168
365.875		0.760168
366		0.760168
366.125		0.760175
366.25		0.760175
366.375		0.760175
366.5		0.760175
366.625		0.760175
366.75		0.760175
366.875		0.760175
367		0.760175
367.125		0.762673
367.25		0.762673
367.375		0.762673
367.5		0.762673
367.625		0.762673
367.75		0.762673
367.875		0.762673
368		0.762673
368.125		0.765202
368.25		0.765202
368.375		0.765202
368.5		0.765202
368.625		0.765202
368.75		0.765202
368.875		0.765202
369		0.765202
369.125		0.766644
369.25		0.766644
369.375		0.766644
369.5		0.766644
369.625		0.766644
369.75		0.766644
369.875		0.766644
370		0.766644
370.125		0.771911
370.25		0.771911
370.375		0.771911
370.5		0.771911
370.625		0.771911
370.75		0.771911
370.875		0.771911
371		0.771911
371.125		0.772077
371.25		0.772077
371.375		0.772077
371.5		0.772077
371.625		0.772077
371.75		0.772077
371.875		0.772077
372		0.772077
372.125		0.773418
372.25		0.773418
372.375		0.773418
372.5		0.773418
372.625		0.773418
372.75		0.773418
372.875		0.773418
373		0.773418
373.125		0.779805
373.25		0.779805
373.375		0.779805
373.5		0.779805
373.625		0.779805
373.75		0.779805
373.875		0.779805
374		0.779805
374.125		0.784108
374.25		0.784108
374.375		0.784108
374.5		0.784108
374.625		0.784108
374.75		0.784108
374.875		0.784108
375		0.784108
375.125		0.785725
375.25		0.785725
375.375		0.785725
375.5		0.785725
375.625		0.785725
375.75		0.785725
375.875		0.785725
376		0.785725
376.125		0.786118
376.25		0.786118
376.375		0.786118
376.5		0.786118
376.625		0.786118
376.75		0.786118
376.875		0.786118
377		0.786118
377.125		0.790448
377.25		0.790448
377.375		0.790448
377.5		0.790448
377.625		0.790448
377.75		0.790448
377.875		0.790448
378		0.790448
378.125		0.793442
378.25		0.793442
378.375		0.793442
378.5		0.793442
378.625		0.793442
378.75		0.793442
378.875		0.793442
379		0.793442
379.125		0.795198
379.25		0.795198
379.375		0.795198
379.5		0.795198
379.625		0.795198
379.75		0.795198
379.875		0.795198
380		0.795198
380.125		0.796983
380.25		0.796983
380.375		0.796983
380.5		0.796983
380.625		0.796983
380.75		0.796983
380.875		0.796983
381		0.796983
381.125		0.79892
381.25		0.79892
381.375		0.79892
381.5		0.79892
381.625		0.79892
381.75		0.79892
381.875		0.79892
382		0.79892
382.125		0.800336
382.25		0.800336
382.375		0.800336
382.5		0.800336
382.625		0.800336
382.75		0.800336
382.875		0.800336
383		0.800336
383.125		0.801454
383.25		0.801454
383.375		0.801454
383.5		0.801454
383.625		0.801454
383.75		0.801454
383.875		0.801454
384		0.801454
384.125		0.804968
384.25		0.804968
384.375		0.804968
384.5		0.804968
384.625		0.804968
384.75		0.804968
384.875		0.804968
385		0.804968
385.125		0.806075
385.25		0.806075
385.375		0.806075
385.5		0.806075
385.625		0.806075
385.75		0.806075
385.875		0.806075
386		0.806075
386.125		0.80773
386.25		0.80773
386.375		0.80773
386.5		0.80773
386.625		0.80773
386.75		0.80773
386.875		0.80773
387		0.80773
387.125		0.812564
387.25		0.812564
387.375		0.812564
387.5		0.812564
387.625		0.812564
387.75		0.812564
387.875		0.812564
388		0.812564
388.125		0.812927
388.25		0.812927
388.375		0.812927
388.5		0.812927
388.625		0.812927
388.75		0.812927
388.875		0.812927
389		0.812927
389.125		0.815229
389.25		0.815229
389.375		0.815229
389.5		0.815229
389.625		0.815229
389.75		0.815229
389.875		0.815229
390		0.815229
390.125		0.81669
390.25		0.81669
390.375		0.81669
390.5		0.81669
390.625		0.81669
390.75		0.81669
390.875		0.81669
391		0.81669
391.125		0.817307
391.25		0.817307
391.375		0.817307
391.5		0.817307
391.625		0.817307
391.75		0.817307
391.875		0.817307
392		0.817307
392.125		0.822404
392.25		0.822404
392.375		0.822404
392.5		0.822404
392.625		0.822404
392.75		0.822404
392.875		0.822404
393		0.822404
393.125		0.825194
393.25		0.825194
393.375		0.825194
393.5		0.825194
393.625		0.825194
393.75		0.825194
393.875		0.825194
394		0.825194
394.125		0.828197
394.25		0.828197
394.375		0.828197
394.5		0.828197
394.625		0.828197
394.75		0.828197
394.875		0.828197
395		0.828197
395.125		0.828556
395.25		0.828556
395.375		0.828556
395.5		0.828556
395.625		0.828556
395.75		0.828556
395.875		0.828556
396		0.828556
396.125		0.828944
396.25		0.828944
396.375		0.828944
396.5		0.828944
396.625		0.828944
396.75		0.828944
396.875		0.828944
397		0.828944
397.125		0.829951
397.25		0.829951
397.375		0.829951
397.5		0.829951
397.625		0.829951
397.75		0.829951
397.875		0.829951
398		0.829951
398.125		0.835023
398.25		0.835023
398.375		0.835023
398.5		0.835023
398.625		0.835023
398.75		0.835023
398.875		0.835023
399		0.835023
399.125		0.837792
399.25		0.837792
399.375		0.837792
399.5		0.837792
399.625		0.837792
399.75		0.837792
399.875		0.837792
400		0.837792
400.125		0.841286
400.25		0.841286
400.375		0.841286
400.5		0.841286
400.625		0.841286
400.75		0.841286
400.875		0.841286
401		0.841286
401.125		0.841823
401.25		0.841823
401.375		0.841823
401.5		0.841823
401.625		0.841823
401.75		0.841823
401.875		0.841823
402		0.841823
402.125		0.842182
402.25		0.842182
402.375		0.842182
402.5		0.842182
402.625		0.842182
402.75		0.842182
402.875		0.842182
403		0.842182
403.125		0.844182
403.25		0.844182
403.375		0.844182
403.5		0.844182
403.625		0.844182
403.75		0.844182
403.875		0.844182
404		0.844182
404.125		0.849399
404.25		0.849399
404.375		0.849399
404.5		0.849399
404.625		0.849399
404.75		0.849399
404.875		0.849399
405		0.849399
405.125		0.851407
405.25		0.851407
405.375		0.851407
405.5		0.851407
405.625		0.851407
405.75		0.851407
405.875		0.851407
406		0.851407
406.125		0.854669
406.25		0.854669
406.375		0.854669
406.5		0.854669
406.625		0.854669
406.75		0.854669
406.875		0.854669
407		0.854669
407.125		0.856155
407.25		0.856155
407.375		0.856155
407.5		0.856155
407.625		0.856155
407.75		0.856155
407.875		0.856155
408		0.856155
408.125		0.856504
408.25		0.856504
408.375		0.856504
408.5		0.856504
408.625		0.856504
408.75		0.856504
408.875		0.856504
409		0.856504
409.125		0.859192
409.25		0.859192
409.375		0.859192
409.5		0.859192
409.625		0.859192
409.75		0.859192
409.875		0.859192
410		0.859192
410.125		0.863234
410.25		0.863234
410.375		0.863234
410.5		0.863234
410.625		0.863234
410.75		0.863234
410.875		0.863234
411		0.863234
411.125		0.863706
411.25		0.863706
411.375		0.863706
411.5		0.863706
411.625		0.863706
411.75		0.863706
411.875		0.863706
412		0.863706
412.125		0.868217
412.25		0.868217
412.375		0.868217
412.5		0.868217
412.625		0.868217
412.75		0.868217
412.875		0.868217
413		0.868217
413.125		0.869073
413.25		0.869073
413.375		0.869073
413.5		0.869073
413.625		0.869073
413.75		0.869073
413.875		0.869073
414		0.869073
414.125		0.86969
414.25		0.86969
414.375		0.86969
414.5		0.86969
414.625		0.86969
414.75		0.86969
414.875		0.86969
415		0.86969
415.125		0.871863
415.25		0.871863
415.375		0.871863
415.5		0.871863
415.625		0.871863
415.75		0.871863
415.875		0.871863
416		0.871863
416.125		0.874317
416.25		0.874317
416.375		0.874317
416.5		0.874317
416.625		0.874317
416.75		0.874317
416.875		0.874317
417		0.874317
417.125		0.878654
417.25		0.878654
417.375		0.878654
417.5		0.878654
417.625		0.878654
417.75		0.878654
417.875		0.878654
418		0.878654
418.125		0.879981
418.25		0.879981
418.375		0.879981
418.5		0.879981
418.625		0.879981
418.75		0.879981
418.875		0.879981
419		0.879981
419.125		0.879983
419.25		0.879983
419.375		0.879983
419.5		0.879983
419.625		0.879983
419.75		0.879983
419.875		0.879983
420		0.879983
420.125		0.880841
420.25		0.880841
420.375		0.880841
420.5		0.880841
420.625		0.880841
420.75		0.880841
420.875		0.880841
421		0.880841
421.125		0.885277
421.25		0.885277
421.375		0.885277
421.5		0.885277
421.625		0.885277
421.75		0.885277
421.875		0.885277
422		0.885277
422.125		0.885636
422.25		0.885636
422.375		0.885636
422.5		0.885636
422.625		0.885636
422.75		0.885636
422.875		0.885636
423		0.885636
423.125		0.890733
423.25		0.890733
423.375		0.890733
423.5		0.890733
423.625		0.890733
423.75		0.890733
423.875		0.890733
424		0.890733
424.125		0.891695
424.25		0.891695
424.375		0.891695
424.5		0.891695
424.625		0.891695
424.75		0.891695
424.875		0.891695
425		0.891695
425.125		0.892529
425.25		0.892529
425.375		0.892529
425.5		0.892529
425.625		0.892529
425.75		0.892529
425.875		0.892529
426		0.892529
426.125		0.896249
426.25		0.896249
426.375		0.896249
426.5		0.896249
426.625		0.896249
426.75		0.896249
426.875		0.896249
427		0.896249
427.125		0.896714
427.25		0.896714
427.375		0.896714
427.5		0.896714
427.625		0.896714
427.75		0.896714
427.875		0.896714
428		0.896714
428.125		0.899314
428.25		0.899314
428.375		0.899314
428.5		0.899314
428.625		0.899314
428.75		0.899314
428.875		0.899314
429		0.899314
429.125		0.902898
429.25		0.902898
429.375		0.902898
429.5		0.902898
429.625		0.902898
429.75		0.902898
429.875		0.902898
430		0.902898
430.125		0.90422
430.25		0.90422
430.375		0.90422
430.5		0.90422
430.625		0.90422
430.75		0.90422
430.875		0.90422
431		0.90422
431.125		0.905636
431.25		0.905636
431.375		0.905636
431.5		0.905636
431.625		0.905636
431.75		0.905636
431.875		0.905636
432		0.905636
432.125		0.908455
432.25		0.908455
432.375		0.908455
432.5		0.908455
432.625		0.908455
432.75		0.908455
432.875		0.908455
433		0.908455
433.125		0.909514
433.25		0.909514
433.375		0.909514
433.5		0.909514
433.625		0.909514
433.75		0.909514
433.875		0.909514
434		0.909514
434.125		0.913305
434.25		0.913305
434.375		0.913305
434.5		0.913305
434.625		0.913305
434.75		0.913305
434.875		0.913305
435		0.913305
435.125		0.914051
435.25		0.914051
435.375		0.914051
435.5		0.914051
435.625		0.914051
435.75		0.914051
435.875		0.914051
436		0.914051
436.125		0.916065
436.25		0.916065
436.375		0.916065
436.5		0.916065
436.625		0.916065
436.75		0.916065
436.875		0.916065
437		0.916065
437.125		0.916564
437.25		0.916564
437.375		0.916564
437.5		0.916564
437.625		0.916564
437.75		0.916564
437.875		0.916564
438		0.916564
438.125		0.922051
438.25		0.922051
438.375		0.922051
438.5		0.922051
438.625		0.922051
438.75		0.922051
438.875		0.922051
439		0.922051
439.125		0.92466
439.25		0.92466
439.375		0.92466
439.5		0.92466
439.625		0.92466
439.75		0.92466
439.875		0.92466
440		0.92466
440.125		0.925077
440.25		0.925077
440.375		0.925077
440.5		0.925077
440.625		0.925077
440.75		0.925077
440.875		0.925077
441		0.925077
441.125		0.926193
441.25		0.926193
441.375		0.926193
441.5		0.926193
441.625		0.926193
441.75		0.926193
441.875		0.926193
442		0.926193
442.125		0.927169
442.25		0.927169
442.375		0.927169
442.5		0.927169
442.625		0.927169
442.75		0.927169
442.875		0.927169
443		0.927169
443.125		0.932434
443.25		0.932434
443.375		0.932434
443.5		0.932434
443.625		0.932434
443.75		0.932434
443.875		0.932434
444		0.932434
444.125		0.934357
444.25		0.934357
444.375		0.934357
444.5		0.934357
444.625		0.934357
444.75		0.934357
444.875		0.934357
445		0.934357
445.125		0.937335
445.25		0.937335
445.375		0.937335
445.5		0.937335
445.625		0.937335
445.75		0.937335
445.875		0.937335
446		0.937335
446.125		0.938172
446.25		0.938172
446.375		0.938172
446.5		0.938172
446.625		0.938172
446.75		0.938172
446.875		0.938172
447		0.938172
447.125		0.939844
447.25		0.939844
447.375		0.939844
447.5		0.939844
447.625		0.939844
447.75		0.939844
447.875		0.939844
448		0.939844
448.125		0.940972
448.25		0.940972
448.375		0.940972
448.5		0.940972
448.625		0.940972
448.75		0.940972
448.875		0.940972
449		0.940972
449.125		0.943301
449.25		0.943301
449.375		0.943301
449.5		0.943301
449.625		0.943301
449.75		0.943301
449.875		0.943301
450		0.943301
450.125		0.947196
450.25		0.947196
450.375		0.947196
450.5		0.947196
450.625		0.947196
450.75		0.947196
450.875		0.947196
451		0.947196
451.125		0.948627
451.25		0.948627
451.375		0.948627
451.5		0.948627
451.625		0.948627
451.75		0.948627
451.875		0.948627
452		0.948627
452.125		0.948627
452.25		0.948627
452.375		0.948627
452.5		0.948627
452.625		0.948627
452.75		0.948627
452.875		0.948627
453		0.948627
453.125		0.951837
453.25		0.951837
453.375		0.951837
453.5		0.951837
453.625		0.951837
453.75		0.951837
453.875		0.951837
454		0.951837
454.125		0.953592
454.25		0.953592
454.375		0.953592
454.5		0.953592
454.625		0.953592
454.75		0.953592
454.875		0.953592
455		0.953592
455.125		0.954402
455.25		0.954402
455.375		0.954402
455.5		0.954402
455.625		0.954402
455.75		0.954402
455.875		0.954402
456		0.954402
456.125		0.959526
456.25		0.959526
456.375		0.959526
456.5		0.959526
456.625		0.959526
456.75		0.959526
456.875		0.959526
457		0.959526
457.125		0.959873
457.25		0.959873
457.375		0.959873
457.5		0.959873
457.625		0.959873
457.75		0.959873
457.875		0.959873
458		0.959873
458.125		0.960983
458.25		0.960983
458.375		0.960983
458.5		0.960983
458.625		0.960983
458.75		0.960983
458.875		0.960983
459		0.960983
459.125		0.964623
459.25		0.964623
459.375		0.964623
459.5		0.964623
459.625		0.964623
459.75		0.964623
459.875		0.964623
460		0.964623
460.125		0.966381
460.25		0.966381
460.375		0.966381
460.5		0.966381
460.625		0.966381
460.75		0.966381
460.875		0.966381
461		0.966381
461.125		0.968811
461.25		0.968811
461.375		0.968811
461.5		0.968811
461.625		0.968811
461.75		0.968811
461.875		0.968811
462		0.968811
462.125		0.97038
462.25		0.97038
462.375		0.97038
462.5		0.97038
462.625		0.97038
462.75		0.97038
462.875		0.97038
463		0.97038
463.125		0.972794
463.25		0.972794
463.375		0.972794
463.5		0.972794
463.625		0.972794
463.75		0.972794
463.875		0.972794
464		0.972794
464.125		0.97308
464.25		0.97308
464.375		0.97308
464.5		0.97308
464.625		0.97308
464.75		0.97308
464.875		0.97308
465		0.97308
465.125		0.978195
465.25		0.978195
465.375		0.978195
465.5		0.978195
465.625		0.978195
465.75		0.978195
465.875		0.978195
466		0.978195
466.125		0.978499
466.25		0.978499
466.375		0.978499
466.5		0.978499
466.625		0.978499
466.75		0.978499
466.875		0.978499
467		0.978499
467.125		0.978927
467.25		0.978927
467.375		0.978927
467.5		0.978927
467.625		0.978927
467.75		0.978927
467.875		0.978927
468		0.978927
468.125		0.982244
468.25		0.982244
468.375		0.982244
468.5		0.982244
468.625		0.982244
468.75		0.982244
468.875		0.982244
469		0.982244
469.125		0.983922
469.25		0.983922
469.375		0.983922
469.5		0.983922
469.625		0.983922
469.75		0.983922
469.875		0.983922
470		0.983922
470.125		0.98526
470.25		0.98526
470.375		0.98526
470.5		0.98526
470.625		0.98526
470.75		0.98526
470.875		0.98526
471		0.98526
471.125		0.986456
471.25		0.986456
471.375		0.986456
471.5		0.986456
471.625		0.986456
471.75		0.986456
471.875		0.986456
472		0.986456
472.125		0.989831
472.25		0.989831
472.375		0.989831
472.5		0.989831
472.625		0.989831
472.75		0.989831
472.875		0.989831
473		0.989831
473.125		0.99082
473.25		0.99082
473.375		0.99082
473.5		0.99082
473.625		0.99082
473.75		0.99082
473.875		0.99082
474		0.99082
474.125		0.993413
474.25		0.993413
474.375		0.993413
474.5		0.993413
474.625		0.993413
474.75		0.993413
474.875		0.993413
475		0.993413
475.125		0.994322
475.25		0.994322
475.375		0.994322
475.5		0.994322
475.625		0.994322
475.75		0.994322
475.875		0.994322
476		0.994322
476.125		0.996784
476.25		0.996784
476.375		0.996784
476.5		0.996784
476.625		0.996784
476.75		0.996784
476.875		0.996784
477		0.996784
477.125		0.998283
477.25		0.998283
477.375		0.998283
477.5		0.998283
477.625		0.998283
477.75		0.998283
477.875		0.998283
478		0.998283
478.125		0.99988
478.25		0.99988
478.375		0.99988
478.5		0.99988
478.625		0.99988
478.75		0.99988
478.875		0.99988
479		0.99988
479.125		0.999898
479.25		0.999898
479.375		0.999898
479.5		0.999898
479.625		0.999898
479.75		0.999898
479.875		0.999898
480		0.999898
480.125		0.999993
480.25		0.999993
480.375		0.999993
480.5		0.999993
480.625		0.999993
480.75		0.999993
480.875		0.999993
481		0.999993
481.125		0.999998
481.25		0.999998
481.375		0.999998
481.5		0.999998
481.625		0.999998
481.75		0.999998
481.875		0.999998
482		0.999998
482.125		1
482.25		1
482.375		1
482.5		1
482.625		1
482.75		1
482.875		1
483		1
483.125		1
483.25		1
483.375		1
483.5		1
483.625		1
483.75		1
483.875		1
484		1
484.125		1
484.25		1
484.375		1
484.5		1
484.625		1
484.75		1
484.875		1
485		1
485.125		1
485.25		1
485.375		1
485.5		1
485.625		1
485.75		1
485.875		1
486		1
486.125		1
486.25		1
486.375		1
486.5		1
486.625		1
486.75		1
486.875		1
487		1
487.125		1
487.25		1
487.375		1
487.5		1
487.625		1
487.75		1
487.875		1
488		1
488.125		1
488.25		1
488.375		1
488.5		1
488.625		1
488.75		1
488.875		1
489		1
489.125		1
489.25		1
489.375		1
489.5		1
489.625		1
489.75		1
489.875		1
490		1
490.125		1
490.25		1
490.375		1
490.5		1
490.625		1
490.75		1
490.875		1
491		1
491.125		1
491.25		1
491.375		1
491.5		1
491.625		1
491.75		1
491.875		1
492		1
492.125		1
492.25		1
492.375		1
492.5		1
492.625		1
492.75		1
492.875		1
493		1
493.125		1
493.25		1
493.375		1
493.5		1
493.625		1
493.75		1
493.875		1
494		1
494.125		1
494.25		1
494.375		1
494.5		1
494.625		1
494.75		1
494.875		1
495		1
495.125		1
495.25		1
495.375		1
495.5		1
495.625		1
495.75		1
495.875		1
496		1
496.125		1
496.25		1
496.375		1
496.5		1
496.625		1
496.75		1
496.875		1
497		1
497.125		1
497.25		1
497.375		1
497.5		1
497.625		1
497.75		1
497.875		1
498		1
498.125		1
498.25		1
498.375		1
498.5		1
498.625		1
498.75		1
498.875		1
499		1
499.125		1
499.25		1
499.375		1
499.5		1
499.625		1
499.75		1
499.875		1
500		1
