# Calibration file of tamex_id 0 @ channel 9
# fine_T bin		 Calibration value
0.125		0
0.25		0
0.375		0
0.5		0
0.625		0
0.75		0
0.875		0
1		0
1.125		0
1.25		0
1.375		0
1.5		0
1.625		0
1.75		0
1.875		0
2		0
2.125		0
2.25		0
2.375		0
2.5		0
2.625		0
2.75		0
2.875		0
3		0
3.125		0
3.25		0
3.375		0
3.5		0
3.625		0
3.75		0
3.875		0
4		0
4.125		0
4.25		0
4.375		0
4.5		0
4.625		0
4.75		0
4.875		0
5		0
5.125		0
5.25		0
5.375		0
5.5		0
5.625		0
5.75		0
5.875		0
6		0
6.125		0
6.25		0
6.375		0
6.5		0
6.625		0
6.75		0
6.875		0
7		0
7.125		0
7.25		0
7.375		0
7.5		0
7.625		0
7.75		0
7.875		0
8		0
8.125		0
8.25		0
8.375		0
8.5		0
8.625		0
8.75		0
8.875		0
9		0
9.125		0
9.25		0
9.375		0
9.5		0
9.625		0
9.75		0
9.875		0
10		0
10.125		0
10.25		0
10.375		0
10.5		0
10.625		0
10.75		0
10.875		0
11		0
11.125		0
11.25		0
11.375		0
11.5		0
11.625		0
11.75		0
11.875		0
12		0
12.125		0
12.25		0
12.375		0
12.5		0
12.625		0
12.75		0
12.875		0
13		0
13.125		0
13.25		0
13.375		0
13.5		0
13.625		0
13.75		0
13.875		0
14		0
14.125		0
14.25		0
14.375		0
14.5		0
14.625		0
14.75		0
14.875		0
15		0
15.125		0
15.25		0
15.375		0
15.5		0
15.625		0
15.75		0
15.875		0
16		0
16.125		0
16.25		0
16.375		0
16.5		0
16.625		0
16.75		0
16.875		0
17		0
17.125		0.00641477
17.25		0.00641477
17.375		0.00641477
17.5		0.00641477
17.625		0.00641477
17.75		0.00641477
17.875		0.00641477
18		0.00641477
18.125		0.00770192
18.25		0.00770192
18.375		0.00770192
18.5		0.00770192
18.625		0.00770192
18.75		0.00770192
18.875		0.00770192
19		0.00770192
19.125		0.0104146
19.25		0.0104146
19.375		0.0104146
19.5		0.0104146
19.625		0.0104146
19.75		0.0104146
19.875		0.0104146
20		0.0104146
20.125		0.0165526
20.25		0.0165526
20.375		0.0165526
20.5		0.0165526
20.625		0.0165526
20.75		0.0165526
20.875		0.0165526
21		0.0165526
21.125		0.0182548
21.25		0.0182548
21.375		0.0182548
21.5		0.0182548
21.625		0.0182548
21.75		0.0182548
21.875		0.0182548
22		0.0182548
22.125		0.0194959
22.25		0.0194959
22.375		0.0194959
22.5		0.0194959
22.625		0.0194959
22.75		0.0194959
22.875		0.0194959
23		0.0194959
23.125		0.0205629
23.25		0.0205629
23.375		0.0205629
23.5		0.0205629
23.625		0.0205629
23.75		0.0205629
23.875		0.0205629
24		0.0205629
24.125		0.0232588
24.25		0.0232588
24.375		0.0232588
24.5		0.0232588
24.625		0.0232588
24.75		0.0232588
24.875		0.0232588
25		0.0232588
25.125		0.0254369
25.25		0.0254369
25.375		0.0254369
25.5		0.0254369
25.625		0.0254369
25.75		0.0254369
25.875		0.0254369
26		0.0254369
26.125		0.0291013
26.25		0.0291013
26.375		0.0291013
26.5		0.0291013
26.625		0.0291013
26.75		0.0291013
26.875		0.0291013
27		0.0291013
27.125		0.0294346
27.25		0.0294346
27.375		0.0294346
27.5		0.0294346
27.625		0.0294346
27.75		0.0294346
27.875		0.0294346
28		0.0294346
28.125		0.0333966
28.25		0.0333966
28.375		0.0333966
28.5		0.0333966
28.625		0.0333966
28.75		0.0333966
28.875		0.0333966
29		0.0333966
29.125		0.0341723
29.25		0.0341723
29.375		0.0341723
29.5		0.0341723
29.625		0.0341723
29.75		0.0341723
29.875		0.0341723
30		0.0341723
30.125		0.0350737
30.25		0.0350737
30.375		0.0350737
30.5		0.0350737
30.625		0.0350737
30.75		0.0350737
30.875		0.0350737
31		0.0350737
31.125		0.0356313
31.25		0.0356313
31.375		0.0356313
31.5		0.0356313
31.625		0.0356313
31.75		0.0356313
31.875		0.0356313
32		0.0356313
32.125		0.0416751
32.25		0.0416751
32.375		0.0416751
32.5		0.0416751
32.625		0.0416751
32.75		0.0416751
32.875		0.0416751
33		0.0416751
33.125		0.0446686
33.25		0.0446686
33.375		0.0446686
33.5		0.0446686
33.625		0.0446686
33.75		0.0446686
33.875		0.0446686
34		0.0446686
34.125		0.0461843
34.25		0.0461843
34.375		0.0461843
34.5		0.0461843
34.625		0.0461843
34.75		0.0461843
34.875		0.0461843
35		0.0461843
35.125		0.046396
35.25		0.046396
35.375		0.046396
35.5		0.046396
35.625		0.046396
35.75		0.046396
35.875		0.046396
36		0.046396
36.125		0.0497858
36.25		0.0497858
36.375		0.0497858
36.5		0.0497858
36.625		0.0497858
36.75		0.0497858
36.875		0.0497858
37		0.0497858
37.125		0.0528317
37.25		0.0528317
37.375		0.0528317
37.5		0.0528317
37.625		0.0528317
37.75		0.0528317
37.875		0.0528317
38		0.0528317
38.125		0.0545759
38.25		0.0545759
38.375		0.0545759
38.5		0.0545759
38.625		0.0545759
38.75		0.0545759
38.875		0.0545759
39		0.0545759
39.125		0.0550266
39.25		0.0550266
39.375		0.0550266
39.5		0.0550266
39.625		0.0550266
39.75		0.0550266
39.875		0.0550266
40		0.0550266
40.125		0.0585589
40.25		0.0585589
40.375		0.0585589
40.5		0.0585589
40.625		0.0585589
40.75		0.0585589
40.875		0.0585589
41		0.0585589
41.125		0.0602968
41.25		0.0602968
41.375		0.0602968
41.5		0.0602968
41.625		0.0602968
41.75		0.0602968
41.875		0.0602968
42		0.0602968
42.125		0.0646991
42.25		0.0646991
42.375		0.0646991
42.5		0.0646991
42.625		0.0646991
42.75		0.0646991
42.875		0.0646991
43		0.0646991
43.125		0.0657074
43.25		0.0657074
43.375		0.0657074
43.5		0.0657074
43.625		0.0657074
43.75		0.0657074
43.875		0.0657074
44		0.0657074
44.125		0.0683718
44.25		0.0683718
44.375		0.0683718
44.5		0.0683718
44.625		0.0683718
44.75		0.0683718
44.875		0.0683718
45		0.0683718
45.125		0.0685815
45.25		0.0685815
45.375		0.0685815
45.5		0.0685815
45.625		0.0685815
45.75		0.0685815
45.875		0.0685815
46		0.0685815
46.125		0.0729292
46.25		0.0729292
46.375		0.0729292
46.5		0.0729292
46.625		0.0729292
46.75		0.0729292
46.875		0.0729292
47		0.0729292
47.125		0.0736881
47.25		0.0736881
47.375		0.0736881
47.5		0.0736881
47.625		0.0736881
47.75		0.0736881
47.875		0.0736881
48		0.0736881
48.125		0.0767194
48.25		0.0767194
48.375		0.0767194
48.5		0.0767194
48.625		0.0767194
48.75		0.0767194
48.875		0.0767194
49		0.0767194
49.125		0.0769794
49.25		0.0769794
49.375		0.0769794
49.5		0.0769794
49.625		0.0769794
49.75		0.0769794
49.875		0.0769794
50		0.0769794
50.125		0.0809288
50.25		0.0809288
50.375		0.0809288
50.5		0.0809288
50.625		0.0809288
50.75		0.0809288
50.875		0.0809288
51		0.0809288
51.125		0.0827694
51.25		0.0827694
51.375		0.0827694
51.5		0.0827694
51.625		0.0827694
51.75		0.0827694
51.875		0.0827694
52		0.0827694
52.125		0.0848112
52.25		0.0848112
52.375		0.0848112
52.5		0.0848112
52.625		0.0848112
52.75		0.0848112
52.875		0.0848112
53		0.0848112
53.125		0.0853919
53.25		0.0853919
53.375		0.0853919
53.5		0.0853919
53.625		0.0853919
53.75		0.0853919
53.875		0.0853919
54		0.0853919
54.125		0.0924272
54.25		0.0924272
54.375		0.0924272
54.5		0.0924272
54.625		0.0924272
54.75		0.0924272
54.875		0.0924272
55		0.0924272
55.125		0.092553
55.25		0.092553
55.375		0.092553
55.5		0.092553
55.625		0.092553
55.75		0.092553
55.875		0.092553
56		0.092553
56.125		0.0941378
56.25		0.0941378
56.375		0.0941378
56.5		0.0941378
56.625		0.0941378
56.75		0.0941378
56.875		0.0941378
57		0.0941378
57.125		0.0966932
57.25		0.0966932
57.375		0.0966932
57.5		0.0966932
57.625		0.0966932
57.75		0.0966932
57.875		0.0966932
58		0.0966932
58.125		0.0980475
58.25		0.0980475
58.375		0.0980475
58.5		0.0980475
58.625		0.0980475
58.75		0.0980475
58.875		0.0980475
59		0.0980475
59.125		0.101024
59.25		0.101024
59.375		0.101024
59.5		0.101024
59.625		0.101024
59.75		0.101024
59.875		0.101024
60		0.101024
60.125		0.10294
60.25		0.10294
60.375		0.10294
60.5		0.10294
60.625		0.10294
60.75		0.10294
60.875		0.10294
61		0.10294
61.125		0.104817
61.25		0.104817
61.375		0.104817
61.5		0.104817
61.625		0.104817
61.75		0.104817
61.875		0.104817
62		0.104817
62.125		0.105401
62.25		0.105401
62.375		0.105401
62.5		0.105401
62.625		0.105401
62.75		0.105401
62.875		0.105401
63		0.105401
63.125		0.108829
63.25		0.108829
63.375		0.108829
63.5		0.108829
63.625		0.108829
63.75		0.108829
63.875		0.108829
64		0.108829
64.125		0.113435
64.25		0.113435
64.375		0.113435
64.5		0.113435
64.625		0.113435
64.75		0.113435
64.875		0.113435
65		0.113435
65.125		0.115321
65.25		0.115321
65.375		0.115321
65.5		0.115321
65.625		0.115321
65.75		0.115321
65.875		0.115321
66		0.115321
66.125		0.116392
66.25		0.116392
66.375		0.116392
66.5		0.116392
66.625		0.116392
66.75		0.116392
66.875		0.116392
67		0.116392
67.125		0.116594
67.25		0.116594
67.375		0.116594
67.5		0.116594
67.625		0.116594
67.75		0.116594
67.875		0.116594
68		0.116594
68.125		0.121206
68.25		0.121206
68.375		0.121206
68.5		0.121206
68.625		0.121206
68.75		0.121206
68.875		0.121206
69		0.121206
69.125		0.121862
69.25		0.121862
69.375		0.121862
69.5		0.121862
69.625		0.121862
69.75		0.121862
69.875		0.121862
70		0.121862
70.125		0.124564
70.25		0.124564
70.375		0.124564
70.5		0.124564
70.625		0.124564
70.75		0.124564
70.875		0.124564
71		0.124564
71.125		0.126899
71.25		0.126899
71.375		0.126899
71.5		0.126899
71.625		0.126899
71.75		0.126899
71.875		0.126899
72		0.126899
72.125		0.131553
72.25		0.131553
72.375		0.131553
72.5		0.131553
72.625		0.131553
72.75		0.131553
72.875		0.131553
73		0.131553
73.125		0.1318
73.25		0.1318
73.375		0.1318
73.5		0.1318
73.625		0.1318
73.75		0.1318
73.875		0.1318
74		0.1318
74.125		0.133046
74.25		0.133046
74.375		0.133046
74.5		0.133046
74.625		0.133046
74.75		0.133046
74.875		0.133046
75		0.133046
75.125		0.133788
75.25		0.133788
75.375		0.133788
75.5		0.133788
75.625		0.133788
75.75		0.133788
75.875		0.133788
76		0.133788
76.125		0.140324
76.25		0.140324
76.375		0.140324
76.5		0.140324
76.625		0.140324
76.75		0.140324
76.875		0.140324
77		0.140324
77.125		0.141045
77.25		0.141045
77.375		0.141045
77.5		0.141045
77.625		0.141045
77.75		0.141045
77.875		0.141045
78		0.141045
78.125		0.14246
78.25		0.14246
78.375		0.14246
78.5		0.14246
78.625		0.14246
78.75		0.14246
78.875		0.14246
79		0.14246
79.125		0.144184
79.25		0.144184
79.375		0.144184
79.5		0.144184
79.625		0.144184
79.75		0.144184
79.875		0.144184
80		0.144184
80.125		0.144882
80.25		0.144882
80.375		0.144882
80.5		0.144882
80.625		0.144882
80.75		0.144882
80.875		0.144882
81		0.144882
81.125		0.151076
81.25		0.151076
81.375		0.151076
81.5		0.151076
81.625		0.151076
81.75		0.151076
81.875		0.151076
82		0.151076
82.125		0.15199
82.25		0.15199
82.375		0.15199
82.5		0.15199
82.625		0.15199
82.75		0.15199
82.875		0.15199
83		0.15199
83.125		0.15346
83.25		0.15346
83.375		0.15346
83.5		0.15346
83.625		0.15346
83.75		0.15346
83.875		0.15346
84		0.15346
84.125		0.15346
84.25		0.15346
84.375		0.15346
84.5		0.15346
84.625		0.15346
84.75		0.15346
84.875		0.15346
85		0.15346
85.125		0.155755
85.25		0.155755
85.375		0.155755
85.5		0.155755
85.625		0.155755
85.75		0.155755
85.875		0.155755
86		0.155755
86.125		0.159013
86.25		0.159013
86.375		0.159013
86.5		0.159013
86.625		0.159013
86.75		0.159013
86.875		0.159013
87		0.159013
87.125		0.161969
87.25		0.161969
87.375		0.161969
87.5		0.161969
87.625		0.161969
87.75		0.161969
87.875		0.161969
88		0.161969
88.125		0.163556
88.25		0.163556
88.375		0.163556
88.5		0.163556
88.625		0.163556
88.75		0.163556
88.875		0.163556
89		0.163556
89.125		0.165086
89.25		0.165086
89.375		0.165086
89.5		0.165086
89.625		0.165086
89.75		0.165086
89.875		0.165086
90		0.165086
90.125		0.167734
90.25		0.167734
90.375		0.167734
90.5		0.167734
90.625		0.167734
90.75		0.167734
90.875		0.167734
91		0.167734
91.125		0.171566
91.25		0.171566
91.375		0.171566
91.5		0.171566
91.625		0.171566
91.75		0.171566
91.875		0.171566
92		0.171566
92.125		0.172268
92.25		0.172268
92.375		0.172268
92.5		0.172268
92.625		0.172268
92.75		0.172268
92.875		0.172268
93		0.172268
93.125		0.173417
93.25		0.173417
93.375		0.173417
93.5		0.173417
93.625		0.173417
93.75		0.173417
93.875		0.173417
94		0.173417
94.125		0.17944
94.25		0.17944
94.375		0.17944
94.5		0.17944
94.625		0.17944
94.75		0.17944
94.875		0.17944
95		0.17944
95.125		0.179645
95.25		0.179645
95.375		0.179645
95.5		0.179645
95.625		0.179645
95.75		0.179645
95.875		0.179645
96		0.179645
96.125		0.180398
96.25		0.180398
96.375		0.180398
96.5		0.180398
96.625		0.180398
96.75		0.180398
96.875		0.180398
97		0.180398
97.125		0.184735
97.25		0.184735
97.375		0.184735
97.5		0.184735
97.625		0.184735
97.75		0.184735
97.875		0.184735
98		0.184735
98.125		0.187718
98.25		0.187718
98.375		0.187718
98.5		0.187718
98.625		0.187718
98.75		0.187718
98.875		0.187718
99		0.187718
99.125		0.187848
99.25		0.187848
99.375		0.187848
99.5		0.187848
99.625		0.187848
99.75		0.187848
99.875		0.187848
100		0.187848
100.125		0.188383
100.25		0.188383
100.375		0.188383
100.5		0.188383
100.625		0.188383
100.75		0.188383
100.875		0.188383
101		0.188383
101.125		0.192504
101.25		0.192504
101.375		0.192504
101.5		0.192504
101.625		0.192504
101.75		0.192504
101.875		0.192504
102		0.192504
102.125		0.195156
102.25		0.195156
102.375		0.195156
102.5		0.195156
102.625		0.195156
102.75		0.195156
102.875		0.195156
103		0.195156
103.125		0.198711
103.25		0.198711
103.375		0.198711
103.5		0.198711
103.625		0.198711
103.75		0.198711
103.875		0.198711
104		0.198711
104.125		0.199036
104.25		0.199036
104.375		0.199036
104.5		0.199036
104.625		0.199036
104.75		0.199036
104.875		0.199036
105		0.199036
105.125		0.200504
105.25		0.200504
105.375		0.200504
105.5		0.200504
105.625		0.200504
105.75		0.200504
105.875		0.200504
106		0.200504
106.125		0.203514
106.25		0.203514
106.375		0.203514
106.5		0.203514
106.625		0.203514
106.75		0.203514
106.875		0.203514
107		0.203514
107.125		0.206566
107.25		0.206566
107.375		0.206566
107.5		0.206566
107.625		0.206566
107.75		0.206566
107.875		0.206566
108		0.206566
108.125		0.210033
108.25		0.210033
108.375		0.210033
108.5		0.210033
108.625		0.210033
108.75		0.210033
108.875		0.210033
109		0.210033
109.125		0.210472
109.25		0.210472
109.375		0.210472
109.5		0.210472
109.625		0.210472
109.75		0.210472
109.875		0.210472
110		0.210472
110.125		0.212956
110.25		0.212956
110.375		0.212956
110.5		0.212956
110.625		0.212956
110.75		0.212956
110.875		0.212956
111		0.212956
111.125		0.213616
111.25		0.213616
111.375		0.213616
111.5		0.213616
111.625		0.213616
111.75		0.213616
111.875		0.213616
112		0.213616
112.125		0.213903
112.25		0.213903
112.375		0.213903
112.5		0.213903
112.625		0.213903
112.75		0.213903
112.875		0.213903
113		0.213903
113.125		0.220666
113.25		0.220666
113.375		0.220666
113.5		0.220666
113.625		0.220666
113.75		0.220666
113.875		0.220666
114		0.220666
114.125		0.221821
114.25		0.221821
114.375		0.221821
114.5		0.221821
114.625		0.221821
114.75		0.221821
114.875		0.221821
115		0.221821
115.125		0.224924
115.25		0.224924
115.375		0.224924
115.5		0.224924
115.625		0.224924
115.75		0.224924
115.875		0.224924
116		0.224924
116.125		0.225502
116.25		0.225502
116.375		0.225502
116.5		0.225502
116.625		0.225502
116.75		0.225502
116.875		0.225502
117		0.225502
117.125		0.226817
117.25		0.226817
117.375		0.226817
117.5		0.226817
117.625		0.226817
117.75		0.226817
117.875		0.226817
118		0.226817
118.125		0.227223
118.25		0.227223
118.375		0.227223
118.5		0.227223
118.625		0.227223
118.75		0.227223
118.875		0.227223
119		0.227223
119.125		0.233603
119.25		0.233603
119.375		0.233603
119.5		0.233603
119.625		0.233603
119.75		0.233603
119.875		0.233603
120		0.233603
120.125		0.233873
120.25		0.233873
120.375		0.233873
120.5		0.233873
120.625		0.233873
120.75		0.233873
120.875		0.233873
121		0.233873
121.125		0.237692
121.25		0.237692
121.375		0.237692
121.5		0.237692
121.625		0.237692
121.75		0.237692
121.875		0.237692
122		0.237692
122.125		0.238481
122.25		0.238481
122.375		0.238481
122.5		0.238481
122.625		0.238481
122.75		0.238481
122.875		0.238481
123		0.238481
123.125		0.239487
123.25		0.239487
123.375		0.239487
123.5		0.239487
123.625		0.239487
123.75		0.239487
123.875		0.239487
124		0.239487
124.125		0.243946
124.25		0.243946
124.375		0.243946
124.5		0.243946
124.625		0.243946
124.75		0.243946
124.875		0.243946
125		0.243946
125.125		0.245524
125.25		0.245524
125.375		0.245524
125.5		0.245524
125.625		0.245524
125.75		0.245524
125.875		0.245524
126		0.245524
126.125		0.246113
126.25		0.246113
126.375		0.246113
126.5		0.246113
126.625		0.246113
126.75		0.246113
126.875		0.246113
127		0.246113
127.125		0.2494
127.25		0.2494
127.375		0.2494
127.5		0.2494
127.625		0.2494
127.75		0.2494
127.875		0.2494
128		0.2494
128.125		0.250329
128.25		0.250329
128.375		0.250329
128.5		0.250329
128.625		0.250329
128.75		0.250329
128.875		0.250329
129		0.250329
129.125		0.25439
129.25		0.25439
129.375		0.25439
129.5		0.25439
129.625		0.25439
129.75		0.25439
129.875		0.25439
130		0.25439
130.125		0.254675
130.25		0.254675
130.375		0.254675
130.5		0.254675
130.625		0.254675
130.75		0.254675
130.875		0.254675
131		0.254675
131.125		0.258847
131.25		0.258847
131.375		0.258847
131.5		0.258847
131.625		0.258847
131.75		0.258847
131.875		0.258847
132		0.258847
132.125		0.261396
132.25		0.261396
132.375		0.261396
132.5		0.261396
132.625		0.261396
132.75		0.261396
132.875		0.261396
133		0.261396
133.125		0.261817
133.25		0.261817
133.375		0.261817
133.5		0.261817
133.625		0.261817
133.75		0.261817
133.875		0.261817
134		0.261817
134.125		0.264335
134.25		0.264335
134.375		0.264335
134.5		0.264335
134.625		0.264335
134.75		0.264335
134.875		0.264335
135		0.264335
135.125		0.264867
135.25		0.264867
135.375		0.264867
135.5		0.264867
135.625		0.264867
135.75		0.264867
135.875		0.264867
136		0.264867
136.125		0.267846
136.25		0.267846
136.375		0.267846
136.5		0.267846
136.625		0.267846
136.75		0.267846
136.875		0.267846
137		0.267846
137.125		0.271923
137.25		0.271923
137.375		0.271923
137.5		0.271923
137.625		0.271923
137.75		0.271923
137.875		0.271923
138		0.271923
138.125		0.27385
138.25		0.27385
138.375		0.27385
138.5		0.27385
138.625		0.27385
138.75		0.27385
138.875		0.27385
139		0.27385
139.125		0.274871
139.25		0.274871
139.375		0.274871
139.5		0.274871
139.625		0.274871
139.75		0.274871
139.875		0.274871
140		0.274871
140.125		0.276259
140.25		0.276259
140.375		0.276259
140.5		0.276259
140.625		0.276259
140.75		0.276259
140.875		0.276259
141		0.276259
141.125		0.280015
141.25		0.280015
141.375		0.280015
141.5		0.280015
141.625		0.280015
141.75		0.280015
141.875		0.280015
142		0.280015
142.125		0.281929
142.25		0.281929
142.375		0.281929
142.5		0.281929
142.625		0.281929
142.75		0.281929
142.875		0.281929
143		0.281929
143.125		0.285055
143.25		0.285055
143.375		0.285055
143.5		0.285055
143.625		0.285055
143.75		0.285055
143.875		0.285055
144		0.285055
144.125		0.285269
144.25		0.285269
144.375		0.285269
144.5		0.285269
144.625		0.285269
144.75		0.285269
144.875		0.285269
145		0.285269
145.125		0.288208
145.25		0.288208
145.375		0.288208
145.5		0.288208
145.625		0.288208
145.75		0.288208
145.875		0.288208
146		0.288208
146.125		0.293021
146.25		0.293021
146.375		0.293021
146.5		0.293021
146.625		0.293021
146.75		0.293021
146.875		0.293021
147		0.293021
147.125		0.293251
147.25		0.293251
147.375		0.293251
147.5		0.293251
147.625		0.293251
147.75		0.293251
147.875		0.293251
148		0.293251
148.125		0.294155
148.25		0.294155
148.375		0.294155
148.5		0.294155
148.625		0.294155
148.75		0.294155
148.875		0.294155
149		0.294155
149.125		0.296096
149.25		0.296096
149.375		0.296096
149.5		0.296096
149.625		0.296096
149.75		0.296096
149.875		0.296096
150		0.296096
150.125		0.30254
150.25		0.30254
150.375		0.30254
150.5		0.30254
150.625		0.30254
150.75		0.30254
150.875		0.30254
151		0.30254
151.125		0.302897
151.25		0.302897
151.375		0.302897
151.5		0.302897
151.625		0.302897
151.75		0.302897
151.875		0.302897
152		0.302897
152.125		0.30415
152.25		0.30415
152.375		0.30415
152.5		0.30415
152.625		0.30415
152.75		0.30415
152.875		0.30415
153		0.30415
153.125		0.305375
153.25		0.305375
153.375		0.305375
153.5		0.305375
153.625		0.305375
153.75		0.305375
153.875		0.305375
154		0.305375
154.125		0.31062
154.25		0.31062
154.375		0.31062
154.5		0.31062
154.625		0.31062
154.75		0.31062
154.875		0.31062
155		0.31062
155.125		0.311119
155.25		0.311119
155.375		0.311119
155.5		0.311119
155.625		0.311119
155.75		0.311119
155.875		0.311119
156		0.311119
156.125		0.313311
156.25		0.313311
156.375		0.313311
156.5		0.313311
156.625		0.313311
156.75		0.313311
156.875		0.313311
157		0.313311
157.125		0.315005
157.25		0.315005
157.375		0.315005
157.5		0.315005
157.625		0.315005
157.75		0.315005
157.875		0.315005
158		0.315005
158.125		0.317818
158.25		0.317818
158.375		0.317818
158.5		0.317818
158.625		0.317818
158.75		0.317818
158.875		0.317818
159		0.317818
159.125		0.32103
159.25		0.32103
159.375		0.32103
159.5		0.32103
159.625		0.32103
159.75		0.32103
159.875		0.32103
160		0.32103
160.125		0.322692
160.25		0.322692
160.375		0.322692
160.5		0.322692
160.625		0.322692
160.75		0.322692
160.875		0.322692
161		0.322692
161.125		0.323994
161.25		0.323994
161.375		0.323994
161.5		0.323994
161.625		0.323994
161.75		0.323994
161.875		0.323994
162		0.323994
162.125		0.326665
162.25		0.326665
162.375		0.326665
162.5		0.326665
162.625		0.326665
162.75		0.326665
162.875		0.326665
163		0.326665
163.125		0.329367
163.25		0.329367
163.375		0.329367
163.5		0.329367
163.625		0.329367
163.75		0.329367
163.875		0.329367
164		0.329367
164.125		0.329742
164.25		0.329742
164.375		0.329742
164.5		0.329742
164.625		0.329742
164.75		0.329742
164.875		0.329742
165		0.329742
165.125		0.335558
165.25		0.335558
165.375		0.335558
165.5		0.335558
165.625		0.335558
165.75		0.335558
165.875		0.335558
166		0.335558
166.125		0.336365
166.25		0.336365
166.375		0.336365
166.5		0.336365
166.625		0.336365
166.75		0.336365
166.875		0.336365
167		0.336365
167.125		0.337451
167.25		0.337451
167.375		0.337451
167.5		0.337451
167.625		0.337451
167.75		0.337451
167.875		0.337451
168		0.337451
168.125		0.339052
168.25		0.339052
168.375		0.339052
168.5		0.339052
168.625		0.339052
168.75		0.339052
168.875		0.339052
169		0.339052
169.125		0.340448
169.25		0.340448
169.375		0.340448
169.5		0.340448
169.625		0.340448
169.75		0.340448
169.875		0.340448
170		0.340448
170.125		0.342163
170.25		0.342163
170.375		0.342163
170.5		0.342163
170.625		0.342163
170.75		0.342163
170.875		0.342163
171		0.342163
171.125		0.347167
171.25		0.347167
171.375		0.347167
171.5		0.347167
171.625		0.347167
171.75		0.347167
171.875		0.347167
172		0.347167
172.125		0.349341
172.25		0.349341
172.375		0.349341
172.5		0.349341
172.625		0.349341
172.75		0.349341
172.875		0.349341
173		0.349341
173.125		0.350297
173.25		0.350297
173.375		0.350297
173.5		0.350297
173.625		0.350297
173.75		0.350297
173.875		0.350297
174		0.350297
174.125		0.350813
174.25		0.350813
174.375		0.350813
174.5		0.350813
174.625		0.350813
174.75		0.350813
174.875		0.350813
175		0.350813
175.125		0.354531
175.25		0.354531
175.375		0.354531
175.5		0.354531
175.625		0.354531
175.75		0.354531
175.875		0.354531
176		0.354531
176.125		0.359577
176.25		0.359577
176.375		0.359577
176.5		0.359577
176.625		0.359577
176.75		0.359577
176.875		0.359577
177		0.359577
177.125		0.360072
177.25		0.360072
177.375		0.360072
177.5		0.360072
177.625		0.360072
177.75		0.360072
177.875		0.360072
178		0.360072
178.125		0.362569
178.25		0.362569
178.375		0.362569
178.5		0.362569
178.625		0.362569
178.75		0.362569
178.875		0.362569
179		0.362569
179.125		0.363376
179.25		0.363376
179.375		0.363376
179.5		0.363376
179.625		0.363376
179.75		0.363376
179.875		0.363376
180		0.363376
180.125		0.367575
180.25		0.367575
180.375		0.367575
180.5		0.367575
180.625		0.367575
180.75		0.367575
180.875		0.367575
181		0.367575
181.125		0.367902
181.25		0.367902
181.375		0.367902
181.5		0.367902
181.625		0.367902
181.75		0.367902
181.875		0.367902
182		0.367902
182.125		0.372162
182.25		0.372162
182.375		0.372162
182.5		0.372162
182.625		0.372162
182.75		0.372162
182.875		0.372162
183		0.372162
183.125		0.372581
183.25		0.372581
183.375		0.372581
183.5		0.372581
183.625		0.372581
183.75		0.372581
183.875		0.372581
184		0.372581
184.125		0.376247
184.25		0.376247
184.375		0.376247
184.5		0.376247
184.625		0.376247
184.75		0.376247
184.875		0.376247
185		0.376247
185.125		0.378671
185.25		0.378671
185.375		0.378671
185.5		0.378671
185.625		0.378671
185.75		0.378671
185.875		0.378671
186		0.378671
186.125		0.379547
186.25		0.379547
186.375		0.379547
186.5		0.379547
186.625		0.379547
186.75		0.379547
186.875		0.379547
187		0.379547
187.125		0.380964
187.25		0.380964
187.375		0.380964
187.5		0.380964
187.625		0.380964
187.75		0.380964
187.875		0.380964
188		0.380964
188.125		0.383482
188.25		0.383482
188.375		0.383482
188.5		0.383482
188.625		0.383482
188.75		0.383482
188.875		0.383482
189		0.383482
189.125		0.388316
189.25		0.388316
189.375		0.388316
189.5		0.388316
189.625		0.388316
189.75		0.388316
189.875		0.388316
190		0.388316
190.125		0.389029
190.25		0.389029
190.375		0.389029
190.5		0.389029
190.625		0.389029
190.75		0.389029
190.875		0.389029
191		0.389029
191.125		0.390219
191.25		0.390219
191.375		0.390219
191.5		0.390219
191.625		0.390219
191.75		0.390219
191.875		0.390219
192		0.390219
192.125		0.391605
192.25		0.391605
192.375		0.391605
192.5		0.391605
192.625		0.391605
192.75		0.391605
192.875		0.391605
193		0.391605
193.125		0.393672
193.25		0.393672
193.375		0.393672
193.5		0.393672
193.625		0.393672
193.75		0.393672
193.875		0.393672
194		0.393672
194.125		0.400439
194.25		0.400439
194.375		0.400439
194.5		0.400439
194.625		0.400439
194.75		0.400439
194.875		0.400439
195		0.400439
195.125		0.400588
195.25		0.400588
195.375		0.400588
195.5		0.400588
195.625		0.400588
195.75		0.400588
195.875		0.400588
196		0.400588
196.125		0.401248
196.25		0.401248
196.375		0.401248
196.5		0.401248
196.625		0.401248
196.75		0.401248
196.875		0.401248
197		0.401248
197.125		0.402542
197.25		0.402542
197.375		0.402542
197.5		0.402542
197.625		0.402542
197.75		0.402542
197.875		0.402542
198		0.402542
198.125		0.407805
198.25		0.407805
198.375		0.407805
198.5		0.407805
198.625		0.407805
198.75		0.407805
198.875		0.407805
199		0.407805
199.125		0.409778
199.25		0.409778
199.375		0.409778
199.5		0.409778
199.625		0.409778
199.75		0.409778
199.875		0.409778
200		0.409778
200.125		0.410418
200.25		0.410418
200.375		0.410418
200.5		0.410418
200.625		0.410418
200.75		0.410418
200.875		0.410418
201		0.410418
201.125		0.411036
201.25		0.411036
201.375		0.411036
201.5		0.411036
201.625		0.411036
201.75		0.411036
201.875		0.411036
202		0.411036
202.125		0.417484
202.25		0.417484
202.375		0.417484
202.5		0.417484
202.625		0.417484
202.75		0.417484
202.875		0.417484
203		0.417484
203.125		0.417736
203.25		0.417736
203.375		0.417736
203.5		0.417736
203.625		0.417736
203.75		0.417736
203.875		0.417736
204		0.417736
204.125		0.420079
204.25		0.420079
204.375		0.420079
204.5		0.420079
204.625		0.420079
204.75		0.420079
204.875		0.420079
205		0.420079
205.125		0.420648
205.25		0.420648
205.375		0.420648
205.5		0.420648
205.625		0.420648
205.75		0.420648
205.875		0.420648
206		0.420648
206.125		0.424115
206.25		0.424115
206.375		0.424115
206.5		0.424115
206.625		0.424115
206.75		0.424115
206.875		0.424115
207		0.424115
207.125		0.426918
207.25		0.426918
207.375		0.426918
207.5		0.426918
207.625		0.426918
207.75		0.426918
207.875		0.426918
208		0.426918
208.125		0.428104
208.25		0.428104
208.375		0.428104
208.5		0.428104
208.625		0.428104
208.75		0.428104
208.875		0.428104
209		0.428104
209.125		0.430806
209.25		0.430806
209.375		0.430806
209.5		0.430806
209.625		0.430806
209.75		0.430806
209.875		0.430806
210		0.430806
210.125		0.432538
210.25		0.432538
210.375		0.432538
210.5		0.432538
210.625		0.432538
210.75		0.432538
210.875		0.432538
211		0.432538
211.125		0.433974
211.25		0.433974
211.375		0.433974
211.5		0.433974
211.625		0.433974
211.75		0.433974
211.875		0.433974
212		0.433974
212.125		0.437552
212.25		0.437552
212.375		0.437552
212.5		0.437552
212.625		0.437552
212.75		0.437552
212.875		0.437552
213		0.437552
213.125		0.438982
213.25		0.438982
213.375		0.438982
213.5		0.438982
213.625		0.438982
213.75		0.438982
213.875		0.438982
214		0.438982
214.125		0.442732
214.25		0.442732
214.375		0.442732
214.5		0.442732
214.625		0.442732
214.75		0.442732
214.875		0.442732
215		0.442732
215.125		0.444028
215.25		0.444028
215.375		0.444028
215.5		0.444028
215.625		0.444028
215.75		0.444028
215.875		0.444028
216		0.444028
216.125		0.44472
216.25		0.44472
216.375		0.44472
216.5		0.44472
216.625		0.44472
216.75		0.44472
216.875		0.44472
217		0.44472
217.125		0.448026
217.25		0.448026
217.375		0.448026
217.5		0.448026
217.625		0.448026
217.75		0.448026
217.875		0.448026
218		0.448026
218.125		0.448284
218.25		0.448284
218.375		0.448284
218.5		0.448284
218.625		0.448284
218.75		0.448284
218.875		0.448284
219		0.448284
219.125		0.452296
219.25		0.452296
219.375		0.452296
219.5		0.452296
219.625		0.452296
219.75		0.452296
219.875		0.452296
220		0.452296
220.125		0.453788
220.25		0.453788
220.375		0.453788
220.5		0.453788
220.625		0.453788
220.75		0.453788
220.875		0.453788
221		0.453788
221.125		0.456235
221.25		0.456235
221.375		0.456235
221.5		0.456235
221.625		0.456235
221.75		0.456235
221.875		0.456235
222		0.456235
222.125		0.45666
222.25		0.45666
222.375		0.45666
222.5		0.45666
222.625		0.45666
222.75		0.45666
222.875		0.45666
223		0.45666
223.125		0.458499
223.25		0.458499
223.375		0.458499
223.5		0.458499
223.625		0.458499
223.75		0.458499
223.875		0.458499
224		0.458499
224.125		0.463614
224.25		0.463614
224.375		0.463614
224.5		0.463614
224.625		0.463614
224.75		0.463614
224.875		0.463614
225		0.463614
225.125		0.46532
225.25		0.46532
225.375		0.46532
225.5		0.46532
225.625		0.46532
225.75		0.46532
225.875		0.46532
226		0.46532
226.125		0.465704
226.25		0.465704
226.375		0.465704
226.5		0.465704
226.625		0.465704
226.75		0.465704
226.875		0.465704
227		0.465704
227.125		0.468851
227.25		0.468851
227.375		0.468851
227.5		0.468851
227.625		0.468851
227.75		0.468851
227.875		0.468851
228		0.468851
228.125		0.473062
228.25		0.473062
228.375		0.473062
228.5		0.473062
228.625		0.473062
228.75		0.473062
228.875		0.473062
229		0.473062
229.125		0.473601
229.25		0.473601
229.375		0.473601
229.5		0.473601
229.625		0.473601
229.75		0.473601
229.875		0.473601
230		0.473601
230.125		0.47589
230.25		0.47589
230.375		0.47589
230.5		0.47589
230.625		0.47589
230.75		0.47589
230.875		0.47589
231		0.47589
231.125		0.476385
231.25		0.476385
231.375		0.476385
231.5		0.476385
231.625		0.476385
231.75		0.476385
231.875		0.476385
232		0.476385
232.125		0.481856
232.25		0.481856
232.375		0.481856
232.5		0.481856
232.625		0.481856
232.75		0.481856
232.875		0.481856
233		0.481856
233.125		0.483531
233.25		0.483531
233.375		0.483531
233.5		0.483531
233.625		0.483531
233.75		0.483531
233.875		0.483531
234		0.483531
234.125		0.484707
234.25		0.484707
234.375		0.484707
234.5		0.484707
234.625		0.484707
234.75		0.484707
234.875		0.484707
235		0.484707
235.125		0.484967
235.25		0.484967
235.375		0.484967
235.5		0.484967
235.625		0.484967
235.75		0.484967
235.875		0.484967
236		0.484967
236.125		0.491221
236.25		0.491221
236.375		0.491221
236.5		0.491221
236.625		0.491221
236.75		0.491221
236.875		0.491221
237		0.491221
237.125		0.491604
237.25		0.491604
237.375		0.491604
237.5		0.491604
237.625		0.491604
237.75		0.491604
237.875		0.491604
238		0.491604
238.125		0.493898
238.25		0.493898
238.375		0.493898
238.5		0.493898
238.625		0.493898
238.75		0.493898
238.875		0.493898
239		0.493898
239.125		0.494642
239.25		0.494642
239.375		0.494642
239.5		0.494642
239.625		0.494642
239.75		0.494642
239.875		0.494642
240		0.494642
240.125		0.496562
240.25		0.496562
240.375		0.496562
240.5		0.496562
240.625		0.496562
240.75		0.496562
240.875		0.496562
241		0.496562
241.125		0.5003
241.25		0.5003
241.375		0.5003
241.5		0.5003
241.625		0.5003
241.75		0.5003
241.875		0.5003
242		0.5003
242.125		0.500675
242.25		0.500675
242.375		0.500675
242.5		0.500675
242.625		0.500675
242.75		0.500675
242.875		0.500675
243		0.500675
243.125		0.505872
243.25		0.505872
243.375		0.505872
243.5		0.505872
243.625		0.505872
243.75		0.505872
243.875		0.505872
244		0.505872
244.125		0.506287
244.25		0.506287
244.375		0.506287
244.5		0.506287
244.625		0.506287
244.75		0.506287
244.875		0.506287
245		0.506287
245.125		0.509029
245.25		0.509029
245.375		0.509029
245.5		0.509029
245.625		0.509029
245.75		0.509029
245.875		0.509029
246		0.509029
246.125		0.512213
246.25		0.512213
246.375		0.512213
246.5		0.512213
246.625		0.512213
246.75		0.512213
246.875		0.512213
247		0.512213
247.125		0.513844
247.25		0.513844
247.375		0.513844
247.5		0.513844
247.625		0.513844
247.75		0.513844
247.875		0.513844
248		0.513844
248.125		0.514335
248.25		0.514335
248.375		0.514335
248.5		0.514335
248.625		0.514335
248.75		0.514335
248.875		0.514335
249		0.514335
249.125		0.518653
249.25		0.518653
249.375		0.518653
249.5		0.518653
249.625		0.518653
249.75		0.518653
249.875		0.518653
250		0.518653
250.125		0.52181
250.25		0.52181
250.375		0.52181
250.5		0.52181
250.625		0.52181
250.75		0.52181
250.875		0.52181
251		0.52181
251.125		0.523024
251.25		0.523024
251.375		0.523024
251.5		0.523024
251.625		0.523024
251.75		0.523024
251.875		0.523024
252		0.523024
252.125		0.523795
252.25		0.523795
252.375		0.523795
252.5		0.523795
252.625		0.523795
252.75		0.523795
252.875		0.523795
253		0.523795
253.125		0.524043
253.25		0.524043
253.375		0.524043
253.5		0.524043
253.625		0.524043
253.75		0.524043
253.875		0.524043
254		0.524043
254.125		0.532068
254.25		0.532068
254.375		0.532068
254.5		0.532068
254.625		0.532068
254.75		0.532068
254.875		0.532068
255		0.532068
255.125		0.532868
255.25		0.532868
255.375		0.532868
255.5		0.532868
255.625		0.532868
255.75		0.532868
255.875		0.532868
256		0.532868
256.125		0.533179
256.25		0.533179
256.375		0.533179
256.5		0.533179
256.625		0.533179
256.75		0.533179
256.875		0.533179
257		0.533179
257.125		0.533634
257.25		0.533634
257.375		0.533634
257.5		0.533634
257.625		0.533634
257.75		0.533634
257.875		0.533634
258		0.533634
258.125		0.536485
258.25		0.536485
258.375		0.536485
258.5		0.536485
258.625		0.536485
258.75		0.536485
258.875		0.536485
259		0.536485
259.125		0.540057
259.25		0.540057
259.375		0.540057
259.5		0.540057
259.625		0.540057
259.75		0.540057
259.875		0.540057
260		0.540057
260.125		0.544404
260.25		0.544404
260.375		0.544404
260.5		0.544404
260.625		0.544404
260.75		0.544404
260.875		0.544404
261		0.544404
261.125		0.54466
261.25		0.54466
261.375		0.54466
261.5		0.54466
261.625		0.54466
261.75		0.54466
261.875		0.54466
262		0.54466
262.125		0.547415
262.25		0.547415
262.375		0.547415
262.5		0.547415
262.625		0.547415
262.75		0.547415
262.875		0.547415
263		0.547415
263.125		0.548956
263.25		0.548956
263.375		0.548956
263.5		0.548956
263.625		0.548956
263.75		0.548956
263.875		0.548956
264		0.548956
264.125		0.549696
264.25		0.549696
264.375		0.549696
264.5		0.549696
264.625		0.549696
264.75		0.549696
264.875		0.549696
265		0.549696
265.125		0.551469
265.25		0.551469
265.375		0.551469
265.5		0.551469
265.625		0.551469
265.75		0.551469
265.875		0.551469
266		0.551469
266.125		0.553664
266.25		0.553664
266.375		0.553664
266.5		0.553664
266.625		0.553664
266.75		0.553664
266.875		0.553664
267		0.553664
267.125		0.56015
267.25		0.56015
267.375		0.56015
267.5		0.56015
267.625		0.56015
267.75		0.56015
267.875		0.56015
268		0.56015
268.125		0.561135
268.25		0.561135
268.375		0.561135
268.5		0.561135
268.625		0.561135
268.75		0.561135
268.875		0.561135
269		0.561135
269.125		0.561251
269.25		0.561251
269.375		0.561251
269.5		0.561251
269.625		0.561251
269.75		0.561251
269.875		0.561251
270		0.561251
270.125		0.56338
270.25		0.56338
270.375		0.56338
270.5		0.56338
270.625		0.56338
270.75		0.56338
270.875		0.56338
271		0.56338
271.125		0.563982
271.25		0.563982
271.375		0.563982
271.5		0.563982
271.625		0.563982
271.75		0.563982
271.875		0.563982
272		0.563982
272.125		0.5695
272.25		0.5695
272.375		0.5695
272.5		0.5695
272.625		0.5695
272.75		0.5695
272.875		0.5695
273		0.5695
273.125		0.572701
273.25		0.572701
273.375		0.572701
273.5		0.572701
273.625		0.572701
273.75		0.572701
273.875		0.572701
274		0.572701
274.125		0.573407
274.25		0.573407
274.375		0.573407
274.5		0.573407
274.625		0.573407
274.75		0.573407
274.875		0.573407
275		0.573407
275.125		0.574239
275.25		0.574239
275.375		0.574239
275.5		0.574239
275.625		0.574239
275.75		0.574239
275.875		0.574239
276		0.574239
276.125		0.579757
276.25		0.579757
276.375		0.579757
276.5		0.579757
276.625		0.579757
276.75		0.579757
276.875		0.579757
277		0.579757
277.125		0.580375
277.25		0.580375
277.375		0.580375
277.5		0.580375
277.625		0.580375
277.75		0.580375
277.875		0.580375
278		0.580375
278.125		0.580673
278.25		0.580673
278.375		0.580673
278.5		0.580673
278.625		0.580673
278.75		0.580673
278.875		0.580673
279		0.580673
279.125		0.584136
279.25		0.584136
279.375		0.584136
279.5		0.584136
279.625		0.584136
279.75		0.584136
279.875		0.584136
280		0.584136
280.125		0.590792
280.25		0.590792
280.375		0.590792
280.5		0.590792
280.625		0.590792
280.75		0.590792
280.875		0.590792
281		0.590792
281.125		0.590937
281.25		0.590937
281.375		0.590937
281.5		0.590937
281.625		0.590937
281.75		0.590937
281.875		0.590937
282		0.590937
282.125		0.595169
282.25		0.595169
282.375		0.595169
282.5		0.595169
282.625		0.595169
282.75		0.595169
282.875		0.595169
283		0.595169
283.125		0.596335
283.25		0.596335
283.375		0.596335
283.5		0.596335
283.625		0.596335
283.75		0.596335
283.875		0.596335
284		0.596335
284.125		0.598358
284.25		0.598358
284.375		0.598358
284.5		0.598358
284.625		0.598358
284.75		0.598358
284.875		0.598358
285		0.598358
285.125		0.600123
285.25		0.600123
285.375		0.600123
285.5		0.600123
285.625		0.600123
285.75		0.600123
285.875		0.600123
286		0.600123
286.125		0.602835
286.25		0.602835
286.375		0.602835
286.5		0.602835
286.625		0.602835
286.75		0.602835
286.875		0.602835
287		0.602835
287.125		0.606542
287.25		0.606542
287.375		0.606542
287.5		0.606542
287.625		0.606542
287.75		0.606542
287.875		0.606542
288		0.606542
288.125		0.607575
288.25		0.607575
288.375		0.607575
288.5		0.607575
288.625		0.607575
288.75		0.607575
288.875		0.607575
289		0.607575
289.125		0.607982
289.25		0.607982
289.375		0.607982
289.5		0.607982
289.625		0.607982
289.75		0.607982
289.875		0.607982
290		0.607982
290.125		0.609906
290.25		0.609906
290.375		0.609906
290.5		0.609906
290.625		0.609906
290.75		0.609906
290.875		0.609906
291		0.609906
291.125		0.611043
291.25		0.611043
291.375		0.611043
291.5		0.611043
291.625		0.611043
291.75		0.611043
291.875		0.611043
292		0.611043
292.125		0.618872
292.25		0.618872
292.375		0.618872
292.5		0.618872
292.625		0.618872
292.75		0.618872
292.875		0.618872
293		0.618872
293.125		0.620627
293.25		0.620627
293.375		0.620627
293.5		0.620627
293.625		0.620627
293.75		0.620627
293.875		0.620627
294		0.620627
294.125		0.621746
294.25		0.621746
294.375		0.621746
294.5		0.621746
294.625		0.621746
294.75		0.621746
294.875		0.621746
295		0.621746
295.125		0.622044
295.25		0.622044
295.375		0.622044
295.5		0.622044
295.625		0.622044
295.75		0.622044
295.875		0.622044
296		0.622044
296.125		0.624778
296.25		0.624778
296.375		0.624778
296.5		0.624778
296.625		0.624778
296.75		0.624778
296.875		0.624778
297		0.624778
297.125		0.626549
297.25		0.626549
297.375		0.626549
297.5		0.626549
297.625		0.626549
297.75		0.626549
297.875		0.626549
298		0.626549
298.125		0.630822
298.25		0.630822
298.375		0.630822
298.5		0.630822
298.625		0.630822
298.75		0.630822
298.875		0.630822
299		0.630822
299.125		0.631285
299.25		0.631285
299.375		0.631285
299.5		0.631285
299.625		0.631285
299.75		0.631285
299.875		0.631285
300		0.631285
300.125		0.635425
300.25		0.635425
300.375		0.635425
300.5		0.635425
300.625		0.635425
300.75		0.635425
300.875		0.635425
301		0.635425
301.125		0.63657
301.25		0.63657
301.375		0.63657
301.5		0.63657
301.625		0.63657
301.75		0.63657
301.875		0.63657
302		0.63657
302.125		0.636844
302.25		0.636844
302.375		0.636844
302.5		0.636844
302.625		0.636844
302.75		0.636844
302.875		0.636844
303		0.636844
303.125		0.637064
303.25		0.637064
303.375		0.637064
303.5		0.637064
303.625		0.637064
303.75		0.637064
303.875		0.637064
304		0.637064
304.125		0.645062
304.25		0.645062
304.375		0.645062
304.5		0.645062
304.625		0.645062
304.75		0.645062
304.875		0.645062
305		0.645062
305.125		0.647248
305.25		0.647248
305.375		0.647248
305.5		0.647248
305.625		0.647248
305.75		0.647248
305.875		0.647248
306		0.647248
306.125		0.64784
306.25		0.64784
306.375		0.64784
306.5		0.64784
306.625		0.64784
306.75		0.64784
306.875		0.64784
307		0.64784
307.125		0.65402
307.25		0.65402
307.375		0.65402
307.5		0.65402
307.625		0.65402
307.75		0.65402
307.875		0.65402
308		0.65402
308.125		0.654481
308.25		0.654481
308.375		0.654481
308.5		0.654481
308.625		0.654481
308.75		0.654481
308.875		0.654481
309		0.654481
309.125		0.656531
309.25		0.656531
309.375		0.656531
309.5		0.656531
309.625		0.656531
309.75		0.656531
309.875		0.656531
310		0.656531
310.125		0.662367
310.25		0.662367
310.375		0.662367
310.5		0.662367
310.625		0.662367
310.75		0.662367
310.875		0.662367
311		0.662367
311.125		0.666019
311.25		0.666019
311.375		0.666019
311.5		0.666019
311.625		0.666019
311.75		0.666019
311.875		0.666019
312		0.666019
312.125		0.666614
312.25		0.666614
312.375		0.666614
312.5		0.666614
312.625		0.666614
312.75		0.666614
312.875		0.666614
313		0.666614
313.125		0.66747
313.25		0.66747
313.375		0.66747
313.5		0.66747
313.625		0.66747
313.75		0.66747
313.875		0.66747
314		0.66747
314.125		0.67066
314.25		0.67066
314.375		0.67066
314.5		0.67066
314.625		0.67066
314.75		0.67066
314.875		0.67066
315		0.67066
315.125		0.672572
315.25		0.672572
315.375		0.672572
315.5		0.672572
315.625		0.672572
315.75		0.672572
315.875		0.672572
316		0.672572
316.125		0.675278
316.25		0.675278
316.375		0.675278
316.5		0.675278
316.625		0.675278
316.75		0.675278
316.875		0.675278
317		0.675278
317.125		0.677874
317.25		0.677874
317.375		0.677874
317.5		0.677874
317.625		0.677874
317.75		0.677874
317.875		0.677874
318		0.677874
318.125		0.682213
318.25		0.682213
318.375		0.682213
318.5		0.682213
318.625		0.682213
318.75		0.682213
318.875		0.682213
319		0.682213
319.125		0.682406
319.25		0.682406
319.375		0.682406
319.5		0.682406
319.625		0.682406
319.75		0.682406
319.875		0.682406
320		0.682406
320.125		0.682595
320.25		0.682595
320.375		0.682595
320.5		0.682595
320.625		0.682595
320.75		0.682595
320.875		0.682595
321		0.682595
321.125		0.68536
321.25		0.68536
321.375		0.68536
321.5		0.68536
321.625		0.68536
321.75		0.68536
321.875		0.68536
322		0.68536
322.125		0.686324
322.25		0.686324
322.375		0.686324
322.5		0.686324
322.625		0.686324
322.75		0.686324
322.875		0.686324
323		0.686324
323.125		0.688611
323.25		0.688611
323.375		0.688611
323.5		0.688611
323.625		0.688611
323.75		0.688611
323.875		0.688611
324		0.688611
324.125		0.692982
324.25		0.692982
324.375		0.692982
324.5		0.692982
324.625		0.692982
324.75		0.692982
324.875		0.692982
325		0.692982
325.125		0.694145
325.25		0.694145
325.375		0.694145
325.5		0.694145
325.625		0.694145
325.75		0.694145
325.875		0.694145
326		0.694145
326.125		0.69682
326.25		0.69682
326.375		0.69682
326.5		0.69682
326.625		0.69682
326.75		0.69682
326.875		0.69682
327		0.69682
327.125		0.697915
327.25		0.697915
327.375		0.697915
327.5		0.697915
327.625		0.697915
327.75		0.697915
327.875		0.697915
328		0.697915
328.125		0.700353
328.25		0.700353
328.375		0.700353
328.5		0.700353
328.625		0.700353
328.75		0.700353
328.875		0.700353
329		0.700353
329.125		0.700715
329.25		0.700715
329.375		0.700715
329.5		0.700715
329.625		0.700715
329.75		0.700715
329.875		0.700715
330		0.700715
330.125		0.70651
330.25		0.70651
330.375		0.70651
330.5		0.70651
330.625		0.70651
330.75		0.70651
330.875		0.70651
331		0.70651
331.125		0.709279
331.25		0.709279
331.375		0.709279
331.5		0.709279
331.625		0.709279
331.75		0.709279
331.875		0.709279
332		0.709279
332.125		0.711415
332.25		0.711415
332.375		0.711415
332.5		0.711415
332.625		0.711415
332.75		0.711415
332.875		0.711415
333		0.711415
333.125		0.711727
333.25		0.711727
333.375		0.711727
333.5		0.711727
333.625		0.711727
333.75		0.711727
333.875		0.711727
334		0.711727
334.125		0.712949
334.25		0.712949
334.375		0.712949
334.5		0.712949
334.625		0.712949
334.75		0.712949
334.875		0.712949
335		0.712949
335.125		0.716675
335.25		0.716675
335.375		0.716675
335.5		0.716675
335.625		0.716675
335.75		0.716675
335.875		0.716675
336		0.716675
336.125		0.721259
336.25		0.721259
336.375		0.721259
336.5		0.721259
336.625		0.721259
336.75		0.721259
336.875		0.721259
337		0.721259
337.125		0.722463
337.25		0.722463
337.375		0.722463
337.5		0.722463
337.625		0.722463
337.75		0.722463
337.875		0.722463
338		0.722463
338.125		0.722945
338.25		0.722945
338.375		0.722945
338.5		0.722945
338.625		0.722945
338.75		0.722945
338.875		0.722945
339		0.722945
339.125		0.723978
339.25		0.723978
339.375		0.723978
339.5		0.723978
339.625		0.723978
339.75		0.723978
339.875		0.723978
340		0.723978
340.125		0.72849
340.25		0.72849
340.375		0.72849
340.5		0.72849
340.625		0.72849
340.75		0.72849
340.875		0.72849
341		0.72849
341.125		0.732498
341.25		0.732498
341.375		0.732498
341.5		0.732498
341.625		0.732498
341.75		0.732498
341.875		0.732498
342		0.732498
342.125		0.733443
342.25		0.733443
342.375		0.733443
342.5		0.733443
342.625		0.733443
342.75		0.733443
342.875		0.733443
343		0.733443
343.125		0.736911
343.25		0.736911
343.375		0.736911
343.5		0.736911
343.625		0.736911
343.75		0.736911
343.875		0.736911
344		0.736911
344.125		0.740384
344.25		0.740384
344.375		0.740384
344.5		0.740384
344.625		0.740384
344.75		0.740384
344.875		0.740384
345		0.740384
345.125		0.741242
345.25		0.741242
345.375		0.741242
345.5		0.741242
345.625		0.741242
345.75		0.741242
345.875		0.741242
346		0.741242
346.125		0.744642
346.25		0.744642
346.375		0.744642
346.5		0.744642
346.625		0.744642
346.75		0.744642
346.875		0.744642
347		0.744642
347.125		0.746078
347.25		0.746078
347.375		0.746078
347.5		0.746078
347.625		0.746078
347.75		0.746078
347.875		0.746078
348		0.746078
348.125		0.748411
348.25		0.748411
348.375		0.748411
348.5		0.748411
348.625		0.748411
348.75		0.748411
348.875		0.748411
349		0.748411
349.125		0.752752
349.25		0.752752
349.375		0.752752
349.5		0.752752
349.625		0.752752
349.75		0.752752
349.875		0.752752
350		0.752752
350.125		0.753495
350.25		0.753495
350.375		0.753495
350.5		0.753495
350.625		0.753495
350.75		0.753495
350.875		0.753495
351		0.753495
351.125		0.754964
351.25		0.754964
351.375		0.754964
351.5		0.754964
351.625		0.754964
351.75		0.754964
351.875		0.754964
352		0.754964
352.125		0.756258
352.25		0.756258
352.375		0.756258
352.5		0.756258
352.625		0.756258
352.75		0.756258
352.875		0.756258
353		0.756258
353.125		0.757222
353.25		0.757222
353.375		0.757222
353.5		0.757222
353.625		0.757222
353.75		0.757222
353.875		0.757222
354		0.757222
354.125		0.760333
354.25		0.760333
354.375		0.760333
354.5		0.760333
354.625		0.760333
354.75		0.760333
354.875		0.760333
355		0.760333
355.125		0.763842
355.25		0.763842
355.375		0.763842
355.5		0.763842
355.625		0.763842
355.75		0.763842
355.875		0.763842
356		0.763842
356.125		0.766804
356.25		0.766804
356.375		0.766804
356.5		0.766804
356.625		0.766804
356.75		0.766804
356.875		0.766804
357		0.766804
357.125		0.767689
357.25		0.767689
357.375		0.767689
357.5		0.767689
357.625		0.767689
357.75		0.767689
357.875		0.767689
358		0.767689
358.125		0.768657
358.25		0.768657
358.375		0.768657
358.5		0.768657
358.625		0.768657
358.75		0.768657
358.875		0.768657
359		0.768657
359.125		0.769529
359.25		0.769529
359.375		0.769529
359.5		0.769529
359.625		0.769529
359.75		0.769529
359.875		0.769529
360		0.769529
360.125		0.77641
360.25		0.77641
360.375		0.77641
360.5		0.77641
360.625		0.77641
360.75		0.77641
360.875		0.77641
361		0.77641
361.125		0.777516
361.25		0.777516
361.375		0.777516
361.5		0.777516
361.625		0.777516
361.75		0.777516
361.875		0.777516
362		0.777516
362.125		0.779204
362.25		0.779204
362.375		0.779204
362.5		0.779204
362.625		0.779204
362.75		0.779204
362.875		0.779204
363		0.779204
363.125		0.779468
363.25		0.779468
363.375		0.779468
363.5		0.779468
363.625		0.779468
363.75		0.779468
363.875		0.779468
364		0.779468
364.125		0.784768
364.25		0.784768
364.375		0.784768
364.5		0.784768
364.625		0.784768
364.75		0.784768
364.875		0.784768
365		0.784768
365.125		0.786302
365.25		0.786302
365.375		0.786302
365.5		0.786302
365.625		0.786302
365.75		0.786302
365.875		0.786302
366		0.786302
366.125		0.787881
366.25		0.787881
366.375		0.787881
366.5		0.787881
366.625		0.787881
366.75		0.787881
366.875		0.787881
367		0.787881
367.125		0.788204
367.25		0.788204
367.375		0.788204
367.5		0.788204
367.625		0.788204
367.75		0.788204
367.875		0.788204
368		0.788204
368.125		0.793981
368.25		0.793981
368.375		0.793981
368.5		0.793981
368.625		0.793981
368.75		0.793981
368.875		0.793981
369		0.793981
369.125		0.79522
369.25		0.79522
369.375		0.79522
369.5		0.79522
369.625		0.79522
369.75		0.79522
369.875		0.79522
370		0.79522
370.125		0.798381
370.25		0.798381
370.375		0.798381
370.5		0.798381
370.625		0.798381
370.75		0.798381
370.875		0.798381
371		0.798381
371.125		0.803131
371.25		0.803131
371.375		0.803131
371.5		0.803131
371.625		0.803131
371.75		0.803131
371.875		0.803131
372		0.803131
372.125		0.805723
372.25		0.805723
372.375		0.805723
372.5		0.805723
372.625		0.805723
372.75		0.805723
372.875		0.805723
373		0.805723
373.125		0.808049
373.25		0.808049
373.375		0.808049
373.5		0.808049
373.625		0.808049
373.75		0.808049
373.875		0.808049
374		0.808049
374.125		0.808689
374.25		0.808689
374.375		0.808689
374.5		0.808689
374.625		0.808689
374.75		0.808689
374.875		0.808689
375		0.808689
375.125		0.81355
375.25		0.81355
375.375		0.81355
375.5		0.81355
375.625		0.81355
375.75		0.81355
375.875		0.81355
376		0.81355
376.125		0.81677
376.25		0.81677
376.375		0.81677
376.5		0.81677
376.625		0.81677
376.75		0.81677
376.875		0.81677
377		0.81677
377.125		0.817039
377.25		0.817039
377.375		0.817039
377.5		0.817039
377.625		0.817039
377.75		0.817039
377.875		0.817039
378		0.817039
378.125		0.819361
378.25		0.819361
378.375		0.819361
378.5		0.819361
378.625		0.819361
378.75		0.819361
378.875		0.819361
379		0.819361
379.125		0.819655
379.25		0.819655
379.375		0.819655
379.5		0.819655
379.625		0.819655
379.75		0.819655
379.875		0.819655
380		0.819655
380.125		0.826147
380.25		0.826147
380.375		0.826147
380.5		0.826147
380.625		0.826147
380.75		0.826147
380.875		0.826147
381		0.826147
381.125		0.827403
381.25		0.827403
381.375		0.827403
381.5		0.827403
381.625		0.827403
381.75		0.827403
381.875		0.827403
382		0.827403
382.125		0.827545
382.25		0.827545
382.375		0.827545
382.5		0.827545
382.625		0.827545
382.75		0.827545
382.875		0.827545
383		0.827545
383.125		0.828994
383.25		0.828994
383.375		0.828994
383.5		0.828994
383.625		0.828994
383.75		0.828994
383.875		0.828994
384		0.828994
384.125		0.834258
384.25		0.834258
384.375		0.834258
384.5		0.834258
384.625		0.834258
384.75		0.834258
384.875		0.834258
385		0.834258
385.125		0.836876
385.25		0.836876
385.375		0.836876
385.5		0.836876
385.625		0.836876
385.75		0.836876
385.875		0.836876
386		0.836876
386.125		0.837985
386.25		0.837985
386.375		0.837985
386.5		0.837985
386.625		0.837985
386.75		0.837985
386.875		0.837985
387		0.837985
387.125		0.839457
387.25		0.839457
387.375		0.839457
387.5		0.839457
387.625		0.839457
387.75		0.839457
387.875		0.839457
388		0.839457
388.125		0.842201
388.25		0.842201
388.375		0.842201
388.5		0.842201
388.625		0.842201
388.75		0.842201
388.875		0.842201
389		0.842201
389.125		0.843322
389.25		0.843322
389.375		0.843322
389.5		0.843322
389.625		0.843322
389.75		0.843322
389.875		0.843322
390		0.843322
390.125		0.844318
390.25		0.844318
390.375		0.844318
390.5		0.844318
390.625		0.844318
390.75		0.844318
390.875		0.844318
391		0.844318
391.125		0.847936
391.25		0.847936
391.375		0.847936
391.5		0.847936
391.625		0.847936
391.75		0.847936
391.875		0.847936
392		0.847936
392.125		0.850228
392.25		0.850228
392.375		0.850228
392.5		0.850228
392.625		0.850228
392.75		0.850228
392.875		0.850228
393		0.850228
393.125		0.852246
393.25		0.852246
393.375		0.852246
393.5		0.852246
393.625		0.852246
393.75		0.852246
393.875		0.852246
394		0.852246
394.125		0.854391
394.25		0.854391
394.375		0.854391
394.5		0.854391
394.625		0.854391
394.75		0.854391
394.875		0.854391
395		0.854391
395.125		0.85571
395.25		0.85571
395.375		0.85571
395.5		0.85571
395.625		0.85571
395.75		0.85571
395.875		0.85571
396		0.85571
396.125		0.855963
396.25		0.855963
396.375		0.855963
396.5		0.855963
396.625		0.855963
396.75		0.855963
396.875		0.855963
397		0.855963
397.125		0.86021
397.25		0.86021
397.375		0.86021
397.5		0.86021
397.625		0.86021
397.75		0.86021
397.875		0.86021
398		0.86021
398.125		0.865328
398.25		0.865328
398.375		0.865328
398.5		0.865328
398.625		0.865328
398.75		0.865328
398.875		0.865328
399		0.865328
399.125		0.865791
399.25		0.865791
399.375		0.865791
399.5		0.865791
399.625		0.865791
399.75		0.865791
399.875		0.865791
400		0.865791
400.125		0.866854
400.25		0.866854
400.375		0.866854
400.5		0.866854
400.625		0.866854
400.75		0.866854
400.875		0.866854
401		0.866854
401.125		0.868302
401.25		0.868302
401.375		0.868302
401.5		0.868302
401.625		0.868302
401.75		0.868302
401.875		0.868302
402		0.868302
402.125		0.872675
402.25		0.872675
402.375		0.872675
402.5		0.872675
402.625		0.872675
402.75		0.872675
402.875		0.872675
403		0.872675
403.125		0.874505
403.25		0.874505
403.375		0.874505
403.5		0.874505
403.625		0.874505
403.75		0.874505
403.875		0.874505
404		0.874505
404.125		0.87605
404.25		0.87605
404.375		0.87605
404.5		0.87605
404.625		0.87605
404.75		0.87605
404.875		0.87605
405		0.87605
405.125		0.87862
405.25		0.87862
405.375		0.87862
405.5		0.87862
405.625		0.87862
405.75		0.87862
405.875		0.87862
406		0.87862
406.125		0.879144
406.25		0.879144
406.375		0.879144
406.5		0.879144
406.625		0.879144
406.75		0.879144
406.875		0.879144
407		0.879144
407.125		0.881838
407.25		0.881838
407.375		0.881838
407.5		0.881838
407.625		0.881838
407.75		0.881838
407.875		0.881838
408		0.881838
408.125		0.885062
408.25		0.885062
408.375		0.885062
408.5		0.885062
408.625		0.885062
408.75		0.885062
408.875		0.885062
409		0.885062
409.125		0.88528
409.25		0.88528
409.375		0.88528
409.5		0.88528
409.625		0.88528
409.75		0.88528
409.875		0.88528
410		0.88528
410.125		0.887549
410.25		0.887549
410.375		0.887549
410.5		0.887549
410.625		0.887549
410.75		0.887549
410.875		0.887549
411		0.887549
411.125		0.889836
411.25		0.889836
411.375		0.889836
411.5		0.889836
411.625		0.889836
411.75		0.889836
411.875		0.889836
412		0.889836
412.125		0.893064
412.25		0.893064
412.375		0.893064
412.5		0.893064
412.625		0.893064
412.75		0.893064
412.875		0.893064
413		0.893064
413.125		0.894146
413.25		0.894146
413.375		0.894146
413.5		0.894146
413.625		0.894146
413.75		0.894146
413.875		0.894146
414		0.894146
414.125		0.898001
414.25		0.898001
414.375		0.898001
414.5		0.898001
414.625		0.898001
414.75		0.898001
414.875		0.898001
415		0.898001
415.125		0.899655
415.25		0.899655
415.375		0.899655
415.5		0.899655
415.625		0.899655
415.75		0.899655
415.875		0.899655
416		0.899655
416.125		0.902282
416.25		0.902282
416.375		0.902282
416.5		0.902282
416.625		0.902282
416.75		0.902282
416.875		0.902282
417		0.902282
417.125		0.903397
417.25		0.903397
417.375		0.903397
417.5		0.903397
417.625		0.903397
417.75		0.903397
417.875		0.903397
418		0.903397
418.125		0.904632
418.25		0.904632
418.375		0.904632
418.5		0.904632
418.625		0.904632
418.75		0.904632
418.875		0.904632
419		0.904632
419.125		0.908275
419.25		0.908275
419.375		0.908275
419.5		0.908275
419.625		0.908275
419.75		0.908275
419.875		0.908275
420		0.908275
420.125		0.912558
420.25		0.912558
420.375		0.912558
420.5		0.912558
420.625		0.912558
420.75		0.912558
420.875		0.912558
421		0.912558
421.125		0.912948
421.25		0.912948
421.375		0.912948
421.5		0.912948
421.625		0.912948
421.75		0.912948
421.875		0.912948
422		0.912948
422.125		0.91326
422.25		0.91326
422.375		0.91326
422.5		0.91326
422.625		0.91326
422.75		0.91326
422.875		0.91326
423		0.91326
423.125		0.913855
423.25		0.913855
423.375		0.913855
423.5		0.913855
423.625		0.913855
423.75		0.913855
423.875		0.913855
424		0.913855
424.125		0.920593
424.25		0.920593
424.375		0.920593
424.5		0.920593
424.625		0.920593
424.75		0.920593
424.875		0.920593
425		0.920593
425.125		0.922687
425.25		0.922687
425.375		0.922687
425.5		0.922687
425.625		0.922687
425.75		0.922687
425.875		0.922687
426		0.922687
426.125		0.923086
426.25		0.923086
426.375		0.923086
426.5		0.923086
426.625		0.923086
426.75		0.923086
426.875		0.923086
427		0.923086
427.125		0.924844
427.25		0.924844
427.375		0.924844
427.5		0.924844
427.625		0.924844
427.75		0.924844
427.875		0.924844
428		0.924844
428.125		0.927209
428.25		0.927209
428.375		0.927209
428.5		0.927209
428.625		0.927209
428.75		0.927209
428.875		0.927209
429		0.927209
429.125		0.9295
429.25		0.9295
429.375		0.9295
429.5		0.9295
429.625		0.9295
429.75		0.9295
429.875		0.9295
430		0.9295
430.125		0.931354
430.25		0.931354
430.375		0.931354
430.5		0.931354
430.625		0.931354
430.75		0.931354
430.875		0.931354
431		0.931354
431.125		0.932291
431.25		0.932291
431.375		0.932291
431.5		0.932291
431.625		0.932291
431.75		0.932291
431.875		0.932291
432		0.932291
432.125		0.937257
432.25		0.937257
432.375		0.937257
432.5		0.937257
432.625		0.937257
432.75		0.937257
432.875		0.937257
433		0.937257
433.125		0.938617
433.25		0.938617
433.375		0.938617
433.5		0.938617
433.625		0.938617
433.75		0.938617
433.875		0.938617
434		0.938617
434.125		0.939068
434.25		0.939068
434.375		0.939068
434.5		0.939068
434.625		0.939068
434.75		0.939068
434.875		0.939068
435		0.939068
435.125		0.939211
435.25		0.939211
435.375		0.939211
435.5		0.939211
435.625		0.939211
435.75		0.939211
435.875		0.939211
436		0.939211
436.125		0.945217
436.25		0.945217
436.375		0.945217
436.5		0.945217
436.625		0.945217
436.75		0.945217
436.875		0.945217
437		0.945217
437.125		0.947384
437.25		0.947384
437.375		0.947384
437.5		0.947384
437.625		0.947384
437.75		0.947384
437.875		0.947384
438		0.947384
438.125		0.948405
438.25		0.948405
438.375		0.948405
438.5		0.948405
438.625		0.948405
438.75		0.948405
438.875		0.948405
439		0.948405
439.125		0.94885
439.25		0.94885
439.375		0.94885
439.5		0.94885
439.625		0.94885
439.75		0.94885
439.875		0.94885
440		0.94885
440.125		0.951091
440.25		0.951091
440.375		0.951091
440.5		0.951091
440.625		0.951091
440.75		0.951091
440.875		0.951091
441		0.951091
441.125		0.956421
441.25		0.956421
441.375		0.956421
441.5		0.956421
441.625		0.956421
441.75		0.956421
441.875		0.956421
442		0.956421
442.125		0.956899
442.25		0.956899
442.375		0.956899
442.5		0.956899
442.625		0.956899
442.75		0.956899
442.875		0.956899
443		0.956899
443.125		0.959369
443.25		0.959369
443.375		0.959369
443.5		0.959369
443.625		0.959369
443.75		0.959369
443.875		0.959369
444		0.959369
444.125		0.959866
444.25		0.959866
444.375		0.959866
444.5		0.959866
444.625		0.959866
444.75		0.959866
444.875		0.959866
445		0.959866
445.125		0.96048
445.25		0.96048
445.375		0.96048
445.5		0.96048
445.625		0.96048
445.75		0.96048
445.875		0.96048
446		0.96048
446.125		0.9671
446.25		0.9671
446.375		0.9671
446.5		0.9671
446.625		0.9671
446.75		0.9671
446.875		0.9671
447		0.9671
447.125		0.967425
447.25		0.967425
447.375		0.967425
447.5		0.967425
447.625		0.967425
447.75		0.967425
447.875		0.967425
448		0.967425
448.125		0.969838
448.25		0.969838
448.375		0.969838
448.5		0.969838
448.625		0.969838
448.75		0.969838
448.875		0.969838
449		0.969838
449.125		0.970899
449.25		0.970899
449.375		0.970899
449.5		0.970899
449.625		0.970899
449.75		0.970899
449.875		0.970899
450		0.970899
450.125		0.975951
450.25		0.975951
450.375		0.975951
450.5		0.975951
450.625		0.975951
450.75		0.975951
450.875		0.975951
451		0.975951
451.125		0.978963
451.25		0.978963
451.375		0.978963
451.5		0.978963
451.625		0.978963
451.75		0.978963
451.875		0.978963
452		0.978963
452.125		0.980114
452.25		0.980114
452.375		0.980114
452.5		0.980114
452.625		0.980114
452.75		0.980114
452.875		0.980114
453		0.980114
453.125		0.980703
453.25		0.980703
453.375		0.980703
453.5		0.980703
453.625		0.980703
453.75		0.980703
453.875		0.980703
454		0.980703
454.125		0.985124
454.25		0.985124
454.375		0.985124
454.5		0.985124
454.625		0.985124
454.75		0.985124
454.875		0.985124
455		0.985124
455.125		0.985923
455.25		0.985923
455.375		0.985923
455.5		0.985923
455.625		0.985923
455.75		0.985923
455.875		0.985923
456		0.985923
456.125		0.986034
456.25		0.986034
456.375		0.986034
456.5		0.986034
456.625		0.986034
456.75		0.986034
456.875		0.986034
457		0.986034
457.125		0.988975
457.25		0.988975
457.375		0.988975
457.5		0.988975
457.625		0.988975
457.75		0.988975
457.875		0.988975
458		0.988975
458.125		0.992579
458.25		0.992579
458.375		0.992579
458.5		0.992579
458.625		0.992579
458.75		0.992579
458.875		0.992579
459		0.992579
459.125		0.994759
459.25		0.994759
459.375		0.994759
459.5		0.994759
459.625		0.994759
459.75		0.994759
459.875		0.994759
460		0.994759
460.125		0.996281
460.25		0.996281
460.375		0.996281
460.5		0.996281
460.625		0.996281
460.75		0.996281
460.875		0.996281
461		0.996281
461.125		0.996851
461.25		0.996851
461.375		0.996851
461.5		0.996851
461.625		0.996851
461.75		0.996851
461.875		0.996851
462		0.996851
462.125		0.998902
462.25		0.998902
462.375		0.998902
462.5		0.998902
462.625		0.998902
462.75		0.998902
462.875		0.998902
463		0.998902
463.125		1
463.25		1
463.375		1
463.5		1
463.625		1
463.75		1
463.875		1
464		1
464.125		1
464.25		1
464.375		1
464.5		1
464.625		1
464.75		1
464.875		1
465		1
465.125		1
465.25		1
465.375		1
465.5		1
465.625		1
465.75		1
465.875		1
466		1
466.125		1
466.25		1
466.375		1
466.5		1
466.625		1
466.75		1
466.875		1
467		1
467.125		1
467.25		1
467.375		1
467.5		1
467.625		1
467.75		1
467.875		1
468		1
468.125		1
468.25		1
468.375		1
468.5		1
468.625		1
468.75		1
468.875		1
469		1
469.125		1
469.25		1
469.375		1
469.5		1
469.625		1
469.75		1
469.875		1
470		1
470.125		1
470.25		1
470.375		1
470.5		1
470.625		1
470.75		1
470.875		1
471		1
471.125		1
471.25		1
471.375		1
471.5		1
471.625		1
471.75		1
471.875		1
472		1
472.125		1
472.25		1
472.375		1
472.5		1
472.625		1
472.75		1
472.875		1
473		1
473.125		1
473.25		1
473.375		1
473.5		1
473.625		1
473.75		1
473.875		1
474		1
474.125		1
474.25		1
474.375		1
474.5		1
474.625		1
474.75		1
474.875		1
475		1
475.125		1
475.25		1
475.375		1
475.5		1
475.625		1
475.75		1
475.875		1
476		1
476.125		1
476.25		1
476.375		1
476.5		1
476.625		1
476.75		1
476.875		1
477		1
477.125		1
477.25		1
477.375		1
477.5		1
477.625		1
477.75		1
477.875		1
478		1
478.125		1
478.25		1
478.375		1
478.5		1
478.625		1
478.75		1
478.875		1
479		1
479.125		1
479.25		1
479.375		1
479.5		1
479.625		1
479.75		1
479.875		1
480		1
480.125		1
480.25		1
480.375		1
480.5		1
480.625		1
480.75		1
480.875		1
481		1
481.125		1
481.25		1
481.375		1
481.5		1
481.625		1
481.75		1
481.875		1
482		1
482.125		1
482.25		1
482.375		1
482.5		1
482.625		1
482.75		1
482.875		1
483		1
483.125		1
483.25		1
483.375		1
483.5		1
483.625		1
483.75		1
483.875		1
484		1
484.125		1
484.25		1
484.375		1
484.5		1
484.625		1
484.75		1
484.875		1
485		1
485.125		1
485.25		1
485.375		1
485.5		1
485.625		1
485.75		1
485.875		1
486		1
486.125		1
486.25		1
486.375		1
486.5		1
486.625		1
486.75		1
486.875		1
487		1
487.125		1
487.25		1
487.375		1
487.5		1
487.625		1
487.75		1
487.875		1
488		1
488.125		1
488.25		1
488.375		1
488.5		1
488.625		1
488.75		1
488.875		1
489		1
489.125		1
489.25		1
489.375		1
489.5		1
489.625		1
489.75		1
489.875		1
490		1
490.125		1
490.25		1
490.375		1
490.5		1
490.625		1
490.75		1
490.875		1
491		1
491.125		1
491.25		1
491.375		1
491.5		1
491.625		1
491.75		1
491.875		1
492		1
492.125		1
492.25		1
492.375		1
492.5		1
492.625		1
492.75		1
492.875		1
493		1
493.125		1
493.25		1
493.375		1
493.5		1
493.625		1
493.75		1
493.875		1
494		1
494.125		1
494.25		1
494.375		1
494.5		1
494.625		1
494.75		1
494.875		1
495		1
495.125		1
495.25		1
495.375		1
495.5		1
495.625		1
495.75		1
495.875		1
496		1
496.125		1
496.25		1
496.375		1
496.5		1
496.625		1
496.75		1
496.875		1
497		1
497.125		1
497.25		1
497.375		1
497.5		1
497.625		1
497.75		1
497.875		1
498		1
498.125		1
498.25		1
498.375		1
498.5		1
498.625		1
498.75		1
498.875		1
499		1
499.125		1
499.25		1
499.375		1
499.5		1
499.625		1
499.75		1
499.875		1
500		1
