# Calibration file of tamex_id 0 @ channel 6
# fine_T bin		 Calibration value
0.125		0
0.25		0
0.375		0
0.5		0
0.625		0
0.75		0
0.875		0
1		0
1.125		0
1.25		0
1.375		0
1.5		0
1.625		0
1.75		0
1.875		0
2		0
2.125		0
2.25		0
2.375		0
2.5		0
2.625		0
2.75		0
2.875		0
3		0
3.125		0
3.25		0
3.375		0
3.5		0
3.625		0
3.75		0
3.875		0
4		0
4.125		0
4.25		0
4.375		0
4.5		0
4.625		0
4.75		0
4.875		0
5		0
5.125		0
5.25		0
5.375		0
5.5		0
5.625		0
5.75		0
5.875		0
6		0
6.125		0
6.25		0
6.375		0
6.5		0
6.625		0
6.75		0
6.875		0
7		0
7.125		0
7.25		0
7.375		0
7.5		0
7.625		0
7.75		0
7.875		0
8		0
8.125		0
8.25		0
8.375		0
8.5		0
8.625		0
8.75		0
8.875		0
9		0
9.125		0
9.25		0
9.375		0
9.5		0
9.625		0
9.75		0
9.875		0
10		0
10.125		0
10.25		0
10.375		0
10.5		0
10.625		0
10.75		0
10.875		0
11		0
11.125		0
11.25		0
11.375		0
11.5		0
11.625		0
11.75		0
11.875		0
12		0
12.125		0
12.25		0
12.375		0
12.5		0
12.625		0
12.75		0
12.875		0
13		0
13.125		0
13.25		0
13.375		0
13.5		0
13.625		0
13.75		0
13.875		0
14		0
14.125		0
14.25		0
14.375		0
14.5		0
14.625		0
14.75		0
14.875		0
15		0
15.125		0
15.25		0
15.375		0
15.5		0
15.625		0
15.75		0
15.875		0
16		0
16.125		4.06288e-06
16.25		4.06288e-06
16.375		4.06288e-06
16.5		4.06288e-06
16.625		4.06288e-06
16.75		4.06288e-06
16.875		4.06288e-06
17		4.06288e-06
17.125		0.00939947
17.25		0.00939947
17.375		0.00939947
17.5		0.00939947
17.625		0.00939947
17.75		0.00939947
17.875		0.00939947
18		0.00939947
18.125		0.0102324
18.25		0.0102324
18.375		0.0102324
18.5		0.0102324
18.625		0.0102324
18.75		0.0102324
18.875		0.0102324
19		0.0102324
19.125		0.0113517
19.25		0.0113517
19.375		0.0113517
19.5		0.0113517
19.625		0.0113517
19.75		0.0113517
19.875		0.0113517
20		0.0113517
20.125		0.0184556
20.25		0.0184556
20.375		0.0184556
20.5		0.0184556
20.625		0.0184556
20.75		0.0184556
20.875		0.0184556
21		0.0184556
21.125		0.0187746
21.25		0.0187746
21.375		0.0187746
21.5		0.0187746
21.625		0.0187746
21.75		0.0187746
21.875		0.0187746
22		0.0187746
22.125		0.0196603
22.25		0.0196603
22.375		0.0196603
22.5		0.0196603
22.625		0.0196603
22.75		0.0196603
22.875		0.0196603
23		0.0196603
23.125		0.0222402
23.25		0.0222402
23.375		0.0222402
23.5		0.0222402
23.625		0.0222402
23.75		0.0222402
23.875		0.0222402
24		0.0222402
24.125		0.026102
24.25		0.026102
24.375		0.026102
24.5		0.026102
24.625		0.026102
24.75		0.026102
24.875		0.026102
25		0.026102
25.125		0.027524
25.25		0.027524
25.375		0.027524
25.5		0.027524
25.625		0.027524
25.75		0.027524
25.875		0.027524
26		0.027524
26.125		0.0298154
26.25		0.0298154
26.375		0.0298154
26.5		0.0298154
26.625		0.0298154
26.75		0.0298154
26.875		0.0298154
27		0.0298154
27.125		0.0304431
27.25		0.0304431
27.375		0.0304431
27.5		0.0304431
27.625		0.0304431
27.75		0.0304431
27.875		0.0304431
28		0.0304431
28.125		0.0331896
28.25		0.0331896
28.375		0.0331896
28.5		0.0331896
28.625		0.0331896
28.75		0.0331896
28.875		0.0331896
29		0.0331896
29.125		0.0351906
29.25		0.0351906
29.375		0.0351906
29.5		0.0351906
29.625		0.0351906
29.75		0.0351906
29.875		0.0351906
30		0.0351906
30.125		0.0367975
30.25		0.0367975
30.375		0.0367975
30.5		0.0367975
30.625		0.0367975
30.75		0.0367975
30.875		0.0367975
31		0.0367975
31.125		0.039932
31.25		0.039932
31.375		0.039932
31.5		0.039932
31.625		0.039932
31.75		0.039932
31.875		0.039932
32		0.039932
32.125		0.0416506
32.25		0.0416506
32.375		0.0416506
32.5		0.0416506
32.625		0.0416506
32.75		0.0416506
32.875		0.0416506
33		0.0416506
33.125		0.0429243
33.25		0.0429243
33.375		0.0429243
33.5		0.0429243
33.625		0.0429243
33.75		0.0429243
33.875		0.0429243
34		0.0429243
34.125		0.0452523
34.25		0.0452523
34.375		0.0452523
34.5		0.0452523
34.625		0.0452523
34.75		0.0452523
34.875		0.0452523
35		0.0452523
35.125		0.0462863
35.25		0.0462863
35.375		0.0462863
35.5		0.0462863
35.625		0.0462863
35.75		0.0462863
35.875		0.0462863
36		0.0462863
36.125		0.0492543
36.25		0.0492543
36.375		0.0492543
36.5		0.0492543
36.625		0.0492543
36.75		0.0492543
36.875		0.0492543
37		0.0492543
37.125		0.0529434
37.25		0.0529434
37.375		0.0529434
37.5		0.0529434
37.625		0.0529434
37.75		0.0529434
37.875		0.0529434
38		0.0529434
38.125		0.0535122
38.25		0.0535122
38.375		0.0535122
38.5		0.0535122
38.625		0.0535122
38.75		0.0535122
38.875		0.0535122
39		0.0535122
39.125		0.0544994
39.25		0.0544994
39.375		0.0544994
39.5		0.0544994
39.625		0.0544994
39.75		0.0544994
39.875		0.0544994
40		0.0544994
40.125		0.056667
40.25		0.056667
40.375		0.056667
40.5		0.056667
40.625		0.056667
40.75		0.056667
40.875		0.056667
41		0.056667
41.125		0.0594765
41.25		0.0594765
41.375		0.0594765
41.5		0.0594765
41.625		0.0594765
41.75		0.0594765
41.875		0.0594765
42		0.0594765
42.125		0.0640513
42.25		0.0640513
42.375		0.0640513
42.5		0.0640513
42.625		0.0640513
42.75		0.0640513
42.875		0.0640513
43		0.0640513
43.125		0.0642422
43.25		0.0642422
43.375		0.0642422
43.5		0.0642422
43.625		0.0642422
43.75		0.0642422
43.875		0.0642422
44		0.0642422
44.125		0.0645591
44.25		0.0645591
44.375		0.0645591
44.5		0.0645591
44.625		0.0645591
44.75		0.0645591
44.875		0.0645591
45		0.0645591
45.125		0.0674031
45.25		0.0674031
45.375		0.0674031
45.5		0.0674031
45.625		0.0674031
45.75		0.0674031
45.875		0.0674031
46		0.0674031
46.125		0.0715452
46.25		0.0715452
46.375		0.0715452
46.5		0.0715452
46.625		0.0715452
46.75		0.0715452
46.875		0.0715452
47		0.0715452
47.125		0.0737697
47.25		0.0737697
47.375		0.0737697
47.5		0.0737697
47.625		0.0737697
47.75		0.0737697
47.875		0.0737697
48		0.0737697
48.125		0.0749459
48.25		0.0749459
48.375		0.0749459
48.5		0.0749459
48.625		0.0749459
48.75		0.0749459
48.875		0.0749459
49		0.0749459
49.125		0.0751267
49.25		0.0751267
49.375		0.0751267
49.5		0.0751267
49.625		0.0751267
49.75		0.0751267
49.875		0.0751267
50		0.0751267
50.125		0.0793338
50.25		0.0793338
50.375		0.0793338
50.5		0.0793338
50.625		0.0793338
50.75		0.0793338
50.875		0.0793338
51		0.0793338
51.125		0.0796202
51.25		0.0796202
51.375		0.0796202
51.5		0.0796202
51.625		0.0796202
51.75		0.0796202
51.875		0.0796202
52		0.0796202
52.125		0.0800732
52.25		0.0800732
52.375		0.0800732
52.5		0.0800732
52.625		0.0800732
52.75		0.0800732
52.875		0.0800732
53		0.0800732
53.125		0.084518
53.25		0.084518
53.375		0.084518
53.5		0.084518
53.625		0.084518
53.75		0.084518
53.875		0.084518
54		0.084518
54.125		0.0866998
54.25		0.0866998
54.375		0.0866998
54.5		0.0866998
54.625		0.0866998
54.75		0.0866998
54.875		0.0866998
55		0.0866998
55.125		0.0904417
55.25		0.0904417
55.375		0.0904417
55.5		0.0904417
55.625		0.0904417
55.75		0.0904417
55.875		0.0904417
56		0.0904417
56.125		0.0910552
56.25		0.0910552
56.375		0.0910552
56.5		0.0910552
56.625		0.0910552
56.75		0.0910552
56.875		0.0910552
57		0.0910552
57.125		0.0934238
57.25		0.0934238
57.375		0.0934238
57.5		0.0934238
57.625		0.0934238
57.75		0.0934238
57.875		0.0934238
58		0.0934238
58.125		0.0937509
58.25		0.0937509
58.375		0.0937509
58.5		0.0937509
58.625		0.0937509
58.75		0.0937509
58.875		0.0937509
59		0.0937509
59.125		0.0978991
59.25		0.0978991
59.375		0.0978991
59.5		0.0978991
59.625		0.0978991
59.75		0.0978991
59.875		0.0978991
60		0.0978991
60.125		0.098994
60.25		0.098994
60.375		0.098994
60.5		0.098994
60.625		0.098994
60.75		0.098994
60.875		0.098994
61		0.098994
61.125		0.101038
61.25		0.101038
61.375		0.101038
61.5		0.101038
61.625		0.101038
61.75		0.101038
61.875		0.101038
62		0.101038
62.125		0.105468
62.25		0.105468
62.375		0.105468
62.5		0.105468
62.625		0.105468
62.75		0.105468
62.875		0.105468
63		0.105468
63.125		0.105682
63.25		0.105682
63.375		0.105682
63.5		0.105682
63.625		0.105682
63.75		0.105682
63.875		0.105682
64		0.105682
64.125		0.108339
64.25		0.108339
64.375		0.108339
64.5		0.108339
64.625		0.108339
64.75		0.108339
64.875		0.108339
65		0.108339
65.125		0.111118
65.25		0.111118
65.375		0.111118
65.5		0.111118
65.625		0.111118
65.75		0.111118
65.875		0.111118
66		0.111118
66.125		0.11232
66.25		0.11232
66.375		0.11232
66.5		0.11232
66.625		0.11232
66.75		0.11232
66.875		0.11232
67		0.11232
67.125		0.112879
67.25		0.112879
67.375		0.112879
67.5		0.112879
67.625		0.112879
67.75		0.112879
67.875		0.112879
68		0.112879
68.125		0.120184
68.25		0.120184
68.375		0.120184
68.5		0.120184
68.625		0.120184
68.75		0.120184
68.875		0.120184
69		0.120184
69.125		0.1207
69.25		0.1207
69.375		0.1207
69.5		0.1207
69.625		0.1207
69.75		0.1207
69.875		0.1207
70		0.1207
70.125		0.12085
70.25		0.12085
70.375		0.12085
70.5		0.12085
70.625		0.12085
70.75		0.12085
70.875		0.12085
71		0.12085
71.125		0.121949
71.25		0.121949
71.375		0.121949
71.5		0.121949
71.625		0.121949
71.75		0.121949
71.875		0.121949
72		0.121949
72.125		0.126534
72.25		0.126534
72.375		0.126534
72.5		0.126534
72.625		0.126534
72.75		0.126534
72.875		0.126534
73		0.126534
73.125		0.127463
73.25		0.127463
73.375		0.127463
73.5		0.127463
73.625		0.127463
73.75		0.127463
73.875		0.127463
74		0.127463
74.125		0.131444
74.25		0.131444
74.375		0.131444
74.5		0.131444
74.625		0.131444
74.75		0.131444
74.875		0.131444
75		0.131444
75.125		0.133537
75.25		0.133537
75.375		0.133537
75.5		0.133537
75.625		0.133537
75.75		0.133537
75.875		0.133537
76		0.133537
76.125		0.137465
76.25		0.137465
76.375		0.137465
76.5		0.137465
76.625		0.137465
76.75		0.137465
76.875		0.137465
77		0.137465
77.125		0.138859
77.25		0.138859
77.375		0.138859
77.5		0.138859
77.625		0.138859
77.75		0.138859
77.875		0.138859
78		0.138859
78.125		0.139048
78.25		0.139048
78.375		0.139048
78.5		0.139048
78.625		0.139048
78.75		0.139048
78.875		0.139048
79		0.139048
79.125		0.139948
79.25		0.139948
79.375		0.139948
79.5		0.139948
79.625		0.139948
79.75		0.139948
79.875		0.139948
80		0.139948
80.125		0.143988
80.25		0.143988
80.375		0.143988
80.5		0.143988
80.625		0.143988
80.75		0.143988
80.875		0.143988
81		0.143988
81.125		0.147113
81.25		0.147113
81.375		0.147113
81.5		0.147113
81.625		0.147113
81.75		0.147113
81.875		0.147113
82		0.147113
82.125		0.14887
82.25		0.14887
82.375		0.14887
82.5		0.14887
82.625		0.14887
82.75		0.14887
82.875		0.14887
83		0.14887
83.125		0.149658
83.25		0.149658
83.375		0.149658
83.5		0.149658
83.625		0.149658
83.75		0.149658
83.875		0.149658
84		0.149658
84.125		0.151005
84.25		0.151005
84.375		0.151005
84.5		0.151005
84.625		0.151005
84.75		0.151005
84.875		0.151005
85		0.151005
85.125		0.155334
85.25		0.155334
85.375		0.155334
85.5		0.155334
85.625		0.155334
85.75		0.155334
85.875		0.155334
86		0.155334
86.125		0.155557
86.25		0.155557
86.375		0.155557
86.5		0.155557
86.625		0.155557
86.75		0.155557
86.875		0.155557
87		0.155557
87.125		0.159785
87.25		0.159785
87.375		0.159785
87.5		0.159785
87.625		0.159785
87.75		0.159785
87.875		0.159785
88		0.159785
88.125		0.16101
88.25		0.16101
88.375		0.16101
88.5		0.16101
88.625		0.16101
88.75		0.16101
88.875		0.16101
89		0.16101
89.125		0.162913
89.25		0.162913
89.375		0.162913
89.5		0.162913
89.625		0.162913
89.75		0.162913
89.875		0.162913
90		0.162913
90.125		0.163669
90.25		0.163669
90.375		0.163669
90.5		0.163669
90.625		0.163669
90.75		0.163669
90.875		0.163669
91		0.163669
91.125		0.167309
91.25		0.167309
91.375		0.167309
91.5		0.167309
91.625		0.167309
91.75		0.167309
91.875		0.167309
92		0.167309
92.125		0.167561
92.25		0.167561
92.375		0.167561
92.5		0.167561
92.625		0.167561
92.75		0.167561
92.875		0.167561
93		0.167561
93.125		0.171027
93.25		0.171027
93.375		0.171027
93.5		0.171027
93.625		0.171027
93.75		0.171027
93.875		0.171027
94		0.171027
94.125		0.174885
94.25		0.174885
94.375		0.174885
94.5		0.174885
94.625		0.174885
94.75		0.174885
94.875		0.174885
95		0.174885
95.125		0.176985
95.25		0.176985
95.375		0.176985
95.5		0.176985
95.625		0.176985
95.75		0.176985
95.875		0.176985
96		0.176985
96.125		0.177645
96.25		0.177645
96.375		0.177645
96.5		0.177645
96.625		0.177645
96.75		0.177645
96.875		0.177645
97		0.177645
97.125		0.177899
97.25		0.177899
97.375		0.177899
97.5		0.177899
97.625		0.177899
97.75		0.177899
97.875		0.177899
98		0.177899
98.125		0.185397
98.25		0.185397
98.375		0.185397
98.5		0.185397
98.625		0.185397
98.75		0.185397
98.875		0.185397
99		0.185397
99.125		0.185986
99.25		0.185986
99.375		0.185986
99.5		0.185986
99.625		0.185986
99.75		0.185986
99.875		0.185986
100		0.185986
100.125		0.18701
100.25		0.18701
100.375		0.18701
100.5		0.18701
100.625		0.18701
100.75		0.18701
100.875		0.18701
101		0.18701
101.125		0.18814
101.25		0.18814
101.375		0.18814
101.5		0.18814
101.625		0.18814
101.75		0.18814
101.875		0.18814
102		0.18814
102.125		0.192686
102.25		0.192686
102.375		0.192686
102.5		0.192686
102.625		0.192686
102.75		0.192686
102.875		0.192686
103		0.192686
103.125		0.192922
103.25		0.192922
103.375		0.192922
103.5		0.192922
103.625		0.192922
103.75		0.192922
103.875		0.192922
104		0.192922
104.125		0.195101
104.25		0.195101
104.375		0.195101
104.5		0.195101
104.625		0.195101
104.75		0.195101
104.875		0.195101
105		0.195101
105.125		0.198951
105.25		0.198951
105.375		0.198951
105.5		0.198951
105.625		0.198951
105.75		0.198951
105.875		0.198951
106		0.198951
106.125		0.200338
106.25		0.200338
106.375		0.200338
106.5		0.200338
106.625		0.200338
106.75		0.200338
106.875		0.200338
107		0.200338
107.125		0.203615
107.25		0.203615
107.375		0.203615
107.5		0.203615
107.625		0.203615
107.75		0.203615
107.875		0.203615
108		0.203615
108.125		0.204017
108.25		0.204017
108.375		0.204017
108.5		0.204017
108.625		0.204017
108.75		0.204017
108.875		0.204017
109		0.204017
109.125		0.204871
109.25		0.204871
109.375		0.204871
109.5		0.204871
109.625		0.204871
109.75		0.204871
109.875		0.204871
110		0.204871
110.125		0.209492
110.25		0.209492
110.375		0.209492
110.5		0.209492
110.625		0.209492
110.75		0.209492
110.875		0.209492
111		0.209492
111.125		0.212637
111.25		0.212637
111.375		0.212637
111.5		0.212637
111.625		0.212637
111.75		0.212637
111.875		0.212637
112		0.212637
112.125		0.212852
112.25		0.212852
112.375		0.212852
112.5		0.212852
112.625		0.212852
112.75		0.212852
112.875		0.212852
113		0.212852
113.125		0.216275
113.25		0.216275
113.375		0.216275
113.5		0.216275
113.625		0.216275
113.75		0.216275
113.875		0.216275
114		0.216275
114.125		0.217222
114.25		0.217222
114.375		0.217222
114.5		0.217222
114.625		0.217222
114.75		0.217222
114.875		0.217222
115		0.217222
115.125		0.220336
115.25		0.220336
115.375		0.220336
115.5		0.220336
115.625		0.220336
115.75		0.220336
115.875		0.220336
116		0.220336
116.125		0.222414
116.25		0.222414
116.375		0.222414
116.5		0.222414
116.625		0.222414
116.75		0.222414
116.875		0.222414
117		0.222414
117.125		0.223158
117.25		0.223158
117.375		0.223158
117.5		0.223158
117.625		0.223158
117.75		0.223158
117.875		0.223158
118		0.223158
118.125		0.225874
118.25		0.225874
118.375		0.225874
118.5		0.225874
118.625		0.225874
118.75		0.225874
118.875		0.225874
119		0.225874
119.125		0.227913
119.25		0.227913
119.375		0.227913
119.5		0.227913
119.625		0.227913
119.75		0.227913
119.875		0.227913
120		0.227913
120.125		0.230688
120.25		0.230688
120.375		0.230688
120.5		0.230688
120.625		0.230688
120.75		0.230688
120.875		0.230688
121		0.230688
121.125		0.232299
121.25		0.232299
121.375		0.232299
121.5		0.232299
121.625		0.232299
121.75		0.232299
121.875		0.232299
122		0.232299
122.125		0.234611
122.25		0.234611
122.375		0.234611
122.5		0.234611
122.625		0.234611
122.75		0.234611
122.875		0.234611
123		0.234611
123.125		0.235872
123.25		0.235872
123.375		0.235872
123.5		0.235872
123.625		0.235872
123.75		0.235872
123.875		0.235872
124		0.235872
124.125		0.240147
124.25		0.240147
124.375		0.240147
124.5		0.240147
124.625		0.240147
124.75		0.240147
124.875		0.240147
125		0.240147
125.125		0.240528
125.25		0.240528
125.375		0.240528
125.5		0.240528
125.625		0.240528
125.75		0.240528
125.875		0.240528
126		0.240528
126.125		0.2426
126.25		0.2426
126.375		0.2426
126.5		0.2426
126.625		0.2426
126.75		0.2426
126.875		0.2426
127		0.2426
127.125		0.244218
127.25		0.244218
127.375		0.244218
127.5		0.244218
127.625		0.244218
127.75		0.244218
127.875		0.244218
128		0.244218
128.125		0.247935
128.25		0.247935
128.375		0.247935
128.5		0.247935
128.625		0.247935
128.75		0.247935
128.875		0.247935
129		0.247935
129.125		0.251313
129.25		0.251313
129.375		0.251313
129.5		0.251313
129.625		0.251313
129.75		0.251313
129.875		0.251313
130		0.251313
130.125		0.25148
130.25		0.25148
130.375		0.25148
130.5		0.25148
130.625		0.25148
130.75		0.25148
130.875		0.25148
131		0.25148
131.125		0.252634
131.25		0.252634
131.375		0.252634
131.5		0.252634
131.625		0.252634
131.75		0.252634
131.875		0.252634
132		0.252634
132.125		0.257846
132.25		0.257846
132.375		0.257846
132.5		0.257846
132.625		0.257846
132.75		0.257846
132.875		0.257846
133		0.257846
133.125		0.259193
133.25		0.259193
133.375		0.259193
133.5		0.259193
133.625		0.259193
133.75		0.259193
133.875		0.259193
134		0.259193
134.125		0.261826
134.25		0.261826
134.375		0.261826
134.5		0.261826
134.625		0.261826
134.75		0.261826
134.875		0.261826
135		0.261826
135.125		0.263549
135.25		0.263549
135.375		0.263549
135.5		0.263549
135.625		0.263549
135.75		0.263549
135.875		0.263549
136		0.263549
136.125		0.266031
136.25		0.266031
136.375		0.266031
136.5		0.266031
136.625		0.266031
136.75		0.266031
136.875		0.266031
137		0.266031
137.125		0.268079
137.25		0.268079
137.375		0.268079
137.5		0.268079
137.625		0.268079
137.75		0.268079
137.875		0.268079
138		0.268079
138.125		0.269907
138.25		0.269907
138.375		0.269907
138.5		0.269907
138.625		0.269907
138.75		0.269907
138.875		0.269907
139		0.269907
139.125		0.272991
139.25		0.272991
139.375		0.272991
139.5		0.272991
139.625		0.272991
139.75		0.272991
139.875		0.272991
140		0.272991
140.125		0.275311
140.25		0.275311
140.375		0.275311
140.5		0.275311
140.625		0.275311
140.75		0.275311
140.875		0.275311
141		0.275311
141.125		0.277297
141.25		0.277297
141.375		0.277297
141.5		0.277297
141.625		0.277297
141.75		0.277297
141.875		0.277297
142		0.277297
142.125		0.279207
142.25		0.279207
142.375		0.279207
142.5		0.279207
142.625		0.279207
142.75		0.279207
142.875		0.279207
143		0.279207
143.125		0.280509
143.25		0.280509
143.375		0.280509
143.5		0.280509
143.625		0.280509
143.75		0.280509
143.875		0.280509
144		0.280509
144.125		0.283337
144.25		0.283337
144.375		0.283337
144.5		0.283337
144.625		0.283337
144.75		0.283337
144.875		0.283337
145		0.283337
145.125		0.286953
145.25		0.286953
145.375		0.286953
145.5		0.286953
145.625		0.286953
145.75		0.286953
145.875		0.286953
146		0.286953
146.125		0.290575
146.25		0.290575
146.375		0.290575
146.5		0.290575
146.625		0.290575
146.75		0.290575
146.875		0.290575
147		0.290575
147.125		0.291071
147.25		0.291071
147.375		0.291071
147.5		0.291071
147.625		0.291071
147.75		0.291071
147.875		0.291071
148		0.291071
148.125		0.292531
148.25		0.292531
148.375		0.292531
148.5		0.292531
148.625		0.292531
148.75		0.292531
148.875		0.292531
149		0.292531
149.125		0.292803
149.25		0.292803
149.375		0.292803
149.5		0.292803
149.625		0.292803
149.75		0.292803
149.875		0.292803
150		0.292803
150.125		0.296373
150.25		0.296373
150.375		0.296373
150.5		0.296373
150.625		0.296373
150.75		0.296373
150.875		0.296373
151		0.296373
151.125		0.297541
151.25		0.297541
151.375		0.297541
151.5		0.297541
151.625		0.297541
151.75		0.297541
151.875		0.297541
152		0.297541
152.125		0.303107
152.25		0.303107
152.375		0.303107
152.5		0.303107
152.625		0.303107
152.75		0.303107
152.875		0.303107
153		0.303107
153.125		0.303775
153.25		0.303775
153.375		0.303775
153.5		0.303775
153.625		0.303775
153.75		0.303775
153.875		0.303775
154		0.303775
154.125		0.307385
154.25		0.307385
154.375		0.307385
154.5		0.307385
154.625		0.307385
154.75		0.307385
154.875		0.307385
155		0.307385
155.125		0.308147
155.25		0.308147
155.375		0.308147
155.5		0.308147
155.625		0.308147
155.75		0.308147
155.875		0.308147
156		0.308147
156.125		0.309104
156.25		0.309104
156.375		0.309104
156.5		0.309104
156.625		0.309104
156.75		0.309104
156.875		0.309104
157		0.309104
157.125		0.310676
157.25		0.310676
157.375		0.310676
157.5		0.310676
157.625		0.310676
157.75		0.310676
157.875		0.310676
158		0.310676
158.125		0.315255
158.25		0.315255
158.375		0.315255
158.5		0.315255
158.625		0.315255
158.75		0.315255
158.875		0.315255
159		0.315255
159.125		0.31547
159.25		0.31547
159.375		0.31547
159.5		0.31547
159.625		0.31547
159.75		0.31547
159.875		0.31547
160		0.31547
160.125		0.317215
160.25		0.317215
160.375		0.317215
160.5		0.317215
160.625		0.317215
160.75		0.317215
160.875		0.317215
161		0.317215
161.125		0.320539
161.25		0.320539
161.375		0.320539
161.5		0.320539
161.625		0.320539
161.75		0.320539
161.875		0.320539
162		0.320539
162.125		0.324679
162.25		0.324679
162.375		0.324679
162.5		0.324679
162.625		0.324679
162.75		0.324679
162.875		0.324679
163		0.324679
163.125		0.326893
163.25		0.326893
163.375		0.326893
163.5		0.326893
163.625		0.326893
163.75		0.326893
163.875		0.326893
164		0.326893
164.125		0.327261
164.25		0.327261
164.375		0.327261
164.5		0.327261
164.625		0.327261
164.75		0.327261
164.875		0.327261
165		0.327261
165.125		0.32887
165.25		0.32887
165.375		0.32887
165.5		0.32887
165.625		0.32887
165.75		0.32887
165.875		0.32887
166		0.32887
166.125		0.332026
166.25		0.332026
166.375		0.332026
166.5		0.332026
166.625		0.332026
166.75		0.332026
166.875		0.332026
167		0.332026
167.125		0.333944
167.25		0.333944
167.375		0.333944
167.5		0.333944
167.625		0.333944
167.75		0.333944
167.875		0.333944
168		0.333944
168.125		0.3351
168.25		0.3351
168.375		0.3351
168.5		0.3351
168.625		0.3351
168.75		0.3351
168.875		0.3351
169		0.3351
169.125		0.337723
169.25		0.337723
169.375		0.337723
169.5		0.337723
169.625		0.337723
169.75		0.337723
169.875		0.337723
170		0.337723
170.125		0.33988
170.25		0.33988
170.375		0.33988
170.5		0.33988
170.625		0.33988
170.75		0.33988
170.875		0.33988
171		0.33988
171.125		0.340055
171.25		0.340055
171.375		0.340055
171.5		0.340055
171.625		0.340055
171.75		0.340055
171.875		0.340055
172		0.340055
172.125		0.346825
172.25		0.346825
172.375		0.346825
172.5		0.346825
172.625		0.346825
172.75		0.346825
172.875		0.346825
173		0.346825
173.125		0.347435
173.25		0.347435
173.375		0.347435
173.5		0.347435
173.625		0.347435
173.75		0.347435
173.875		0.347435
174		0.347435
174.125		0.347677
174.25		0.347677
174.375		0.347677
174.5		0.347677
174.625		0.347677
174.75		0.347677
174.875		0.347677
175		0.347677
175.125		0.352416
175.25		0.352416
175.375		0.352416
175.5		0.352416
175.625		0.352416
175.75		0.352416
175.875		0.352416
176		0.352416
176.125		0.35485
176.25		0.35485
176.375		0.35485
176.5		0.35485
176.625		0.35485
176.75		0.35485
176.875		0.35485
177		0.35485
177.125		0.356635
177.25		0.356635
177.375		0.356635
177.5		0.356635
177.625		0.356635
177.75		0.356635
177.875		0.356635
178		0.356635
178.125		0.357879
178.25		0.357879
178.375		0.357879
178.5		0.357879
178.625		0.357879
178.75		0.357879
178.875		0.357879
179		0.357879
179.125		0.3595
179.25		0.3595
179.375		0.3595
179.5		0.3595
179.625		0.3595
179.75		0.3595
179.875		0.3595
180		0.3595
180.125		0.361188
180.25		0.361188
180.375		0.361188
180.5		0.361188
180.625		0.361188
180.75		0.361188
180.875		0.361188
181		0.361188
181.125		0.365795
181.25		0.365795
181.375		0.365795
181.5		0.365795
181.625		0.365795
181.75		0.365795
181.875		0.365795
182		0.365795
182.125		0.366575
182.25		0.366575
182.375		0.366575
182.5		0.366575
182.625		0.366575
182.75		0.366575
182.875		0.366575
183		0.366575
183.125		0.367656
183.25		0.367656
183.375		0.367656
183.5		0.367656
183.625		0.367656
183.75		0.367656
183.875		0.367656
184		0.367656
184.125		0.371546
184.25		0.371546
184.375		0.371546
184.5		0.371546
184.625		0.371546
184.75		0.371546
184.875		0.371546
185		0.371546
185.125		0.372255
185.25		0.372255
185.375		0.372255
185.5		0.372255
185.625		0.372255
185.75		0.372255
185.875		0.372255
186		0.372255
186.125		0.373047
186.25		0.373047
186.375		0.373047
186.5		0.373047
186.625		0.373047
186.75		0.373047
186.875		0.373047
187		0.373047
187.125		0.376718
187.25		0.376718
187.375		0.376718
187.5		0.376718
187.625		0.376718
187.75		0.376718
187.875		0.376718
188		0.376718
188.125		0.380151
188.25		0.380151
188.375		0.380151
188.5		0.380151
188.625		0.380151
188.75		0.380151
188.875		0.380151
189		0.380151
189.125		0.381143
189.25		0.381143
189.375		0.381143
189.5		0.381143
189.625		0.381143
189.75		0.381143
189.875		0.381143
190		0.381143
190.125		0.383662
190.25		0.383662
190.375		0.383662
190.5		0.383662
190.625		0.383662
190.75		0.383662
190.875		0.383662
191		0.383662
191.125		0.38553
191.25		0.38553
191.375		0.38553
191.5		0.38553
191.625		0.38553
191.75		0.38553
191.875		0.38553
192		0.38553
192.125		0.387464
192.25		0.387464
192.375		0.387464
192.5		0.387464
192.625		0.387464
192.75		0.387464
192.875		0.387464
193		0.387464
193.125		0.390069
193.25		0.390069
193.375		0.390069
193.5		0.390069
193.625		0.390069
193.75		0.390069
193.875		0.390069
194		0.390069
194.125		0.390826
194.25		0.390826
194.375		0.390826
194.5		0.390826
194.625		0.390826
194.75		0.390826
194.875		0.390826
195		0.390826
195.125		0.395962
195.25		0.395962
195.375		0.395962
195.5		0.395962
195.625		0.395962
195.75		0.395962
195.875		0.395962
196		0.395962
196.125		0.396206
196.25		0.396206
196.375		0.396206
196.5		0.396206
196.625		0.396206
196.75		0.396206
196.875		0.396206
197		0.396206
197.125		0.399086
197.25		0.399086
197.375		0.399086
197.5		0.399086
197.625		0.399086
197.75		0.399086
197.875		0.399086
198		0.399086
198.125		0.400421
198.25		0.400421
198.375		0.400421
198.5		0.400421
198.625		0.400421
198.75		0.400421
198.875		0.400421
199		0.400421
199.125		0.400965
199.25		0.400965
199.375		0.400965
199.5		0.400965
199.625		0.400965
199.75		0.400965
199.875		0.400965
200		0.400965
200.125		0.405233
200.25		0.405233
200.375		0.405233
200.5		0.405233
200.625		0.405233
200.75		0.405233
200.875		0.405233
201		0.405233
201.125		0.407066
201.25		0.407066
201.375		0.407066
201.5		0.407066
201.625		0.407066
201.75		0.407066
201.875		0.407066
202		0.407066
202.125		0.412536
202.25		0.412536
202.375		0.412536
202.5		0.412536
202.625		0.412536
202.75		0.412536
202.875		0.412536
203		0.412536
203.125		0.413085
203.25		0.413085
203.375		0.413085
203.5		0.413085
203.625		0.413085
203.75		0.413085
203.875		0.413085
204		0.413085
204.125		0.414324
204.25		0.414324
204.375		0.414324
204.5		0.414324
204.625		0.414324
204.75		0.414324
204.875		0.414324
205		0.414324
205.125		0.414873
205.25		0.414873
205.375		0.414873
205.5		0.414873
205.625		0.414873
205.75		0.414873
205.875		0.414873
206		0.414873
206.125		0.420703
206.25		0.420703
206.375		0.420703
206.5		0.420703
206.625		0.420703
206.75		0.420703
206.875		0.420703
207		0.420703
207.125		0.421688
207.25		0.421688
207.375		0.421688
207.5		0.421688
207.625		0.421688
207.75		0.421688
207.875		0.421688
208		0.421688
208.125		0.422488
208.25		0.422488
208.375		0.422488
208.5		0.422488
208.625		0.422488
208.75		0.422488
208.875		0.422488
209		0.422488
209.125		0.424274
209.25		0.424274
209.375		0.424274
209.5		0.424274
209.625		0.424274
209.75		0.424274
209.875		0.424274
210		0.424274
210.125		0.428376
210.25		0.428376
210.375		0.428376
210.5		0.428376
210.625		0.428376
210.75		0.428376
210.875		0.428376
211		0.428376
211.125		0.430127
211.25		0.430127
211.375		0.430127
211.5		0.430127
211.625		0.430127
211.75		0.430127
211.875		0.430127
212		0.430127
212.125		0.433082
212.25		0.433082
212.375		0.433082
212.5		0.433082
212.625		0.433082
212.75		0.433082
212.875		0.433082
213		0.433082
213.125		0.433332
213.25		0.433332
213.375		0.433332
213.5		0.433332
213.625		0.433332
213.75		0.433332
213.875		0.433332
214		0.433332
214.125		0.436589
214.25		0.436589
214.375		0.436589
214.5		0.436589
214.625		0.436589
214.75		0.436589
214.875		0.436589
215		0.436589
215.125		0.439902
215.25		0.439902
215.375		0.439902
215.5		0.439902
215.625		0.439902
215.75		0.439902
215.875		0.439902
216		0.439902
216.125		0.442216
216.25		0.442216
216.375		0.442216
216.5		0.442216
216.625		0.442216
216.75		0.442216
216.875		0.442216
217		0.442216
217.125		0.443132
217.25		0.443132
217.375		0.443132
217.5		0.443132
217.625		0.443132
217.75		0.443132
217.875		0.443132
218		0.443132
218.125		0.444993
218.25		0.444993
218.375		0.444993
218.5		0.444993
218.625		0.444993
218.75		0.444993
218.875		0.444993
219		0.444993
219.125		0.448294
219.25		0.448294
219.375		0.448294
219.5		0.448294
219.625		0.448294
219.75		0.448294
219.875		0.448294
220		0.448294
220.125		0.45179
220.25		0.45179
220.375		0.45179
220.5		0.45179
220.625		0.45179
220.75		0.45179
220.875		0.45179
221		0.45179
221.125		0.452422
221.25		0.452422
221.375		0.452422
221.5		0.452422
221.625		0.452422
221.75		0.452422
221.875		0.452422
222		0.452422
222.125		0.454555
222.25		0.454555
222.375		0.454555
222.5		0.454555
222.625		0.454555
222.75		0.454555
222.875		0.454555
223		0.454555
223.125		0.45603
223.25		0.45603
223.375		0.45603
223.5		0.45603
223.625		0.45603
223.75		0.45603
223.875		0.45603
224		0.45603
224.125		0.458648
224.25		0.458648
224.375		0.458648
224.5		0.458648
224.625		0.458648
224.75		0.458648
224.875		0.458648
225		0.458648
225.125		0.462205
225.25		0.462205
225.375		0.462205
225.5		0.462205
225.625		0.462205
225.75		0.462205
225.875		0.462205
226		0.462205
226.125		0.462339
226.25		0.462339
226.375		0.462339
226.5		0.462339
226.625		0.462339
226.75		0.462339
226.875		0.462339
227		0.462339
227.125		0.463781
227.25		0.463781
227.375		0.463781
227.5		0.463781
227.625		0.463781
227.75		0.463781
227.875		0.463781
228		0.463781
228.125		0.467426
228.25		0.467426
228.375		0.467426
228.5		0.467426
228.625		0.467426
228.75		0.467426
228.875		0.467426
229		0.467426
229.125		0.467698
229.25		0.467698
229.375		0.467698
229.5		0.467698
229.625		0.467698
229.75		0.467698
229.875		0.467698
230		0.467698
230.125		0.471923
230.25		0.471923
230.375		0.471923
230.5		0.471923
230.625		0.471923
230.75		0.471923
230.875		0.471923
231		0.471923
231.125		0.472708
231.25		0.472708
231.375		0.472708
231.5		0.472708
231.625		0.472708
231.75		0.472708
231.875		0.472708
232		0.472708
232.125		0.47676
232.25		0.47676
232.375		0.47676
232.5		0.47676
232.625		0.47676
232.75		0.47676
232.875		0.47676
233		0.47676
233.125		0.479466
233.25		0.479466
233.375		0.479466
233.5		0.479466
233.625		0.479466
233.75		0.479466
233.875		0.479466
234		0.479466
234.125		0.479795
234.25		0.479795
234.375		0.479795
234.5		0.479795
234.625		0.479795
234.75		0.479795
234.875		0.479795
235		0.479795
235.125		0.480208
235.25		0.480208
235.375		0.480208
235.5		0.480208
235.625		0.480208
235.75		0.480208
235.875		0.480208
236		0.480208
236.125		0.485882
236.25		0.485882
236.375		0.485882
236.5		0.485882
236.625		0.485882
236.75		0.485882
236.875		0.485882
237		0.485882
237.125		0.489483
237.25		0.489483
237.375		0.489483
237.5		0.489483
237.625		0.489483
237.75		0.489483
237.875		0.489483
238		0.489483
238.125		0.489703
238.25		0.489703
238.375		0.489703
238.5		0.489703
238.625		0.489703
238.75		0.489703
238.875		0.489703
239		0.489703
239.125		0.48992
239.25		0.48992
239.375		0.48992
239.5		0.48992
239.625		0.48992
239.75		0.48992
239.875		0.48992
240		0.48992
240.125		0.494493
240.25		0.494493
240.375		0.494493
240.5		0.494493
240.625		0.494493
240.75		0.494493
240.875		0.494493
241		0.494493
241.125		0.49652
241.25		0.49652
241.375		0.49652
241.5		0.49652
241.625		0.49652
241.75		0.49652
241.875		0.49652
242		0.49652
242.125		0.500114
242.25		0.500114
242.375		0.500114
242.5		0.500114
242.625		0.500114
242.75		0.500114
242.875		0.500114
243		0.500114
243.125		0.501357
243.25		0.501357
243.375		0.501357
243.5		0.501357
243.625		0.501357
243.75		0.501357
243.875		0.501357
244		0.501357
244.125		0.503768
244.25		0.503768
244.375		0.503768
244.5		0.503768
244.625		0.503768
244.75		0.503768
244.875		0.503768
245		0.503768
245.125		0.505284
245.25		0.505284
245.375		0.505284
245.5		0.505284
245.625		0.505284
245.75		0.505284
245.875		0.505284
246		0.505284
246.125		0.508642
246.25		0.508642
246.375		0.508642
246.5		0.508642
246.625		0.508642
246.75		0.508642
246.875		0.508642
247		0.508642
247.125		0.512339
247.25		0.512339
247.375		0.512339
247.5		0.512339
247.625		0.512339
247.75		0.512339
247.875		0.512339
248		0.512339
248.125		0.51277
248.25		0.51277
248.375		0.51277
248.5		0.51277
248.625		0.51277
248.75		0.51277
248.875		0.51277
249		0.51277
249.125		0.51524
249.25		0.51524
249.375		0.51524
249.5		0.51524
249.625		0.51524
249.75		0.51524
249.875		0.51524
250		0.51524
250.125		0.518886
250.25		0.518886
250.375		0.518886
250.5		0.518886
250.625		0.518886
250.75		0.518886
250.875		0.518886
251		0.518886
251.125		0.519782
251.25		0.519782
251.375		0.519782
251.5		0.519782
251.625		0.519782
251.75		0.519782
251.875		0.519782
252		0.519782
252.125		0.520916
252.25		0.520916
252.375		0.520916
252.5		0.520916
252.625		0.520916
252.75		0.520916
252.875		0.520916
253		0.520916
253.125		0.522508
253.25		0.522508
253.375		0.522508
253.5		0.522508
253.625		0.522508
253.75		0.522508
253.875		0.522508
254		0.522508
254.125		0.527108
254.25		0.527108
254.375		0.527108
254.5		0.527108
254.625		0.527108
254.75		0.527108
254.875		0.527108
255		0.527108
255.125		0.528623
255.25		0.528623
255.375		0.528623
255.5		0.528623
255.625		0.528623
255.75		0.528623
255.875		0.528623
256		0.528623
256.125		0.530829
256.25		0.530829
256.375		0.530829
256.5		0.530829
256.625		0.530829
256.75		0.530829
256.875		0.530829
257		0.530829
257.125		0.531256
257.25		0.531256
257.375		0.531256
257.5		0.531256
257.625		0.531256
257.75		0.531256
257.875		0.531256
258		0.531256
258.125		0.534041
258.25		0.534041
258.375		0.534041
258.5		0.534041
258.625		0.534041
258.75		0.534041
258.875		0.534041
259		0.534041
259.125		0.537896
259.25		0.537896
259.375		0.537896
259.5		0.537896
259.625		0.537896
259.75		0.537896
259.875		0.537896
260		0.537896
260.125		0.539028
260.25		0.539028
260.375		0.539028
260.5		0.539028
260.625		0.539028
260.75		0.539028
260.875		0.539028
261		0.539028
261.125		0.539383
261.25		0.539383
261.375		0.539383
261.5		0.539383
261.625		0.539383
261.75		0.539383
261.875		0.539383
262		0.539383
262.125		0.542882
262.25		0.542882
262.375		0.542882
262.5		0.542882
262.625		0.542882
262.75		0.542882
262.875		0.542882
263		0.542882
263.125		0.544316
263.25		0.544316
263.375		0.544316
263.5		0.544316
263.625		0.544316
263.75		0.544316
263.875		0.544316
264		0.544316
264.125		0.546359
264.25		0.546359
264.375		0.546359
264.5		0.546359
264.625		0.546359
264.75		0.546359
264.875		0.546359
265		0.546359
265.125		0.547223
265.25		0.547223
265.375		0.547223
265.5		0.547223
265.625		0.547223
265.75		0.547223
265.875		0.547223
266		0.547223
266.125		0.549199
266.25		0.549199
266.375		0.549199
266.5		0.549199
266.625		0.549199
266.75		0.549199
266.875		0.549199
267		0.549199
267.125		0.552222
267.25		0.552222
267.375		0.552222
267.5		0.552222
267.625		0.552222
267.75		0.552222
267.875		0.552222
268		0.552222
268.125		0.555188
268.25		0.555188
268.375		0.555188
268.5		0.555188
268.625		0.555188
268.75		0.555188
268.875		0.555188
269		0.555188
269.125		0.558203
269.25		0.558203
269.375		0.558203
269.5		0.558203
269.625		0.558203
269.75		0.558203
269.875		0.558203
270		0.558203
270.125		0.559188
270.25		0.559188
270.375		0.559188
270.5		0.559188
270.625		0.559188
270.75		0.559188
270.875		0.559188
271		0.559188
271.125		0.561282
271.25		0.561282
271.375		0.561282
271.5		0.561282
271.625		0.561282
271.75		0.561282
271.875		0.561282
272		0.561282
272.125		0.563596
272.25		0.563596
272.375		0.563596
272.5		0.563596
272.625		0.563596
272.75		0.563596
272.875		0.563596
273		0.563596
273.125		0.565806
273.25		0.565806
273.375		0.565806
273.5		0.565806
273.625		0.565806
273.75		0.565806
273.875		0.565806
274		0.565806
274.125		0.566814
274.25		0.566814
274.375		0.566814
274.5		0.566814
274.625		0.566814
274.75		0.566814
274.875		0.566814
275		0.566814
275.125		0.567675
275.25		0.567675
275.375		0.567675
275.5		0.567675
275.625		0.567675
275.75		0.567675
275.875		0.567675
276		0.567675
276.125		0.572738
276.25		0.572738
276.375		0.572738
276.5		0.572738
276.625		0.572738
276.75		0.572738
276.875		0.572738
277		0.572738
277.125		0.57303
277.25		0.57303
277.375		0.57303
277.5		0.57303
277.625		0.57303
277.75		0.57303
277.875		0.57303
278		0.57303
278.125		0.575196
278.25		0.575196
278.375		0.575196
278.5		0.575196
278.625		0.575196
278.75		0.575196
278.875		0.575196
279		0.575196
279.125		0.575478
279.25		0.575478
279.375		0.575478
279.5		0.575478
279.625		0.575478
279.75		0.575478
279.875		0.575478
280		0.575478
280.125		0.583624
280.25		0.583624
280.375		0.583624
280.5		0.583624
280.625		0.583624
280.75		0.583624
280.875		0.583624
281		0.583624
281.125		0.584368
281.25		0.584368
281.375		0.584368
281.5		0.584368
281.625		0.584368
281.75		0.584368
281.875		0.584368
282		0.584368
282.125		0.585377
282.25		0.585377
282.375		0.585377
282.5		0.585377
282.625		0.585377
282.75		0.585377
282.875		0.585377
283		0.585377
283.125		0.589757
283.25		0.589757
283.375		0.589757
283.5		0.589757
283.625		0.589757
283.75		0.589757
283.875		0.589757
284		0.589757
284.125		0.590578
284.25		0.590578
284.375		0.590578
284.5		0.590578
284.625		0.590578
284.75		0.590578
284.875		0.590578
285		0.590578
285.125		0.594578
285.25		0.594578
285.375		0.594578
285.5		0.594578
285.625		0.594578
285.75		0.594578
285.875		0.594578
286		0.594578
286.125		0.595354
286.25		0.595354
286.375		0.595354
286.5		0.595354
286.625		0.595354
286.75		0.595354
286.875		0.595354
287		0.595354
287.125		0.6016
287.25		0.6016
287.375		0.6016
287.5		0.6016
287.625		0.6016
287.75		0.6016
287.875		0.6016
288		0.6016
288.125		0.602299
288.25		0.602299
288.375		0.602299
288.5		0.602299
288.625		0.602299
288.75		0.602299
288.875		0.602299
289		0.602299
289.125		0.602762
289.25		0.602762
289.375		0.602762
289.5		0.602762
289.625		0.602762
289.75		0.602762
289.875		0.602762
290		0.602762
290.125		0.603028
290.25		0.603028
290.375		0.603028
290.5		0.603028
290.625		0.603028
290.75		0.603028
290.875		0.603028
291		0.603028
291.125		0.603646
291.25		0.603646
291.375		0.603646
291.5		0.603646
291.625		0.603646
291.75		0.603646
291.875		0.603646
292		0.603646
292.125		0.608759
292.25		0.608759
292.375		0.608759
292.5		0.608759
292.625		0.608759
292.75		0.608759
292.875		0.608759
293		0.608759
293.125		0.609846
293.25		0.609846
293.375		0.609846
293.5		0.609846
293.625		0.609846
293.75		0.609846
293.875		0.609846
294		0.609846
294.125		0.612007
294.25		0.612007
294.375		0.612007
294.5		0.612007
294.625		0.612007
294.75		0.612007
294.875		0.612007
295		0.612007
295.125		0.614264
295.25		0.614264
295.375		0.614264
295.5		0.614264
295.625		0.614264
295.75		0.614264
295.875		0.614264
296		0.614264
296.125		0.617598
296.25		0.617598
296.375		0.617598
296.5		0.617598
296.625		0.617598
296.75		0.617598
296.875		0.617598
297		0.617598
297.125		0.618719
297.25		0.618719
297.375		0.618719
297.5		0.618719
297.625		0.618719
297.75		0.618719
297.875		0.618719
298		0.618719
298.125		0.619747
298.25		0.619747
298.375		0.619747
298.5		0.619747
298.625		0.619747
298.75		0.619747
298.875		0.619747
299		0.619747
299.125		0.622677
299.25		0.622677
299.375		0.622677
299.5		0.622677
299.625		0.622677
299.75		0.622677
299.875		0.622677
300		0.622677
300.125		0.627398
300.25		0.627398
300.375		0.627398
300.5		0.627398
300.625		0.627398
300.75		0.627398
300.875		0.627398
301		0.627398
301.125		0.628222
301.25		0.628222
301.375		0.628222
301.5		0.628222
301.625		0.628222
301.75		0.628222
301.875		0.628222
302		0.628222
302.125		0.630542
302.25		0.630542
302.375		0.630542
302.5		0.630542
302.625		0.630542
302.75		0.630542
302.875		0.630542
303		0.630542
303.125		0.632326
303.25		0.632326
303.375		0.632326
303.5		0.632326
303.625		0.632326
303.75		0.632326
303.875		0.632326
304		0.632326
304.125		0.638262
304.25		0.638262
304.375		0.638262
304.5		0.638262
304.625		0.638262
304.75		0.638262
304.875		0.638262
305		0.638262
305.125		0.640374
305.25		0.640374
305.375		0.640374
305.5		0.640374
305.625		0.640374
305.75		0.640374
305.875		0.640374
306		0.640374
306.125		0.642184
306.25		0.642184
306.375		0.642184
306.5		0.642184
306.625		0.642184
306.75		0.642184
306.875		0.642184
307		0.642184
307.125		0.646932
307.25		0.646932
307.375		0.646932
307.5		0.646932
307.625		0.646932
307.75		0.646932
307.875		0.646932
308		0.646932
308.125		0.648563
308.25		0.648563
308.375		0.648563
308.5		0.648563
308.625		0.648563
308.75		0.648563
308.875		0.648563
309		0.648563
309.125		0.653485
309.25		0.653485
309.375		0.653485
309.5		0.653485
309.625		0.653485
309.75		0.653485
309.875		0.653485
310		0.653485
310.125		0.654942
310.25		0.654942
310.375		0.654942
310.5		0.654942
310.625		0.654942
310.75		0.654942
310.875		0.654942
311		0.654942
311.125		0.655673
311.25		0.655673
311.375		0.655673
311.5		0.655673
311.625		0.655673
311.75		0.655673
311.875		0.655673
312		0.655673
312.125		0.656656
312.25		0.656656
312.375		0.656656
312.5		0.656656
312.625		0.656656
312.75		0.656656
312.875		0.656656
313		0.656656
313.125		0.658812
313.25		0.658812
313.375		0.658812
313.5		0.658812
313.625		0.658812
313.75		0.658812
313.875		0.658812
314		0.658812
314.125		0.664358
314.25		0.664358
314.375		0.664358
314.5		0.664358
314.625		0.664358
314.75		0.664358
314.875		0.664358
315		0.664358
315.125		0.664965
315.25		0.664965
315.375		0.664965
315.5		0.664965
315.625		0.664965
315.75		0.664965
315.875		0.664965
316		0.664965
316.125		0.665702
316.25		0.665702
316.375		0.665702
316.5		0.665702
316.625		0.665702
316.75		0.665702
316.875		0.665702
317		0.665702
317.125		0.668091
317.25		0.668091
317.375		0.668091
317.5		0.668091
317.625		0.668091
317.75		0.668091
317.875		0.668091
318		0.668091
318.125		0.670263
318.25		0.670263
318.375		0.670263
318.5		0.670263
318.625		0.670263
318.75		0.670263
318.875		0.670263
319		0.670263
319.125		0.674135
319.25		0.674135
319.375		0.674135
319.5		0.674135
319.625		0.674135
319.75		0.674135
319.875		0.674135
320		0.674135
320.125		0.675143
320.25		0.675143
320.375		0.675143
320.5		0.675143
320.625		0.675143
320.75		0.675143
320.875		0.675143
321		0.675143
321.125		0.675872
321.25		0.675872
321.375		0.675872
321.5		0.675872
321.625		0.675872
321.75		0.675872
321.875		0.675872
322		0.675872
322.125		0.679411
322.25		0.679411
322.375		0.679411
322.5		0.679411
322.625		0.679411
322.75		0.679411
322.875		0.679411
323		0.679411
323.125		0.681003
323.25		0.681003
323.375		0.681003
323.5		0.681003
323.625		0.681003
323.75		0.681003
323.875		0.681003
324		0.681003
324.125		0.683404
324.25		0.683404
324.375		0.683404
324.5		0.683404
324.625		0.683404
324.75		0.683404
324.875		0.683404
325		0.683404
325.125		0.685064
325.25		0.685064
325.375		0.685064
325.5		0.685064
325.625		0.685064
325.75		0.685064
325.875		0.685064
326		0.685064
326.125		0.687439
326.25		0.687439
326.375		0.687439
326.5		0.687439
326.625		0.687439
326.75		0.687439
326.875		0.687439
327		0.687439
327.125		0.690484
327.25		0.690484
327.375		0.690484
327.5		0.690484
327.625		0.690484
327.75		0.690484
327.875		0.690484
328		0.690484
328.125		0.693482
328.25		0.693482
328.375		0.693482
328.5		0.693482
328.625		0.693482
328.75		0.693482
328.875		0.693482
329		0.693482
329.125		0.694632
329.25		0.694632
329.375		0.694632
329.5		0.694632
329.625		0.694632
329.75		0.694632
329.875		0.694632
330		0.694632
330.125		0.69616
330.25		0.69616
330.375		0.69616
330.5		0.69616
330.625		0.69616
330.75		0.69616
330.875		0.69616
331		0.69616
331.125		0.698656
331.25		0.698656
331.375		0.698656
331.5		0.698656
331.625		0.698656
331.75		0.698656
331.875		0.698656
332		0.698656
332.125		0.701084
332.25		0.701084
332.375		0.701084
332.5		0.701084
332.625		0.701084
332.75		0.701084
332.875		0.701084
333		0.701084
333.125		0.702061
333.25		0.702061
333.375		0.702061
333.5		0.702061
333.625		0.702061
333.75		0.702061
333.875		0.702061
334		0.702061
334.125		0.704927
334.25		0.704927
334.375		0.704927
334.5		0.704927
334.625		0.704927
334.75		0.704927
334.875		0.704927
335		0.704927
335.125		0.705567
335.25		0.705567
335.375		0.705567
335.5		0.705567
335.625		0.705567
335.75		0.705567
335.875		0.705567
336		0.705567
336.125		0.709638
336.25		0.709638
336.375		0.709638
336.5		0.709638
336.625		0.709638
336.75		0.709638
336.875		0.709638
337		0.709638
337.125		0.712086
337.25		0.712086
337.375		0.712086
337.5		0.712086
337.625		0.712086
337.75		0.712086
337.875		0.712086
338		0.712086
338.125		0.712594
338.25		0.712594
338.375		0.712594
338.5		0.712594
338.625		0.712594
338.75		0.712594
338.875		0.712594
339		0.712594
339.125		0.713898
339.25		0.713898
339.375		0.713898
339.5		0.713898
339.625		0.713898
339.75		0.713898
339.875		0.713898
340		0.713898
340.125		0.71945
340.25		0.71945
340.375		0.71945
340.5		0.71945
340.625		0.71945
340.75		0.71945
340.875		0.71945
341		0.71945
341.125		0.720297
341.25		0.720297
341.375		0.720297
341.5		0.720297
341.625		0.720297
341.75		0.720297
341.875		0.720297
342		0.720297
342.125		0.723804
342.25		0.723804
342.375		0.723804
342.5		0.723804
342.625		0.723804
342.75		0.723804
342.875		0.723804
343		0.723804
343.125		0.725831
343.25		0.725831
343.375		0.725831
343.5		0.725831
343.625		0.725831
343.75		0.725831
343.875		0.725831
344		0.725831
344.125		0.729638
344.25		0.729638
344.375		0.729638
344.5		0.729638
344.625		0.729638
344.75		0.729638
344.875		0.729638
345		0.729638
345.125		0.734893
345.25		0.734893
345.375		0.734893
345.5		0.734893
345.625		0.734893
345.75		0.734893
345.875		0.734893
346		0.734893
346.125		0.736071
346.25		0.736071
346.375		0.736071
346.5		0.736071
346.625		0.736071
346.75		0.736071
346.875		0.736071
347		0.736071
347.125		0.737942
347.25		0.737942
347.375		0.737942
347.5		0.737942
347.625		0.737942
347.75		0.737942
347.875		0.737942
348		0.737942
348.125		0.739283
348.25		0.739283
348.375		0.739283
348.5		0.739283
348.625		0.739283
348.75		0.739283
348.875		0.739283
349		0.739283
349.125		0.740829
349.25		0.740829
349.375		0.740829
349.5		0.740829
349.625		0.740829
349.75		0.740829
349.875		0.740829
350		0.740829
350.125		0.746316
350.25		0.746316
350.375		0.746316
350.5		0.746316
350.625		0.746316
350.75		0.746316
350.875		0.746316
351		0.746316
351.125		0.747866
351.25		0.747866
351.375		0.747866
351.5		0.747866
351.625		0.747866
351.75		0.747866
351.875		0.747866
352		0.747866
352.125		0.747866
352.25		0.747866
352.375		0.747866
352.5		0.747866
352.625		0.747866
352.75		0.747866
352.875		0.747866
353		0.747866
353.125		0.748721
353.25		0.748721
353.375		0.748721
353.5		0.748721
353.625		0.748721
353.75		0.748721
353.875		0.748721
354		0.748721
354.125		0.749075
354.25		0.749075
354.375		0.749075
354.5		0.749075
354.625		0.749075
354.75		0.749075
354.875		0.749075
355		0.749075
355.125		0.752908
355.25		0.752908
355.375		0.752908
355.5		0.752908
355.625		0.752908
355.75		0.752908
355.875		0.752908
356		0.752908
356.125		0.757684
356.25		0.757684
356.375		0.757684
356.5		0.757684
356.625		0.757684
356.75		0.757684
356.875		0.757684
357		0.757684
357.125		0.758108
357.25		0.758108
357.375		0.758108
357.5		0.758108
357.625		0.758108
357.75		0.758108
357.875		0.758108
358		0.758108
358.125		0.75925
358.25		0.75925
358.375		0.75925
358.5		0.75925
358.625		0.75925
358.75		0.75925
358.875		0.75925
359		0.75925
359.125		0.759961
359.25		0.759961
359.375		0.759961
359.5		0.759961
359.625		0.759961
359.75		0.759961
359.875		0.759961
360		0.759961
360.125		0.767073
360.25		0.767073
360.375		0.767073
360.5		0.767073
360.625		0.767073
360.75		0.767073
360.875		0.767073
361		0.767073
361.125		0.767376
361.25		0.767376
361.375		0.767376
361.5		0.767376
361.625		0.767376
361.75		0.767376
361.875		0.767376
362		0.767376
362.125		0.769023
362.25		0.769023
362.375		0.769023
362.5		0.769023
362.625		0.769023
362.75		0.769023
362.875		0.769023
363		0.769023
363.125		0.769962
363.25		0.769962
363.375		0.769962
363.5		0.769962
363.625		0.769962
363.75		0.769962
363.875		0.769962
364		0.769962
364.125		0.773773
364.25		0.773773
364.375		0.773773
364.5		0.773773
364.625		0.773773
364.75		0.773773
364.875		0.773773
365		0.773773
365.125		0.778711
365.25		0.778711
365.375		0.778711
365.5		0.778711
365.625		0.778711
365.75		0.778711
365.875		0.778711
366		0.778711
366.125		0.779107
366.25		0.779107
366.375		0.779107
366.5		0.779107
366.625		0.779107
366.75		0.779107
366.875		0.779107
367		0.779107
367.125		0.779664
367.25		0.779664
367.375		0.779664
367.5		0.779664
367.625		0.779664
367.75		0.779664
367.875		0.779664
368		0.779664
368.125		0.783564
368.25		0.783564
368.375		0.783564
368.5		0.783564
368.625		0.783564
368.75		0.783564
368.875		0.783564
369		0.783564
369.125		0.783826
369.25		0.783826
369.375		0.783826
369.5		0.783826
369.625		0.783826
369.75		0.783826
369.875		0.783826
370		0.783826
370.125		0.791345
370.25		0.791345
370.375		0.791345
370.5		0.791345
370.625		0.791345
370.75		0.791345
370.875		0.791345
371		0.791345
371.125		0.791688
371.25		0.791688
371.375		0.791688
371.5		0.791688
371.625		0.791688
371.75		0.791688
371.875		0.791688
372		0.791688
372.125		0.79413
372.25		0.79413
372.375		0.79413
372.5		0.79413
372.625		0.79413
372.75		0.79413
372.875		0.79413
373		0.79413
373.125		0.795968
373.25		0.795968
373.375		0.795968
373.5		0.795968
373.625		0.795968
373.75		0.795968
373.875		0.795968
374		0.795968
374.125		0.797711
374.25		0.797711
374.375		0.797711
374.5		0.797711
374.625		0.797711
374.75		0.797711
374.875		0.797711
375		0.797711
375.125		0.801925
375.25		0.801925
375.375		0.801925
375.5		0.801925
375.625		0.801925
375.75		0.801925
375.875		0.801925
376		0.801925
376.125		0.80651
376.25		0.80651
376.375		0.80651
376.5		0.80651
376.625		0.80651
376.75		0.80651
376.875		0.80651
377		0.80651
377.125		0.808143
377.25		0.808143
377.375		0.808143
377.5		0.808143
377.625		0.808143
377.75		0.808143
377.875		0.808143
378		0.808143
378.125		0.808959
378.25		0.808959
378.375		0.808959
378.5		0.808959
378.625		0.808959
378.75		0.808959
378.875		0.808959
379		0.808959
379.125		0.810085
379.25		0.810085
379.375		0.810085
379.5		0.810085
379.625		0.810085
379.75		0.810085
379.875		0.810085
380		0.810085
380.125		0.814989
380.25		0.814989
380.375		0.814989
380.5		0.814989
380.625		0.814989
380.75		0.814989
380.875		0.814989
381		0.814989
381.125		0.818426
381.25		0.818426
381.375		0.818426
381.5		0.818426
381.625		0.818426
381.75		0.818426
381.875		0.818426
382		0.818426
382.125		0.818952
382.25		0.818952
382.375		0.818952
382.5		0.818952
382.625		0.818952
382.75		0.818952
382.875		0.818952
383		0.818952
383.125		0.821686
383.25		0.821686
383.375		0.821686
383.5		0.821686
383.625		0.821686
383.75		0.821686
383.875		0.821686
384		0.821686
384.125		0.822168
384.25		0.822168
384.375		0.822168
384.5		0.822168
384.625		0.822168
384.75		0.822168
384.875		0.822168
385		0.822168
385.125		0.826239
385.25		0.826239
385.375		0.826239
385.5		0.826239
385.625		0.826239
385.75		0.826239
385.875		0.826239
386		0.826239
386.125		0.829014
386.25		0.829014
386.375		0.829014
386.5		0.829014
386.625		0.829014
386.75		0.829014
386.875		0.829014
387		0.829014
387.125		0.830436
387.25		0.830436
387.375		0.830436
387.5		0.830436
387.625		0.830436
387.75		0.830436
387.875		0.830436
388		0.830436
388.125		0.833353
388.25		0.833353
388.375		0.833353
388.5		0.833353
388.625		0.833353
388.75		0.833353
388.875		0.833353
389		0.833353
389.125		0.833912
389.25		0.833912
389.375		0.833912
389.5		0.833912
389.625		0.833912
389.75		0.833912
389.875		0.833912
390		0.833912
390.125		0.83689
390.25		0.83689
390.375		0.83689
390.5		0.83689
390.625		0.83689
390.75		0.83689
390.875		0.83689
391		0.83689
391.125		0.837203
391.25		0.837203
391.375		0.837203
391.5		0.837203
391.625		0.837203
391.75		0.837203
391.875		0.837203
392		0.837203
392.125		0.839912
392.25		0.839912
392.375		0.839912
392.5		0.839912
392.625		0.839912
392.75		0.839912
392.875		0.839912
393		0.839912
393.125		0.842945
393.25		0.842945
393.375		0.842945
393.5		0.842945
393.625		0.842945
393.75		0.842945
393.875		0.842945
394		0.842945
394.125		0.844833
394.25		0.844833
394.375		0.844833
394.5		0.844833
394.625		0.844833
394.75		0.844833
394.875		0.844833
395		0.844833
395.125		0.846305
395.25		0.846305
395.375		0.846305
395.5		0.846305
395.625		0.846305
395.75		0.846305
395.875		0.846305
396		0.846305
396.125		0.847053
396.25		0.847053
396.375		0.847053
396.5		0.847053
396.625		0.847053
396.75		0.847053
396.875		0.847053
397		0.847053
397.125		0.847662
397.25		0.847662
397.375		0.847662
397.5		0.847662
397.625		0.847662
397.75		0.847662
397.875		0.847662
398		0.847662
398.125		0.853422
398.25		0.853422
398.375		0.853422
398.5		0.853422
398.625		0.853422
398.75		0.853422
398.875		0.853422
399		0.853422
399.125		0.856129
399.25		0.856129
399.375		0.856129
399.5		0.856129
399.625		0.856129
399.75		0.856129
399.875		0.856129
400		0.856129
400.125		0.857712
400.25		0.857712
400.375		0.857712
400.5		0.857712
400.625		0.857712
400.75		0.857712
400.875		0.857712
401		0.857712
401.125		0.858311
401.25		0.858311
401.375		0.858311
401.5		0.858311
401.625		0.858311
401.75		0.858311
401.875		0.858311
402		0.858311
402.125		0.862445
402.25		0.862445
402.375		0.862445
402.5		0.862445
402.625		0.862445
402.75		0.862445
402.875		0.862445
403		0.862445
403.125		0.863705
403.25		0.863705
403.375		0.863705
403.5		0.863705
403.625		0.863705
403.75		0.863705
403.875		0.863705
404		0.863705
404.125		0.865068
404.25		0.865068
404.375		0.865068
404.5		0.865068
404.625		0.865068
404.75		0.865068
404.875		0.865068
405		0.865068
405.125		0.867239
405.25		0.867239
405.375		0.867239
405.5		0.867239
405.625		0.867239
405.75		0.867239
405.875		0.867239
406		0.867239
406.125		0.871469
406.25		0.871469
406.375		0.871469
406.5		0.871469
406.625		0.871469
406.75		0.871469
406.875		0.871469
407		0.871469
407.125		0.873033
407.25		0.873033
407.375		0.873033
407.5		0.873033
407.625		0.873033
407.75		0.873033
407.875		0.873033
408		0.873033
408.125		0.873293
408.25		0.873293
408.375		0.873293
408.5		0.873293
408.625		0.873293
408.75		0.873293
408.875		0.873293
409		0.873293
409.125		0.874441
409.25		0.874441
409.375		0.874441
409.5		0.874441
409.625		0.874441
409.75		0.874441
409.875		0.874441
410		0.874441
410.125		0.878205
410.25		0.878205
410.375		0.878205
410.5		0.878205
410.625		0.878205
410.75		0.878205
410.875		0.878205
411		0.878205
411.125		0.87849
411.25		0.87849
411.375		0.87849
411.5		0.87849
411.625		0.87849
411.75		0.87849
411.875		0.87849
412		0.87849
412.125		0.883525
412.25		0.883525
412.375		0.883525
412.5		0.883525
412.625		0.883525
412.75		0.883525
412.875		0.883525
413		0.883525
413.125		0.884675
413.25		0.884675
413.375		0.884675
413.5		0.884675
413.625		0.884675
413.75		0.884675
413.875		0.884675
414		0.884675
414.125		0.886138
414.25		0.886138
414.375		0.886138
414.5		0.886138
414.625		0.886138
414.75		0.886138
414.875		0.886138
415		0.886138
415.125		0.887907
415.25		0.887907
415.375		0.887907
415.5		0.887907
415.625		0.887907
415.75		0.887907
415.875		0.887907
416		0.887907
416.125		0.889707
416.25		0.889707
416.375		0.889707
416.5		0.889707
416.625		0.889707
416.75		0.889707
416.875		0.889707
417		0.889707
417.125		0.892775
417.25		0.892775
417.375		0.892775
417.5		0.892775
417.625		0.892775
417.75		0.892775
417.875		0.892775
418		0.892775
418.125		0.894845
418.25		0.894845
418.375		0.894845
418.5		0.894845
418.625		0.894845
418.75		0.894845
418.875		0.894845
419		0.894845
419.125		0.896959
419.25		0.896959
419.375		0.896959
419.5		0.896959
419.625		0.896959
419.75		0.896959
419.875		0.896959
420		0.896959
420.125		0.900228
420.25		0.900228
420.375		0.900228
420.5		0.900228
420.625		0.900228
420.75		0.900228
420.875		0.900228
421		0.900228
421.125		0.900482
421.25		0.900482
421.375		0.900482
421.5		0.900482
421.625		0.900482
421.75		0.900482
421.875		0.900482
422		0.900482
422.125		0.904539
422.25		0.904539
422.375		0.904539
422.5		0.904539
422.625		0.904539
422.75		0.904539
422.875		0.904539
423		0.904539
423.125		0.906497
423.25		0.906497
423.375		0.906497
423.5		0.906497
423.625		0.906497
423.75		0.906497
423.875		0.906497
424		0.906497
424.125		0.909587
424.25		0.909587
424.375		0.909587
424.5		0.909587
424.625		0.909587
424.75		0.909587
424.875		0.909587
425		0.909587
425.125		0.910066
425.25		0.910066
425.375		0.910066
425.5		0.910066
425.625		0.910066
425.75		0.910066
425.875		0.910066
426		0.910066
426.125		0.910558
426.25		0.910558
426.375		0.910558
426.5		0.910558
426.625		0.910558
426.75		0.910558
426.875		0.910558
427		0.910558
427.125		0.916989
427.25		0.916989
427.375		0.916989
427.5		0.916989
427.625		0.916989
427.75		0.916989
427.875		0.916989
428		0.916989
428.125		0.917871
428.25		0.917871
428.375		0.917871
428.5		0.917871
428.625		0.917871
428.75		0.917871
428.875		0.917871
429		0.917871
429.125		0.920331
429.25		0.920331
429.375		0.920331
429.5		0.920331
429.625		0.920331
429.75		0.920331
429.875		0.920331
430		0.920331
430.125		0.921749
430.25		0.921749
430.375		0.921749
430.5		0.921749
430.625		0.921749
430.75		0.921749
430.875		0.921749
431		0.921749
431.125		0.922017
431.25		0.922017
431.375		0.922017
431.5		0.922017
431.625		0.922017
431.75		0.922017
431.875		0.922017
432		0.922017
432.125		0.925903
432.25		0.925903
432.375		0.925903
432.5		0.925903
432.625		0.925903
432.75		0.925903
432.875		0.925903
433		0.925903
433.125		0.927841
433.25		0.927841
433.375		0.927841
433.5		0.927841
433.625		0.927841
433.75		0.927841
433.875		0.927841
434		0.927841
434.125		0.93023
434.25		0.93023
434.375		0.93023
434.5		0.93023
434.625		0.93023
434.75		0.93023
434.875		0.93023
435		0.93023
435.125		0.931949
435.25		0.931949
435.375		0.931949
435.5		0.931949
435.625		0.931949
435.75		0.931949
435.875		0.931949
436		0.931949
436.125		0.934797
436.25		0.934797
436.375		0.934797
436.5		0.934797
436.625		0.934797
436.75		0.934797
436.875		0.934797
437		0.934797
437.125		0.93603
437.25		0.93603
437.375		0.93603
437.5		0.93603
437.625		0.93603
437.75		0.93603
437.875		0.93603
438		0.93603
438.125		0.93835
438.25		0.93835
438.375		0.93835
438.5		0.93835
438.625		0.93835
438.75		0.93835
438.875		0.93835
439		0.93835
439.125		0.94109
439.25		0.94109
439.375		0.94109
439.5		0.94109
439.625		0.94109
439.75		0.94109
439.875		0.94109
440		0.94109
440.125		0.941267
440.25		0.941267
440.375		0.941267
440.5		0.941267
440.625		0.941267
440.75		0.941267
440.875		0.941267
441		0.941267
441.125		0.946205
441.25		0.946205
441.375		0.946205
441.5		0.946205
441.625		0.946205
441.75		0.946205
441.875		0.946205
442		0.946205
442.125		0.947443
442.25		0.947443
442.375		0.947443
442.5		0.947443
442.625		0.947443
442.75		0.947443
442.875		0.947443
443		0.947443
443.125		0.950508
443.25		0.950508
443.375		0.950508
443.5		0.950508
443.625		0.950508
443.75		0.950508
443.875		0.950508
444		0.950508
444.125		0.951402
444.25		0.951402
444.375		0.951402
444.5		0.951402
444.625		0.951402
444.75		0.951402
444.875		0.951402
445		0.951402
445.125		0.951961
445.25		0.951961
445.375		0.951961
445.5		0.951961
445.625		0.951961
445.75		0.951961
445.875		0.951961
446		0.951961
446.125		0.957415
446.25		0.957415
446.375		0.957415
446.5		0.957415
446.625		0.957415
446.75		0.957415
446.875		0.957415
447		0.957415
447.125		0.957919
447.25		0.957919
447.375		0.957919
447.5		0.957919
447.625		0.957919
447.75		0.957919
447.875		0.957919
448		0.957919
448.125		0.958439
448.25		0.958439
448.375		0.958439
448.5		0.958439
448.625		0.958439
448.75		0.958439
448.875		0.958439
449		0.958439
449.125		0.961616
449.25		0.961616
449.375		0.961616
449.5		0.961616
449.625		0.961616
449.75		0.961616
449.875		0.961616
450		0.961616
450.125		0.964003
450.25		0.964003
450.375		0.964003
450.5		0.964003
450.625		0.964003
450.75		0.964003
450.875		0.964003
451		0.964003
451.125		0.967456
451.25		0.967456
451.375		0.967456
451.5		0.967456
451.625		0.967456
451.75		0.967456
451.875		0.967456
452		0.967456
452.125		0.967861
452.25		0.967861
452.375		0.967861
452.5		0.967861
452.625		0.967861
452.75		0.967861
452.875		0.967861
453		0.967861
453.125		0.968949
453.25		0.968949
453.375		0.968949
453.5		0.968949
453.625		0.968949
453.75		0.968949
453.875		0.968949
454		0.968949
454.125		0.973939
454.25		0.973939
454.375		0.973939
454.5		0.973939
454.625		0.973939
454.75		0.973939
454.875		0.973939
455		0.973939
455.125		0.974451
455.25		0.974451
455.375		0.974451
455.5		0.974451
455.625		0.974451
455.75		0.974451
455.875		0.974451
456		0.974451
456.125		0.97477
456.25		0.97477
456.375		0.97477
456.5		0.97477
456.625		0.97477
456.75		0.97477
456.875		0.97477
457		0.97477
457.125		0.981512
457.25		0.981512
457.375		0.981512
457.5		0.981512
457.625		0.981512
457.75		0.981512
457.875		0.981512
458		0.981512
458.125		0.981898
458.25		0.981898
458.375		0.981898
458.5		0.981898
458.625		0.981898
458.75		0.981898
458.875		0.981898
459		0.981898
459.125		0.983913
459.25		0.983913
459.375		0.983913
459.5		0.983913
459.625		0.983913
459.75		0.983913
459.875		0.983913
460		0.983913
460.125		0.985613
460.25		0.985613
460.375		0.985613
460.5		0.985613
460.625		0.985613
460.75		0.985613
460.875		0.985613
461		0.985613
461.125		0.987206
461.25		0.987206
461.375		0.987206
461.5		0.987206
461.625		0.987206
461.75		0.987206
461.875		0.987206
462		0.987206
462.125		0.989042
462.25		0.989042
462.375		0.989042
462.5		0.989042
462.625		0.989042
462.75		0.989042
462.875		0.989042
463		0.989042
463.125		0.992774
463.25		0.992774
463.375		0.992774
463.5		0.992774
463.625		0.992774
463.75		0.992774
463.875		0.992774
464		0.992774
464.125		0.996498
464.25		0.996498
464.375		0.996498
464.5		0.996498
464.625		0.996498
464.75		0.996498
464.875		0.996498
465		0.996498
465.125		0.999624
465.25		0.999624
465.375		0.999624
465.5		0.999624
465.625		0.999624
465.75		0.999624
465.875		0.999624
466		0.999624
466.125		0.999866
466.25		0.999866
466.375		0.999866
466.5		0.999866
466.625		0.999866
466.75		0.999866
466.875		0.999866
467		0.999866
467.125		0.999902
467.25		0.999902
467.375		0.999902
467.5		0.999902
467.625		0.999902
467.75		0.999902
467.875		0.999902
468		0.999902
468.125		0.999992
468.25		0.999992
468.375		0.999992
468.5		0.999992
468.625		0.999992
468.75		0.999992
468.875		0.999992
469		0.999992
469.125		0.999998
469.25		0.999998
469.375		0.999998
469.5		0.999998
469.625		0.999998
469.75		0.999998
469.875		0.999998
470		0.999998
470.125		1
470.25		1
470.375		1
470.5		1
470.625		1
470.75		1
470.875		1
471		1
471.125		1
471.25		1
471.375		1
471.5		1
471.625		1
471.75		1
471.875		1
472		1
472.125		1
472.25		1
472.375		1
472.5		1
472.625		1
472.75		1
472.875		1
473		1
473.125		1
473.25		1
473.375		1
473.5		1
473.625		1
473.75		1
473.875		1
474		1
474.125		1
474.25		1
474.375		1
474.5		1
474.625		1
474.75		1
474.875		1
475		1
475.125		1
475.25		1
475.375		1
475.5		1
475.625		1
475.75		1
475.875		1
476		1
476.125		1
476.25		1
476.375		1
476.5		1
476.625		1
476.75		1
476.875		1
477		1
477.125		1
477.25		1
477.375		1
477.5		1
477.625		1
477.75		1
477.875		1
478		1
478.125		1
478.25		1
478.375		1
478.5		1
478.625		1
478.75		1
478.875		1
479		1
479.125		1
479.25		1
479.375		1
479.5		1
479.625		1
479.75		1
479.875		1
480		1
480.125		1
480.25		1
480.375		1
480.5		1
480.625		1
480.75		1
480.875		1
481		1
481.125		1
481.25		1
481.375		1
481.5		1
481.625		1
481.75		1
481.875		1
482		1
482.125		1
482.25		1
482.375		1
482.5		1
482.625		1
482.75		1
482.875		1
483		1
483.125		1
483.25		1
483.375		1
483.5		1
483.625		1
483.75		1
483.875		1
484		1
484.125		1
484.25		1
484.375		1
484.5		1
484.625		1
484.75		1
484.875		1
485		1
485.125		1
485.25		1
485.375		1
485.5		1
485.625		1
485.75		1
485.875		1
486		1
486.125		1
486.25		1
486.375		1
486.5		1
486.625		1
486.75		1
486.875		1
487		1
487.125		1
487.25		1
487.375		1
487.5		1
487.625		1
487.75		1
487.875		1
488		1
488.125		1
488.25		1
488.375		1
488.5		1
488.625		1
488.75		1
488.875		1
489		1
489.125		1
489.25		1
489.375		1
489.5		1
489.625		1
489.75		1
489.875		1
490		1
490.125		1
490.25		1
490.375		1
490.5		1
490.625		1
490.75		1
490.875		1
491		1
491.125		1
491.25		1
491.375		1
491.5		1
491.625		1
491.75		1
491.875		1
492		1
492.125		1
492.25		1
492.375		1
492.5		1
492.625		1
492.75		1
492.875		1
493		1
493.125		1
493.25		1
493.375		1
493.5		1
493.625		1
493.75		1
493.875		1
494		1
494.125		1
494.25		1
494.375		1
494.5		1
494.625		1
494.75		1
494.875		1
495		1
495.125		1
495.25		1
495.375		1
495.5		1
495.625		1
495.75		1
495.875		1
496		1
496.125		1
496.25		1
496.375		1
496.5		1
496.625		1
496.75		1
496.875		1
497		1
497.125		1
497.25		1
497.375		1
497.5		1
497.625		1
497.75		1
497.875		1
498		1
498.125		1
498.25		1
498.375		1
498.5		1
498.625		1
498.75		1
498.875		1
499		1
499.125		1
499.25		1
499.375		1
499.5		1
499.625		1
499.75		1
499.875		1
500		1
